filename,listnumber,assignmentid,hitid,workerid,origin,timestamp,partid,questionid,quid,description,exampletrue,examplefalse,run,completionurl,name,id,uuid,timestamp_datetime,time_taken,started_datetime,completed_datetime,duration_in_seconds,answer,relation,property,concept,f_name_full
qu70-s_qu3-batch1.csv-1,1,NOT AVAILABLE,NOT AVAILABLE,f2b79ec4-328b-4811-ad4e-e541da2cb058,PROLIFIC,11-Feb-2021 14:11:16,1173,46427,0e1bb1ee-ff03-4ee0-bb79-abf41e4545d9,I know that being hot is necessary for many things (a/an) problem does or is used for. ,I know that being sharp is necessary for many things (a/an) razor does or is used for. ,I know that being colorful is necessary for many things (a/an) dress does or is used for. ,5_scalar_heat-set_extension_full_range,https://app.prolific.co/submissions/complete?cc=135DD3C8,Agree or disagree (run5_scalar_heat-set_extension_full_range-experiment_scalar-batch1-70-70),409404,defd1a47-a8b8-4f06-8dd4-f57989e5870a,2021-02-11 14:11:16,538.269,2021-02-11 13:10:15.124000,2021-02-11 13:19:13.393000,2.0,false,affording_activity,hot,problem,../data/prolific_output/run5_scalar_heat-group_scalar_heat/qu70-s_qu3-batch1.csv
qu70-s_qu3-batch1.csv-1,1,NOT AVAILABLE,NOT AVAILABLE,011937c5-478d-4bcd-af78-a9232b3a0158,PROLIFIC,11-Feb-2021 15:43:09,1173,46427,0e1bb1ee-ff03-4ee0-bb79-abf41e4545d9,I know that being hot is necessary for many things (a/an) problem does or is used for. ,I know that being sharp is necessary for many things (a/an) razor does or is used for. ,I know that being colorful is necessary for many things (a/an) dress does or is used for. ,5_scalar_heat-set_extension_full_range,https://app.prolific.co/submissions/complete?cc=135DD3C8,Agree or disagree (run5_scalar_heat-set_extension_full_range-experiment_scalar-batch1-70-70),410672,1bc4717c-3457-40c7-9644-2a3877d57646,2021-02-11 15:43:09,1856.165,2021-02-11 14:14:37.373000,2021-02-11 14:45:33.538000,6.0,false,affording_activity,hot,problem,../data/prolific_output/run5_scalar_heat-group_scalar_heat/qu70-s_qu3-batch1.csv
qu70-s_qu3-batch1.csv-1,1,NOT AVAILABLE,NOT AVAILABLE,8713bc47-83eb-4eb4-a7fb-ac15b44a0c3a,PROLIFIC,11-Feb-2021 13:57:18,1173,46427,0e1bb1ee-ff03-4ee0-bb79-abf41e4545d9,I know that being hot is necessary for many things (a/an) problem does or is used for. ,I know that being sharp is necessary for many things (a/an) razor does or is used for. ,I know that being colorful is necessary for many things (a/an) dress does or is used for. ,5_scalar_heat-set_extension_full_range,https://app.prolific.co/submissions/complete?cc=135DD3C8,Agree or disagree (run5_scalar_heat-set_extension_full_range-experiment_scalar-batch1-70-70),409019,ddde6db8-25e4-4f87-911b-2713f7f61359,2021-02-11 13:57:18,627.838,2021-02-11 12:52:40.305000,2021-02-11 13:03:08.143000,2.0,false,affording_activity,hot,problem,../data/prolific_output/run5_scalar_heat-group_scalar_heat/qu70-s_qu3-batch1.csv
qu70-s_qu3-batch1.csv-1,1,NOT AVAILABLE,NOT AVAILABLE,44d44641-22cf-456b-99ee-e83419d5c276,PROLIFIC,11-Feb-2021 14:10:14,1173,46427,0e1bb1ee-ff03-4ee0-bb79-abf41e4545d9,I know that being hot is necessary for many things (a/an) problem does or is used for. ,I know that being sharp is necessary for many things (a/an) razor does or is used for. ,I know that being colorful is necessary for many things (a/an) dress does or is used for. ,5_scalar_heat-set_extension_full_range,https://app.prolific.co/submissions/complete?cc=135DD3C8,Agree or disagree (run5_scalar_heat-set_extension_full_range-experiment_scalar-batch1-70-70),409366,b99c9826-2d17-4166-ba5a-c4f6480ff7c7,2021-02-11 14:10:14,305.684,2021-02-11 13:05:35.161000,2021-02-11 13:10:40.845000,2.0,false,affording_activity,hot,problem,../data/prolific_output/run5_scalar_heat-group_scalar_heat/qu70-s_qu3-batch1.csv
qu70-s_qu3-batch1.csv-1,1,NOT AVAILABLE,NOT AVAILABLE,01eeb5d1-2a5f-45c4-ba39-ddbf24954839,PROLIFIC,11-Feb-2021 14:50:35,1173,46427,0e1bb1ee-ff03-4ee0-bb79-abf41e4545d9,I know that being hot is necessary for many things (a/an) problem does or is used for. ,I know that being sharp is necessary for many things (a/an) razor does or is used for. ,I know that being colorful is necessary for many things (a/an) dress does or is used for. ,5_scalar_heat-set_extension_full_range,https://app.prolific.co/submissions/complete?cc=135DD3C8,Agree or disagree (run5_scalar_heat-set_extension_full_range-experiment_scalar-batch1-70-70),410238,a6dc236a-db53-4c28-86ed-9689155bd831,2021-02-11 14:50:35,814.511,2021-02-11 13:43:15.871000,2021-02-11 13:56:50.382000,5.0,false,affording_activity,hot,problem,../data/prolific_output/run5_scalar_heat-group_scalar_heat/qu70-s_qu3-batch1.csv
qu70-s_qu3-batch1.csv-1,1,NOT AVAILABLE,NOT AVAILABLE,4d7f576e-160c-4416-8a0b-7548a4d8bb97,PROLIFIC,11-Feb-2021 14:15:29,1173,46427,0e1bb1ee-ff03-4ee0-bb79-abf41e4545d9,I know that being hot is necessary for many things (a/an) problem does or is used for. ,I know that being sharp is necessary for many things (a/an) razor does or is used for. ,I know that being colorful is necessary for many things (a/an) dress does or is used for. ,5_scalar_heat-set_extension_full_range,https://app.prolific.co/submissions/complete?cc=135DD3C8,Agree or disagree (run5_scalar_heat-set_extension_full_range-experiment_scalar-batch1-70-70),409560,503c2757-753e-4377-88d0-5a7fe64b8e04,2021-02-11 14:15:29,419.382,2021-02-11 13:13:40.482000,2021-02-11 13:20:39.864000,5.0,false,affording_activity,hot,problem,../data/prolific_output/run5_scalar_heat-group_scalar_heat/qu70-s_qu3-batch1.csv
qu70-s_qu3-batch1.csv-1,1,NOT AVAILABLE,NOT AVAILABLE,3c6e8c47-52b6-40dc-912b-32b6599fd0ce,PROLIFIC,11-Feb-2021 14:00:01,1173,46427,0e1bb1ee-ff03-4ee0-bb79-abf41e4545d9,I know that being hot is necessary for many things (a/an) problem does or is used for. ,I know that being sharp is necessary for many things (a/an) razor does or is used for. ,I know that being colorful is necessary for many things (a/an) dress does or is used for. ,5_scalar_heat-set_extension_full_range,https://app.prolific.co/submissions/complete?cc=135DD3C8,Agree or disagree (run5_scalar_heat-set_extension_full_range-experiment_scalar-batch1-70-70),409132,90919a10-a739-45d9-b397-47fb0670f026,2021-02-11 14:00:01,756.898,2021-02-11 12:49:10.608000,2021-02-11 13:01:47.506000,5.0,false,affording_activity,hot,problem,../data/prolific_output/run5_scalar_heat-group_scalar_heat/qu70-s_qu3-batch1.csv
qu70-s_qu3-batch1.csv-1,1,NOT AVAILABLE,NOT AVAILABLE,df22a112-e62a-4607-8c70-d22a89b1a7d6,PROLIFIC,11-Feb-2021 14:41:30,1173,46427,0e1bb1ee-ff03-4ee0-bb79-abf41e4545d9,I know that being hot is necessary for many things (a/an) problem does or is used for. ,I know that being sharp is necessary for many things (a/an) razor does or is used for. ,I know that being colorful is necessary for many things (a/an) dress does or is used for. ,5_scalar_heat-set_extension_full_range,https://app.prolific.co/submissions/complete?cc=135DD3C8,Agree or disagree (run5_scalar_heat-set_extension_full_range-experiment_scalar-batch1-70-70),410117,a13dfb4b-5ebe-4c4f-842a-3d6af7a2ca2c,2021-02-11 14:41:30,1418.922,2021-02-11 13:25:09.172000,2021-02-11 13:48:48.094000,4.0,false,affording_activity,hot,problem,../data/prolific_output/run5_scalar_heat-group_scalar_heat/qu70-s_qu3-batch1.csv
qu70-s_qu3-batch1.csv-1,1,NOT AVAILABLE,NOT AVAILABLE,ba2e5d60-1be5-4160-8883-d9dc1d2a590c,PROLIFIC,11-Feb-2021 14:59:22,1173,46427,0e1bb1ee-ff03-4ee0-bb79-abf41e4545d9,I know that being hot is necessary for many things (a/an) problem does or is used for. ,I know that being sharp is necessary for many things (a/an) razor does or is used for. ,I know that being colorful is necessary for many things (a/an) dress does or is used for. ,5_scalar_heat-set_extension_full_range,https://app.prolific.co/submissions/complete?cc=135DD3C8,Agree or disagree (run5_scalar_heat-set_extension_full_range-experiment_scalar-batch1-70-70),410427,52c797dc-4df3-46f4-94d1-3f53bf1db1e2,2021-02-11 14:59:22,506.867,2021-02-11 13:55:38.597000,2021-02-11 14:04:05.464000,6.0,false,affording_activity,hot,problem,../data/prolific_output/run5_scalar_heat-group_scalar_heat/qu70-s_qu3-batch1.csv
qu70-s_qu3-batch1.csv-1,1,NOT AVAILABLE,NOT AVAILABLE,f2b79ec4-328b-4811-ad4e-e541da2cb058,PROLIFIC,11-Feb-2021 14:17:57,1173,46428,6dc612fc-4ea7-4194-845d-5f420df1e1b7,I know that (a/an) problem is hot as most or all other things similar to (a/an) problem are hot. ,I know that (a/an) chocoloate_cake is sweet as most or all other things similar to (a/an) chocoloate_cake are sweet. ,I know that (a/an) table is transparent as most or all other things similar to (a/an) table are transparent. ,5_scalar_heat-set_extension_full_range,https://app.prolific.co/submissions/complete?cc=135DD3C8,Agree or disagree (run5_scalar_heat-set_extension_full_range-experiment_scalar-batch1-70-70),409678,4520bf58-4bf1-4312-93d0-2939da574cc1,2021-02-11 14:17:57,538.269,2021-02-11 13:10:15.124000,2021-02-11 13:19:13.393000,2.0,false,implied_category,hot,problem,../data/prolific_output/run5_scalar_heat-group_scalar_heat/qu70-s_qu3-batch1.csv
qu70-s_qu3-batch1.csv-1,1,NOT AVAILABLE,NOT AVAILABLE,011937c5-478d-4bcd-af78-a9232b3a0158,PROLIFIC,11-Feb-2021 15:42:18,1173,46428,6dc612fc-4ea7-4194-845d-5f420df1e1b7,I know that (a/an) problem is hot as most or all other things similar to (a/an) problem are hot. ,I know that (a/an) chocoloate_cake is sweet as most or all other things similar to (a/an) chocoloate_cake are sweet. ,I know that (a/an) table is transparent as most or all other things similar to (a/an) table are transparent. ,5_scalar_heat-set_extension_full_range,https://app.prolific.co/submissions/complete?cc=135DD3C8,Agree or disagree (run5_scalar_heat-set_extension_full_range-experiment_scalar-batch1-70-70),410667,59705f61-504d-4432-b212-bc7f780bda49,2021-02-11 15:42:18,1856.165,2021-02-11 14:14:37.373000,2021-02-11 14:45:33.538000,2.0,false,implied_category,hot,problem,../data/prolific_output/run5_scalar_heat-group_scalar_heat/qu70-s_qu3-batch1.csv
qu70-s_qu3-batch1.csv-1,1,NOT AVAILABLE,NOT AVAILABLE,8713bc47-83eb-4eb4-a7fb-ac15b44a0c3a,PROLIFIC,11-Feb-2021 13:58:44,1173,46428,6dc612fc-4ea7-4194-845d-5f420df1e1b7,I know that (a/an) problem is hot as most or all other things similar to (a/an) problem are hot. ,I know that (a/an) chocoloate_cake is sweet as most or all other things similar to (a/an) chocoloate_cake are sweet. ,I know that (a/an) table is transparent as most or all other things similar to (a/an) table are transparent. ,5_scalar_heat-set_extension_full_range,https://app.prolific.co/submissions/complete?cc=135DD3C8,Agree or disagree (run5_scalar_heat-set_extension_full_range-experiment_scalar-batch1-70-70),409080,937a14e1-2489-46bf-887d-1aa669691c8c,2021-02-11 13:58:44,627.838,2021-02-11 12:52:40.305000,2021-02-11 13:03:08.143000,3.0,false,implied_category,hot,problem,../data/prolific_output/run5_scalar_heat-group_scalar_heat/qu70-s_qu3-batch1.csv
qu70-s_qu3-batch1.csv-1,1,NOT AVAILABLE,NOT AVAILABLE,44d44641-22cf-456b-99ee-e83419d5c276,PROLIFIC,11-Feb-2021 14:07:45,1173,46428,6dc612fc-4ea7-4194-845d-5f420df1e1b7,I know that (a/an) problem is hot as most or all other things similar to (a/an) problem are hot. ,I know that (a/an) chocoloate_cake is sweet as most or all other things similar to (a/an) chocoloate_cake are sweet. ,I know that (a/an) table is transparent as most or all other things similar to (a/an) table are transparent. ,5_scalar_heat-set_extension_full_range,https://app.prolific.co/submissions/complete?cc=135DD3C8,Agree or disagree (run5_scalar_heat-set_extension_full_range-experiment_scalar-batch1-70-70),409274,7bb77fc3-dfc8-4a5e-b95d-f160db76d556,2021-02-11 14:07:45,305.684,2021-02-11 13:05:35.161000,2021-02-11 13:10:40.845000,2.0,false,implied_category,hot,problem,../data/prolific_output/run5_scalar_heat-group_scalar_heat/qu70-s_qu3-batch1.csv
qu70-s_qu3-batch1.csv-1,1,NOT AVAILABLE,NOT AVAILABLE,01eeb5d1-2a5f-45c4-ba39-ddbf24954839,PROLIFIC,11-Feb-2021 14:56:22,1173,46428,6dc612fc-4ea7-4194-845d-5f420df1e1b7,I know that (a/an) problem is hot as most or all other things similar to (a/an) problem are hot. ,I know that (a/an) chocoloate_cake is sweet as most or all other things similar to (a/an) chocoloate_cake are sweet. ,I know that (a/an) table is transparent as most or all other things similar to (a/an) table are transparent. ,5_scalar_heat-set_extension_full_range,https://app.prolific.co/submissions/complete?cc=135DD3C8,Agree or disagree (run5_scalar_heat-set_extension_full_range-experiment_scalar-batch1-70-70),410379,cdf6919e-2688-4dfe-ae61-d9663fc179d3,2021-02-11 14:56:22,814.511,2021-02-11 13:43:15.871000,2021-02-11 13:56:50.382000,3.0,false,implied_category,hot,problem,../data/prolific_output/run5_scalar_heat-group_scalar_heat/qu70-s_qu3-batch1.csv
qu70-s_qu3-batch1.csv-1,1,NOT AVAILABLE,NOT AVAILABLE,4d7f576e-160c-4416-8a0b-7548a4d8bb97,PROLIFIC,11-Feb-2021 14:19:23,1173,46428,6dc612fc-4ea7-4194-845d-5f420df1e1b7,I know that (a/an) problem is hot as most or all other things similar to (a/an) problem are hot. ,I know that (a/an) chocoloate_cake is sweet as most or all other things similar to (a/an) chocoloate_cake are sweet. ,I know that (a/an) table is transparent as most or all other things similar to (a/an) table are transparent. ,5_scalar_heat-set_extension_full_range,https://app.prolific.co/submissions/complete?cc=135DD3C8,Agree or disagree (run5_scalar_heat-set_extension_full_range-experiment_scalar-batch1-70-70),409750,dd9ca799-fd9f-4103-bf06-62590acc5fa8,2021-02-11 14:19:23,419.382,2021-02-11 13:13:40.482000,2021-02-11 13:20:39.864000,7.0,false,implied_category,hot,problem,../data/prolific_output/run5_scalar_heat-group_scalar_heat/qu70-s_qu3-batch1.csv
qu70-s_qu3-batch1.csv-1,1,NOT AVAILABLE,NOT AVAILABLE,3c6e8c47-52b6-40dc-912b-32b6599fd0ce,PROLIFIC,11-Feb-2021 13:56:58,1173,46428,6dc612fc-4ea7-4194-845d-5f420df1e1b7,I know that (a/an) problem is hot as most or all other things similar to (a/an) problem are hot. ,I know that (a/an) chocoloate_cake is sweet as most or all other things similar to (a/an) chocoloate_cake are sweet. ,I know that (a/an) table is transparent as most or all other things similar to (a/an) table are transparent. ,5_scalar_heat-set_extension_full_range,https://app.prolific.co/submissions/complete?cc=135DD3C8,Agree or disagree (run5_scalar_heat-set_extension_full_range-experiment_scalar-batch1-70-70),409002,bbb02787-7cf6-4108-ad08-f2a5b94d4a2c,2021-02-11 13:56:58,756.898,2021-02-11 12:49:10.608000,2021-02-11 13:01:47.506000,4.0,false,implied_category,hot,problem,../data/prolific_output/run5_scalar_heat-group_scalar_heat/qu70-s_qu3-batch1.csv
qu70-s_qu3-batch1.csv-1,1,NOT AVAILABLE,NOT AVAILABLE,df22a112-e62a-4607-8c70-d22a89b1a7d6,PROLIFIC,11-Feb-2021 14:47:06,1173,46428,6dc612fc-4ea7-4194-845d-5f420df1e1b7,I know that (a/an) problem is hot as most or all other things similar to (a/an) problem are hot. ,I know that (a/an) chocoloate_cake is sweet as most or all other things similar to (a/an) chocoloate_cake are sweet. ,I know that (a/an) table is transparent as most or all other things similar to (a/an) table are transparent. ,5_scalar_heat-set_extension_full_range,https://app.prolific.co/submissions/complete?cc=135DD3C8,Agree or disagree (run5_scalar_heat-set_extension_full_range-experiment_scalar-batch1-70-70),410174,051db41f-eb94-432f-8c10-09f498f27aec,2021-02-11 14:47:06,1418.922,2021-02-11 13:25:09.172000,2021-02-11 13:48:48.094000,4.0,false,implied_category,hot,problem,../data/prolific_output/run5_scalar_heat-group_scalar_heat/qu70-s_qu3-batch1.csv
qu70-s_qu3-batch1.csv-1,1,NOT AVAILABLE,NOT AVAILABLE,ba2e5d60-1be5-4160-8883-d9dc1d2a590c,PROLIFIC,11-Feb-2021 15:01:43,1173,46428,6dc612fc-4ea7-4194-845d-5f420df1e1b7,I know that (a/an) problem is hot as most or all other things similar to (a/an) problem are hot. ,I know that (a/an) chocoloate_cake is sweet as most or all other things similar to (a/an) chocoloate_cake are sweet. ,I know that (a/an) table is transparent as most or all other things similar to (a/an) table are transparent. ,5_scalar_heat-set_extension_full_range,https://app.prolific.co/submissions/complete?cc=135DD3C8,Agree or disagree (run5_scalar_heat-set_extension_full_range-experiment_scalar-batch1-70-70),410459,753c9490-1d84-4d3c-afc1-1207414629ec,2021-02-11 15:01:43,506.867,2021-02-11 13:55:38.597000,2021-02-11 14:04:05.464000,6.0,true,implied_category,hot,problem,../data/prolific_output/run5_scalar_heat-group_scalar_heat/qu70-s_qu3-batch1.csv
qu70-s_qu3-batch1.csv-1,1,NOT AVAILABLE,NOT AVAILABLE,f2b79ec4-328b-4811-ad4e-e541da2cb058,PROLIFIC,11-Feb-2021 14:15:55,1173,46429,9c2098e5-d508-4ec4-93a5-19bd1168dde7,You can find (a/an) problem which is hot. (A/an) problem is usually either hot or not hot. It cannot be a bit more or less hot.,You can find (a/an) pea which is frozen. (A/an) pea is usually either frozen or not frozen. It cannot be a bit more or less frozen.,You can find (a/an) soup which is salty. (A/an) soup is usually either salty or not salty. It cannot be a bit more or less salty.,5_scalar_heat-set_extension_full_range,https://app.prolific.co/submissions/complete?cc=135DD3C8,Agree or disagree (run5_scalar_heat-set_extension_full_range-experiment_scalar-batch1-70-70),409587,f0a46aa0-d819-4634-b4a1-ee4f5d56321e,2021-02-11 14:15:55,538.269,2021-02-11 13:10:15.124000,2021-02-11 13:19:13.393000,2.0,false,variability_limited,hot,problem,../data/prolific_output/run5_scalar_heat-group_scalar_heat/qu70-s_qu3-batch1.csv
qu70-s_qu3-batch1.csv-1,1,NOT AVAILABLE,NOT AVAILABLE,011937c5-478d-4bcd-af78-a9232b3a0158,PROLIFIC,11-Feb-2021 15:45:16,1173,46429,9c2098e5-d508-4ec4-93a5-19bd1168dde7,You can find (a/an) problem which is hot. (A/an) problem is usually either hot or not hot. It cannot be a bit more or less hot.,You can find (a/an) pea which is frozen. (A/an) pea is usually either frozen or not frozen. It cannot be a bit more or less frozen.,You can find (a/an) soup which is salty. (A/an) soup is usually either salty or not salty. It cannot be a bit more or less salty.,5_scalar_heat-set_extension_full_range,https://app.prolific.co/submissions/complete?cc=135DD3C8,Agree or disagree (run5_scalar_heat-set_extension_full_range-experiment_scalar-batch1-70-70),410702,d1275717-643d-4d50-81bb-6a596e336388,2021-02-11 15:45:16,1856.165,2021-02-11 14:14:37.373000,2021-02-11 14:45:33.538000,1.0,false,variability_limited,hot,problem,../data/prolific_output/run5_scalar_heat-group_scalar_heat/qu70-s_qu3-batch1.csv
qu70-s_qu3-batch1.csv-1,1,NOT AVAILABLE,NOT AVAILABLE,8713bc47-83eb-4eb4-a7fb-ac15b44a0c3a,PROLIFIC,11-Feb-2021 13:59:35,1173,46429,9c2098e5-d508-4ec4-93a5-19bd1168dde7,You can find (a/an) problem which is hot. (A/an) problem is usually either hot or not hot. It cannot be a bit more or less hot.,You can find (a/an) pea which is frozen. (A/an) pea is usually either frozen or not frozen. It cannot be a bit more or less frozen.,You can find (a/an) soup which is salty. (A/an) soup is usually either salty or not salty. It cannot be a bit more or less salty.,5_scalar_heat-set_extension_full_range,https://app.prolific.co/submissions/complete?cc=135DD3C8,Agree or disagree (run5_scalar_heat-set_extension_full_range-experiment_scalar-batch1-70-70),409115,60ec7bec-8ee0-4777-9dd7-39d45652a099,2021-02-11 13:59:35,627.838,2021-02-11 12:52:40.305000,2021-02-11 13:03:08.143000,2.0,false,variability_limited,hot,problem,../data/prolific_output/run5_scalar_heat-group_scalar_heat/qu70-s_qu3-batch1.csv
qu70-s_qu3-batch1.csv-1,1,NOT AVAILABLE,NOT AVAILABLE,44d44641-22cf-456b-99ee-e83419d5c276,PROLIFIC,11-Feb-2021 14:07:11,1173,46429,9c2098e5-d508-4ec4-93a5-19bd1168dde7,You can find (a/an) problem which is hot. (A/an) problem is usually either hot or not hot. It cannot be a bit more or less hot.,You can find (a/an) pea which is frozen. (A/an) pea is usually either frozen or not frozen. It cannot be a bit more or less frozen.,You can find (a/an) soup which is salty. (A/an) soup is usually either salty or not salty. It cannot be a bit more or less salty.,5_scalar_heat-set_extension_full_range,https://app.prolific.co/submissions/complete?cc=135DD3C8,Agree or disagree (run5_scalar_heat-set_extension_full_range-experiment_scalar-batch1-70-70),409259,7902ffc3-347a-48cd-940f-323cdc6fc4cf,2021-02-11 14:07:11,305.684,2021-02-11 13:05:35.161000,2021-02-11 13:10:40.845000,3.0,false,variability_limited,hot,problem,../data/prolific_output/run5_scalar_heat-group_scalar_heat/qu70-s_qu3-batch1.csv
qu70-s_qu3-batch1.csv-1,1,NOT AVAILABLE,NOT AVAILABLE,01eeb5d1-2a5f-45c4-ba39-ddbf24954839,PROLIFIC,11-Feb-2021 14:49:30,1173,46429,9c2098e5-d508-4ec4-93a5-19bd1168dde7,You can find (a/an) problem which is hot. (A/an) problem is usually either hot or not hot. It cannot be a bit more or less hot.,You can find (a/an) pea which is frozen. (A/an) pea is usually either frozen or not frozen. It cannot be a bit more or less frozen.,You can find (a/an) soup which is salty. (A/an) soup is usually either salty or not salty. It cannot be a bit more or less salty.,5_scalar_heat-set_extension_full_range,https://app.prolific.co/submissions/complete?cc=135DD3C8,Agree or disagree (run5_scalar_heat-set_extension_full_range-experiment_scalar-batch1-70-70),410226,60ee7e89-54ba-4452-a7a4-f020efa8da43,2021-02-11 14:49:30,814.511,2021-02-11 13:43:15.871000,2021-02-11 13:56:50.382000,2.0,false,variability_limited,hot,problem,../data/prolific_output/run5_scalar_heat-group_scalar_heat/qu70-s_qu3-batch1.csv
qu70-s_qu3-batch1.csv-1,1,NOT AVAILABLE,NOT AVAILABLE,4d7f576e-160c-4416-8a0b-7548a4d8bb97,PROLIFIC,11-Feb-2021 14:18:49,1173,46429,9c2098e5-d508-4ec4-93a5-19bd1168dde7,You can find (a/an) problem which is hot. (A/an) problem is usually either hot or not hot. It cannot be a bit more or less hot.,You can find (a/an) pea which is frozen. (A/an) pea is usually either frozen or not frozen. It cannot be a bit more or less frozen.,You can find (a/an) soup which is salty. (A/an) soup is usually either salty or not salty. It cannot be a bit more or less salty.,5_scalar_heat-set_extension_full_range,https://app.prolific.co/submissions/complete?cc=135DD3C8,Agree or disagree (run5_scalar_heat-set_extension_full_range-experiment_scalar-batch1-70-70),409729,720b1e11-8901-42bb-a425-1d82207faf29,2021-02-11 14:18:49,419.382,2021-02-11 13:13:40.482000,2021-02-11 13:20:39.864000,4.0,false,variability_limited,hot,problem,../data/prolific_output/run5_scalar_heat-group_scalar_heat/qu70-s_qu3-batch1.csv
qu70-s_qu3-batch1.csv-1,1,NOT AVAILABLE,NOT AVAILABLE,3c6e8c47-52b6-40dc-912b-32b6599fd0ce,PROLIFIC,11-Feb-2021 13:58:25,1173,46429,9c2098e5-d508-4ec4-93a5-19bd1168dde7,You can find (a/an) problem which is hot. (A/an) problem is usually either hot or not hot. It cannot be a bit more or less hot.,You can find (a/an) pea which is frozen. (A/an) pea is usually either frozen or not frozen. It cannot be a bit more or less frozen.,You can find (a/an) soup which is salty. (A/an) soup is usually either salty or not salty. It cannot be a bit more or less salty.,5_scalar_heat-set_extension_full_range,https://app.prolific.co/submissions/complete?cc=135DD3C8,Agree or disagree (run5_scalar_heat-set_extension_full_range-experiment_scalar-batch1-70-70),409067,c967eb10-36d5-485d-89a9-d8b041f328a7,2021-02-11 13:58:25,756.898,2021-02-11 12:49:10.608000,2021-02-11 13:01:47.506000,4.0,false,variability_limited,hot,problem,../data/prolific_output/run5_scalar_heat-group_scalar_heat/qu70-s_qu3-batch1.csv
qu70-s_qu3-batch1.csv-1,1,NOT AVAILABLE,NOT AVAILABLE,df22a112-e62a-4607-8c70-d22a89b1a7d6,PROLIFIC,11-Feb-2021 14:46:55,1173,46429,9c2098e5-d508-4ec4-93a5-19bd1168dde7,You can find (a/an) problem which is hot. (A/an) problem is usually either hot or not hot. It cannot be a bit more or less hot.,You can find (a/an) pea which is frozen. (A/an) pea is usually either frozen or not frozen. It cannot be a bit more or less frozen.,You can find (a/an) soup which is salty. (A/an) soup is usually either salty or not salty. It cannot be a bit more or less salty.,5_scalar_heat-set_extension_full_range,https://app.prolific.co/submissions/complete?cc=135DD3C8,Agree or disagree (run5_scalar_heat-set_extension_full_range-experiment_scalar-batch1-70-70),410168,86756c3d-6e78-4425-9090-4fda2ae81691,2021-02-11 14:46:55,1418.922,2021-02-11 13:25:09.172000,2021-02-11 13:48:48.094000,4.0,false,variability_limited,hot,problem,../data/prolific_output/run5_scalar_heat-group_scalar_heat/qu70-s_qu3-batch1.csv
qu70-s_qu3-batch1.csv-1,1,NOT AVAILABLE,NOT AVAILABLE,ba2e5d60-1be5-4160-8883-d9dc1d2a590c,PROLIFIC,11-Feb-2021 14:57:44,1173,46429,9c2098e5-d508-4ec4-93a5-19bd1168dde7,You can find (a/an) problem which is hot. (A/an) problem is usually either hot or not hot. It cannot be a bit more or less hot.,You can find (a/an) pea which is frozen. (A/an) pea is usually either frozen or not frozen. It cannot be a bit more or less frozen.,You can find (a/an) soup which is salty. (A/an) soup is usually either salty or not salty. It cannot be a bit more or less salty.,5_scalar_heat-set_extension_full_range,https://app.prolific.co/submissions/complete?cc=135DD3C8,Agree or disagree (run5_scalar_heat-set_extension_full_range-experiment_scalar-batch1-70-70),410406,b6e31ed4-d345-49de-b2f9-bcc274ac881b,2021-02-11 14:57:44,506.867,2021-02-11 13:55:38.597000,2021-02-11 14:04:05.464000,10.0,false,variability_limited,hot,problem,../data/prolific_output/run5_scalar_heat-group_scalar_heat/qu70-s_qu3-batch1.csv
qu70-s_qu3-batch1.csv-1,1,NOT AVAILABLE,NOT AVAILABLE,f2b79ec4-328b-4811-ad4e-e541da2cb058,PROLIFIC,11-Feb-2021 14:15:03,1173,46430,c67757cb-888f-42b9-b71f-39ff698b59a9,"You can find (a/an) problem which is hot. (A/an) problem is usually either hot, a bit more or less hot or the opposite of hot.","You can find (a/an) soup which is salty. (A/an) soup is usually either salty, a bit more or less salty or the opposite of salty.","You can find (a/an) strawberry which is salty. (A/an) strawberry is usually either salty, a bit more or less salty or the opposite of salty.",5_scalar_heat-set_extension_full_range,https://app.prolific.co/submissions/complete?cc=135DD3C8,Agree or disagree (run5_scalar_heat-set_extension_full_range-experiment_scalar-batch1-70-70),409532,2d5d2e86-1287-4373-a685-030330305c67,2021-02-11 14:15:03,538.269,2021-02-11 13:10:15.124000,2021-02-11 13:19:13.393000,7.0,false,variability_open,hot,problem,../data/prolific_output/run5_scalar_heat-group_scalar_heat/qu70-s_qu3-batch1.csv
qu70-s_qu3-batch1.csv-1,1,NOT AVAILABLE,NOT AVAILABLE,011937c5-478d-4bcd-af78-a9232b3a0158,PROLIFIC,11-Feb-2021 15:37:20,1173,46430,c67757cb-888f-42b9-b71f-39ff698b59a9,"You can find (a/an) problem which is hot. (A/an) problem is usually either hot, a bit more or less hot or the opposite of hot.","You can find (a/an) soup which is salty. (A/an) soup is usually either salty, a bit more or less salty or the opposite of salty.","You can find (a/an) strawberry which is salty. (A/an) strawberry is usually either salty, a bit more or less salty or the opposite of salty.",5_scalar_heat-set_extension_full_range,https://app.prolific.co/submissions/complete?cc=135DD3C8,Agree or disagree (run5_scalar_heat-set_extension_full_range-experiment_scalar-batch1-70-70),410651,36675f1a-0a67-4cc8-9631-4fb90e9e786d,2021-02-11 15:37:20,1856.165,2021-02-11 14:14:37.373000,2021-02-11 14:45:33.538000,1.0,false,variability_open,hot,problem,../data/prolific_output/run5_scalar_heat-group_scalar_heat/qu70-s_qu3-batch1.csv
qu70-s_qu3-batch1.csv-1,1,NOT AVAILABLE,NOT AVAILABLE,8713bc47-83eb-4eb4-a7fb-ac15b44a0c3a,PROLIFIC,11-Feb-2021 13:58:47,1173,46430,c67757cb-888f-42b9-b71f-39ff698b59a9,"You can find (a/an) problem which is hot. (A/an) problem is usually either hot, a bit more or less hot or the opposite of hot.","You can find (a/an) soup which is salty. (A/an) soup is usually either salty, a bit more or less salty or the opposite of salty.","You can find (a/an) strawberry which is salty. (A/an) strawberry is usually either salty, a bit more or less salty or the opposite of salty.",5_scalar_heat-set_extension_full_range,https://app.prolific.co/submissions/complete?cc=135DD3C8,Agree or disagree (run5_scalar_heat-set_extension_full_range-experiment_scalar-batch1-70-70),409083,d257f402-145e-425e-b3eb-4c40585ba154,2021-02-11 13:58:47,627.838,2021-02-11 12:52:40.305000,2021-02-11 13:03:08.143000,1.0,false,variability_open,hot,problem,../data/prolific_output/run5_scalar_heat-group_scalar_heat/qu70-s_qu3-batch1.csv
qu70-s_qu3-batch1.csv-1,1,NOT AVAILABLE,NOT AVAILABLE,44d44641-22cf-456b-99ee-e83419d5c276,PROLIFIC,11-Feb-2021 14:06:07,1173,46430,c67757cb-888f-42b9-b71f-39ff698b59a9,"You can find (a/an) problem which is hot. (A/an) problem is usually either hot, a bit more or less hot or the opposite of hot.","You can find (a/an) soup which is salty. (A/an) soup is usually either salty, a bit more or less salty or the opposite of salty.","You can find (a/an) strawberry which is salty. (A/an) strawberry is usually either salty, a bit more or less salty or the opposite of salty.",5_scalar_heat-set_extension_full_range,https://app.prolific.co/submissions/complete?cc=135DD3C8,Agree or disagree (run5_scalar_heat-set_extension_full_range-experiment_scalar-batch1-70-70),409225,44507f49-0f86-44d1-aa2e-ae5b716d760b,2021-02-11 14:06:07,305.684,2021-02-11 13:05:35.161000,2021-02-11 13:10:40.845000,5.0,false,variability_open,hot,problem,../data/prolific_output/run5_scalar_heat-group_scalar_heat/qu70-s_qu3-batch1.csv
qu70-s_qu3-batch1.csv-1,1,NOT AVAILABLE,NOT AVAILABLE,01eeb5d1-2a5f-45c4-ba39-ddbf24954839,PROLIFIC,11-Feb-2021 14:48:33,1173,46430,c67757cb-888f-42b9-b71f-39ff698b59a9,"You can find (a/an) problem which is hot. (A/an) problem is usually either hot, a bit more or less hot or the opposite of hot.","You can find (a/an) soup which is salty. (A/an) soup is usually either salty, a bit more or less salty or the opposite of salty.","You can find (a/an) strawberry which is salty. (A/an) strawberry is usually either salty, a bit more or less salty or the opposite of salty.",5_scalar_heat-set_extension_full_range,https://app.prolific.co/submissions/complete?cc=135DD3C8,Agree or disagree (run5_scalar_heat-set_extension_full_range-experiment_scalar-batch1-70-70),410204,0cfb492c-a84d-4e55-9e08-df40f01c7c4e,2021-02-11 14:48:33,814.511,2021-02-11 13:43:15.871000,2021-02-11 13:56:50.382000,41.0,false,variability_open,hot,problem,../data/prolific_output/run5_scalar_heat-group_scalar_heat/qu70-s_qu3-batch1.csv
qu70-s_qu3-batch1.csv-1,1,NOT AVAILABLE,NOT AVAILABLE,4d7f576e-160c-4416-8a0b-7548a4d8bb97,PROLIFIC,11-Feb-2021 14:15:11,1173,46430,c67757cb-888f-42b9-b71f-39ff698b59a9,"You can find (a/an) problem which is hot. (A/an) problem is usually either hot, a bit more or less hot or the opposite of hot.","You can find (a/an) soup which is salty. (A/an) soup is usually either salty, a bit more or less salty or the opposite of salty.","You can find (a/an) strawberry which is salty. (A/an) strawberry is usually either salty, a bit more or less salty or the opposite of salty.",5_scalar_heat-set_extension_full_range,https://app.prolific.co/submissions/complete?cc=135DD3C8,Agree or disagree (run5_scalar_heat-set_extension_full_range-experiment_scalar-batch1-70-70),409542,8ddd5fd0-41d3-4963-aeec-2cd1efceff18,2021-02-11 14:15:11,419.382,2021-02-11 13:13:40.482000,2021-02-11 13:20:39.864000,5.0,false,variability_open,hot,problem,../data/prolific_output/run5_scalar_heat-group_scalar_heat/qu70-s_qu3-batch1.csv
qu70-s_qu3-batch1.csv-1,1,NOT AVAILABLE,NOT AVAILABLE,3c6e8c47-52b6-40dc-912b-32b6599fd0ce,PROLIFIC,11-Feb-2021 13:57:29,1173,46430,c67757cb-888f-42b9-b71f-39ff698b59a9,"You can find (a/an) problem which is hot. (A/an) problem is usually either hot, a bit more or less hot or the opposite of hot.","You can find (a/an) soup which is salty. (A/an) soup is usually either salty, a bit more or less salty or the opposite of salty.","You can find (a/an) strawberry which is salty. (A/an) strawberry is usually either salty, a bit more or less salty or the opposite of salty.",5_scalar_heat-set_extension_full_range,https://app.prolific.co/submissions/complete?cc=135DD3C8,Agree or disagree (run5_scalar_heat-set_extension_full_range-experiment_scalar-batch1-70-70),409028,95a803b3-98bd-4d7f-892c-9d3abd38f7c6,2021-02-11 13:57:29,756.898,2021-02-11 12:49:10.608000,2021-02-11 13:01:47.506000,4.0,false,variability_open,hot,problem,../data/prolific_output/run5_scalar_heat-group_scalar_heat/qu70-s_qu3-batch1.csv
qu70-s_qu3-batch1.csv-1,1,NOT AVAILABLE,NOT AVAILABLE,df22a112-e62a-4607-8c70-d22a89b1a7d6,PROLIFIC,11-Feb-2021 14:47:12,1173,46430,c67757cb-888f-42b9-b71f-39ff698b59a9,"You can find (a/an) problem which is hot. (A/an) problem is usually either hot, a bit more or less hot or the opposite of hot.","You can find (a/an) soup which is salty. (A/an) soup is usually either salty, a bit more or less salty or the opposite of salty.","You can find (a/an) strawberry which is salty. (A/an) strawberry is usually either salty, a bit more or less salty or the opposite of salty.",5_scalar_heat-set_extension_full_range,https://app.prolific.co/submissions/complete?cc=135DD3C8,Agree or disagree (run5_scalar_heat-set_extension_full_range-experiment_scalar-batch1-70-70),410176,27d2599f-0435-43c0-9f9a-244b65c69f14,2021-02-11 14:47:12,1418.922,2021-02-11 13:25:09.172000,2021-02-11 13:48:48.094000,6.0,false,variability_open,hot,problem,../data/prolific_output/run5_scalar_heat-group_scalar_heat/qu70-s_qu3-batch1.csv
qu70-s_qu3-batch1.csv-1,1,NOT AVAILABLE,NOT AVAILABLE,ba2e5d60-1be5-4160-8883-d9dc1d2a590c,PROLIFIC,11-Feb-2021 15:02:40,1173,46430,c67757cb-888f-42b9-b71f-39ff698b59a9,"You can find (a/an) problem which is hot. (A/an) problem is usually either hot, a bit more or less hot or the opposite of hot.","You can find (a/an) soup which is salty. (A/an) soup is usually either salty, a bit more or less salty or the opposite of salty.","You can find (a/an) strawberry which is salty. (A/an) strawberry is usually either salty, a bit more or less salty or the opposite of salty.",5_scalar_heat-set_extension_full_range,https://app.prolific.co/submissions/complete?cc=135DD3C8,Agree or disagree (run5_scalar_heat-set_extension_full_range-experiment_scalar-batch1-70-70),410471,3537a4df-f1ac-4b2a-a240-6ee8be393409,2021-02-11 15:02:40,506.867,2021-02-11 13:55:38.597000,2021-02-11 14:04:05.464000,12.0,false,variability_open,hot,problem,../data/prolific_output/run5_scalar_heat-group_scalar_heat/qu70-s_qu3-batch1.csv
qu70-s_qu3-batch1.csv-1,1,NOT AVAILABLE,NOT AVAILABLE,f2b79ec4-328b-4811-ad4e-e541da2cb058,PROLIFIC,11-Feb-2021 14:18:45,1173,46431,6801a1e9-b3f3-4064-9fb4-21ad9ece8916,``Problem'' is one of the first things which come to mind when I hear ``hot' because (a/an) problem is a typical example of things which are hot'. ,``Feather'' is one of the first things which come to mind when I hear ``light' because (a/an) feather is a typical example of things which are light'. ,``Mug'' is one of the first things which come to mind when I hear ``bright' because (a/an) mug is a typical example of things which are bright'. ,5_scalar_heat-set_extension_full_range,https://app.prolific.co/submissions/complete?cc=135DD3C8,Agree or disagree (run5_scalar_heat-set_extension_full_range-experiment_scalar-batch1-70-70),409724,d2881335-3a53-482b-943a-ba4764eabbf6,2021-02-11 14:18:45,538.269,2021-02-11 13:10:15.124000,2021-02-11 13:19:13.393000,2.0,false,typical_of_property,hot,problem,../data/prolific_output/run5_scalar_heat-group_scalar_heat/qu70-s_qu3-batch1.csv
qu70-s_qu3-batch1.csv-1,1,NOT AVAILABLE,NOT AVAILABLE,011937c5-478d-4bcd-af78-a9232b3a0158,PROLIFIC,11-Feb-2021 15:41:50,1173,46431,6801a1e9-b3f3-4064-9fb4-21ad9ece8916,``Problem'' is one of the first things which come to mind when I hear ``hot' because (a/an) problem is a typical example of things which are hot'. ,``Feather'' is one of the first things which come to mind when I hear ``light' because (a/an) feather is a typical example of things which are light'. ,``Mug'' is one of the first things which come to mind when I hear ``bright' because (a/an) mug is a typical example of things which are bright'. ,5_scalar_heat-set_extension_full_range,https://app.prolific.co/submissions/complete?cc=135DD3C8,Agree or disagree (run5_scalar_heat-set_extension_full_range-experiment_scalar-batch1-70-70),410657,37c9901d-5818-4138-8389-b9ace60565c6,2021-02-11 15:41:50,1856.165,2021-02-11 14:14:37.373000,2021-02-11 14:45:33.538000,3.0,false,typical_of_property,hot,problem,../data/prolific_output/run5_scalar_heat-group_scalar_heat/qu70-s_qu3-batch1.csv
qu70-s_qu3-batch1.csv-1,1,NOT AVAILABLE,NOT AVAILABLE,8713bc47-83eb-4eb4-a7fb-ac15b44a0c3a,PROLIFIC,11-Feb-2021 13:57:09,1173,46431,6801a1e9-b3f3-4064-9fb4-21ad9ece8916,``Problem'' is one of the first things which come to mind when I hear ``hot' because (a/an) problem is a typical example of things which are hot'. ,``Feather'' is one of the first things which come to mind when I hear ``light' because (a/an) feather is a typical example of things which are light'. ,``Mug'' is one of the first things which come to mind when I hear ``bright' because (a/an) mug is a typical example of things which are bright'. ,5_scalar_heat-set_extension_full_range,https://app.prolific.co/submissions/complete?cc=135DD3C8,Agree or disagree (run5_scalar_heat-set_extension_full_range-experiment_scalar-batch1-70-70),409009,60419535-b8d5-49ed-abf8-da5bf8e5953c,2021-02-11 13:57:09,627.838,2021-02-11 12:52:40.305000,2021-02-11 13:03:08.143000,5.0,false,typical_of_property,hot,problem,../data/prolific_output/run5_scalar_heat-group_scalar_heat/qu70-s_qu3-batch1.csv
qu70-s_qu3-batch1.csv-1,1,NOT AVAILABLE,NOT AVAILABLE,44d44641-22cf-456b-99ee-e83419d5c276,PROLIFIC,11-Feb-2021 14:08:54,1173,46431,6801a1e9-b3f3-4064-9fb4-21ad9ece8916,``Problem'' is one of the first things which come to mind when I hear ``hot' because (a/an) problem is a typical example of things which are hot'. ,``Feather'' is one of the first things which come to mind when I hear ``light' because (a/an) feather is a typical example of things which are light'. ,``Mug'' is one of the first things which come to mind when I hear ``bright' because (a/an) mug is a typical example of things which are bright'. ,5_scalar_heat-set_extension_full_range,https://app.prolific.co/submissions/complete?cc=135DD3C8,Agree or disagree (run5_scalar_heat-set_extension_full_range-experiment_scalar-batch1-70-70),409307,beb7831c-18c9-45d3-84b1-f2a7b39e6b70,2021-02-11 14:08:54,305.684,2021-02-11 13:05:35.161000,2021-02-11 13:10:40.845000,2.0,false,typical_of_property,hot,problem,../data/prolific_output/run5_scalar_heat-group_scalar_heat/qu70-s_qu3-batch1.csv
qu70-s_qu3-batch1.csv-1,1,NOT AVAILABLE,NOT AVAILABLE,01eeb5d1-2a5f-45c4-ba39-ddbf24954839,PROLIFIC,11-Feb-2021 14:51:54,1173,46431,6801a1e9-b3f3-4064-9fb4-21ad9ece8916,``Problem'' is one of the first things which come to mind when I hear ``hot' because (a/an) problem is a typical example of things which are hot'. ,``Feather'' is one of the first things which come to mind when I hear ``light' because (a/an) feather is a typical example of things which are light'. ,``Mug'' is one of the first things which come to mind when I hear ``bright' because (a/an) mug is a typical example of things which are bright'. ,5_scalar_heat-set_extension_full_range,https://app.prolific.co/submissions/complete?cc=135DD3C8,Agree or disagree (run5_scalar_heat-set_extension_full_range-experiment_scalar-batch1-70-70),410246,9d8b6e20-ca64-41d5-be23-c39be3bd8aa3,2021-02-11 14:51:54,814.511,2021-02-11 13:43:15.871000,2021-02-11 13:56:50.382000,3.0,false,typical_of_property,hot,problem,../data/prolific_output/run5_scalar_heat-group_scalar_heat/qu70-s_qu3-batch1.csv
qu70-s_qu3-batch1.csv-1,1,NOT AVAILABLE,NOT AVAILABLE,4d7f576e-160c-4416-8a0b-7548a4d8bb97,PROLIFIC,11-Feb-2021 14:14:19,1173,46431,6801a1e9-b3f3-4064-9fb4-21ad9ece8916,``Problem'' is one of the first things which come to mind when I hear ``hot' because (a/an) problem is a typical example of things which are hot'. ,``Feather'' is one of the first things which come to mind when I hear ``light' because (a/an) feather is a typical example of things which are light'. ,``Mug'' is one of the first things which come to mind when I hear ``bright' because (a/an) mug is a typical example of things which are bright'. ,5_scalar_heat-set_extension_full_range,https://app.prolific.co/submissions/complete?cc=135DD3C8,Agree or disagree (run5_scalar_heat-set_extension_full_range-experiment_scalar-batch1-70-70),409505,160c991b-eace-48de-9a0c-0b68e78fe758,2021-02-11 14:14:19,419.382,2021-02-11 13:13:40.482000,2021-02-11 13:20:39.864000,3.0,false,typical_of_property,hot,problem,../data/prolific_output/run5_scalar_heat-group_scalar_heat/qu70-s_qu3-batch1.csv
qu70-s_qu3-batch1.csv-1,1,NOT AVAILABLE,NOT AVAILABLE,3c6e8c47-52b6-40dc-912b-32b6599fd0ce,PROLIFIC,11-Feb-2021 14:01:02,1173,46431,6801a1e9-b3f3-4064-9fb4-21ad9ece8916,``Problem'' is one of the first things which come to mind when I hear ``hot' because (a/an) problem is a typical example of things which are hot'. ,``Feather'' is one of the first things which come to mind when I hear ``light' because (a/an) feather is a typical example of things which are light'. ,``Mug'' is one of the first things which come to mind when I hear ``bright' because (a/an) mug is a typical example of things which are bright'. ,5_scalar_heat-set_extension_full_range,https://app.prolific.co/submissions/complete?cc=135DD3C8,Agree or disagree (run5_scalar_heat-set_extension_full_range-experiment_scalar-batch1-70-70),409151,5d1af19c-af41-450b-bc01-ea7a6002d8a1,2021-02-11 14:01:02,756.898,2021-02-11 12:49:10.608000,2021-02-11 13:01:47.506000,4.0,false,typical_of_property,hot,problem,../data/prolific_output/run5_scalar_heat-group_scalar_heat/qu70-s_qu3-batch1.csv
qu70-s_qu3-batch1.csv-1,1,NOT AVAILABLE,NOT AVAILABLE,df22a112-e62a-4607-8c70-d22a89b1a7d6,PROLIFIC,11-Feb-2021 14:37:58,1173,46431,6801a1e9-b3f3-4064-9fb4-21ad9ece8916,``Problem'' is one of the first things which come to mind when I hear ``hot' because (a/an) problem is a typical example of things which are hot'. ,``Feather'' is one of the first things which come to mind when I hear ``light' because (a/an) feather is a typical example of things which are light'. ,``Mug'' is one of the first things which come to mind when I hear ``bright' because (a/an) mug is a typical example of things which are bright'. ,5_scalar_heat-set_extension_full_range,https://app.prolific.co/submissions/complete?cc=135DD3C8,Agree or disagree (run5_scalar_heat-set_extension_full_range-experiment_scalar-batch1-70-70),410074,63b905a4-1995-4bef-80db-1cee1fd2c533,2021-02-11 14:37:58,1418.922,2021-02-11 13:25:09.172000,2021-02-11 13:48:48.094000,2.0,false,typical_of_property,hot,problem,../data/prolific_output/run5_scalar_heat-group_scalar_heat/qu70-s_qu3-batch1.csv
qu70-s_qu3-batch1.csv-1,1,NOT AVAILABLE,NOT AVAILABLE,ba2e5d60-1be5-4160-8883-d9dc1d2a590c,PROLIFIC,11-Feb-2021 14:56:40,1173,46431,6801a1e9-b3f3-4064-9fb4-21ad9ece8916,``Problem'' is one of the first things which come to mind when I hear ``hot' because (a/an) problem is a typical example of things which are hot'. ,``Feather'' is one of the first things which come to mind when I hear ``light' because (a/an) feather is a typical example of things which are light'. ,``Mug'' is one of the first things which come to mind when I hear ``bright' because (a/an) mug is a typical example of things which are bright'. ,5_scalar_heat-set_extension_full_range,https://app.prolific.co/submissions/complete?cc=135DD3C8,Agree or disagree (run5_scalar_heat-set_extension_full_range-experiment_scalar-batch1-70-70),410386,56a1a9da-9009-49f4-9e5b-34a62fbe9e65,2021-02-11 14:56:40,506.867,2021-02-11 13:55:38.597000,2021-02-11 14:04:05.464000,14.0,true,typical_of_property,hot,problem,../data/prolific_output/run5_scalar_heat-group_scalar_heat/qu70-s_qu3-batch1.csv
qu70-s_qu3-batch1.csv-1,1,NOT AVAILABLE,NOT AVAILABLE,f2b79ec4-328b-4811-ad4e-e541da2cb058,PROLIFIC,11-Feb-2021 14:17:53,1173,46432,b8f152c9-6343-4670-9029-8515998c5088,``Hot'' is one for the first things which come to mind when I hear ``problem' because hot is one of the typical temperatures of (a/an) problem'.,``Heavy'' is one for the first things which come to mind when I hear ``rock' because heavy is one of the typical qualities of (a/an) rock'.,``Green'' is one for the first things which come to mind when I hear ``raspberry' because green is one of the typical colors of (a/an) raspberry'.,5_scalar_heat-set_extension_full_range,https://app.prolific.co/submissions/complete?cc=135DD3C8,Agree or disagree (run5_scalar_heat-set_extension_full_range-experiment_scalar-batch1-70-70),409675,92621304-cb17-46a4-af30-7d64f768042e,2021-02-11 14:17:53,538.269,2021-02-11 13:10:15.124000,2021-02-11 13:19:13.393000,101.0,false,typical_of_concept,hot,problem,../data/prolific_output/run5_scalar_heat-group_scalar_heat/qu70-s_qu3-batch1.csv
qu70-s_qu3-batch1.csv-1,1,NOT AVAILABLE,NOT AVAILABLE,011937c5-478d-4bcd-af78-a9232b3a0158,PROLIFIC,11-Feb-2021 15:37:14,1173,46432,b8f152c9-6343-4670-9029-8515998c5088,``Hot'' is one for the first things which come to mind when I hear ``problem' because hot is one of the typical temperatures of (a/an) problem'.,``Heavy'' is one for the first things which come to mind when I hear ``rock' because heavy is one of the typical qualities of (a/an) rock'.,``Green'' is one for the first things which come to mind when I hear ``raspberry' because green is one of the typical colors of (a/an) raspberry'.,5_scalar_heat-set_extension_full_range,https://app.prolific.co/submissions/complete?cc=135DD3C8,Agree or disagree (run5_scalar_heat-set_extension_full_range-experiment_scalar-batch1-70-70),410648,63ff5cfc-40e8-4c02-8961-807a6959aeb5,2021-02-11 15:37:14,1856.165,2021-02-11 14:14:37.373000,2021-02-11 14:45:33.538000,3.0,false,typical_of_concept,hot,problem,../data/prolific_output/run5_scalar_heat-group_scalar_heat/qu70-s_qu3-batch1.csv
qu70-s_qu3-batch1.csv-1,1,NOT AVAILABLE,NOT AVAILABLE,8713bc47-83eb-4eb4-a7fb-ac15b44a0c3a,PROLIFIC,11-Feb-2021 14:01:47,1173,46432,b8f152c9-6343-4670-9029-8515998c5088,``Hot'' is one for the first things which come to mind when I hear ``problem' because hot is one of the typical temperatures of (a/an) problem'.,``Heavy'' is one for the first things which come to mind when I hear ``rock' because heavy is one of the typical qualities of (a/an) rock'.,``Green'' is one for the first things which come to mind when I hear ``raspberry' because green is one of the typical colors of (a/an) raspberry'.,5_scalar_heat-set_extension_full_range,https://app.prolific.co/submissions/complete?cc=135DD3C8,Agree or disagree (run5_scalar_heat-set_extension_full_range-experiment_scalar-batch1-70-70),409171,5654e656-83a2-47e2-999c-64c91f933653,2021-02-11 14:01:47,627.838,2021-02-11 12:52:40.305000,2021-02-11 13:03:08.143000,3.0,false,typical_of_concept,hot,problem,../data/prolific_output/run5_scalar_heat-group_scalar_heat/qu70-s_qu3-batch1.csv
qu70-s_qu3-batch1.csv-1,1,NOT AVAILABLE,NOT AVAILABLE,44d44641-22cf-456b-99ee-e83419d5c276,PROLIFIC,11-Feb-2021 14:08:01,1173,46432,b8f152c9-6343-4670-9029-8515998c5088,``Hot'' is one for the first things which come to mind when I hear ``problem' because hot is one of the typical temperatures of (a/an) problem'.,``Heavy'' is one for the first things which come to mind when I hear ``rock' because heavy is one of the typical qualities of (a/an) rock'.,``Green'' is one for the first things which come to mind when I hear ``raspberry' because green is one of the typical colors of (a/an) raspberry'.,5_scalar_heat-set_extension_full_range,https://app.prolific.co/submissions/complete?cc=135DD3C8,Agree or disagree (run5_scalar_heat-set_extension_full_range-experiment_scalar-batch1-70-70),409283,a153b929-8011-47d6-b963-eee481bc2e15,2021-02-11 14:08:01,305.684,2021-02-11 13:05:35.161000,2021-02-11 13:10:40.845000,3.0,false,typical_of_concept,hot,problem,../data/prolific_output/run5_scalar_heat-group_scalar_heat/qu70-s_qu3-batch1.csv
qu70-s_qu3-batch1.csv-1,1,NOT AVAILABLE,NOT AVAILABLE,01eeb5d1-2a5f-45c4-ba39-ddbf24954839,PROLIFIC,11-Feb-2021 14:54:53,1173,46432,b8f152c9-6343-4670-9029-8515998c5088,``Hot'' is one for the first things which come to mind when I hear ``problem' because hot is one of the typical temperatures of (a/an) problem'.,``Heavy'' is one for the first things which come to mind when I hear ``rock' because heavy is one of the typical qualities of (a/an) rock'.,``Green'' is one for the first things which come to mind when I hear ``raspberry' because green is one of the typical colors of (a/an) raspberry'.,5_scalar_heat-set_extension_full_range,https://app.prolific.co/submissions/complete?cc=135DD3C8,Agree or disagree (run5_scalar_heat-set_extension_full_range-experiment_scalar-batch1-70-70),410340,9b875e1b-cc14-4adb-b5b0-bf7ce164e579,2021-02-11 14:54:53,814.511,2021-02-11 13:43:15.871000,2021-02-11 13:56:50.382000,3.0,false,typical_of_concept,hot,problem,../data/prolific_output/run5_scalar_heat-group_scalar_heat/qu70-s_qu3-batch1.csv
qu70-s_qu3-batch1.csv-1,1,NOT AVAILABLE,NOT AVAILABLE,4d7f576e-160c-4416-8a0b-7548a4d8bb97,PROLIFIC,11-Feb-2021 14:14:12,1173,46432,b8f152c9-6343-4670-9029-8515998c5088,``Hot'' is one for the first things which come to mind when I hear ``problem' because hot is one of the typical temperatures of (a/an) problem'.,``Heavy'' is one for the first things which come to mind when I hear ``rock' because heavy is one of the typical qualities of (a/an) rock'.,``Green'' is one for the first things which come to mind when I hear ``raspberry' because green is one of the typical colors of (a/an) raspberry'.,5_scalar_heat-set_extension_full_range,https://app.prolific.co/submissions/complete?cc=135DD3C8,Agree or disagree (run5_scalar_heat-set_extension_full_range-experiment_scalar-batch1-70-70),409501,1f8e3ac0-f380-4499-a38d-ebc0655e46e9,2021-02-11 14:14:12,419.382,2021-02-11 13:13:40.482000,2021-02-11 13:20:39.864000,4.0,false,typical_of_concept,hot,problem,../data/prolific_output/run5_scalar_heat-group_scalar_heat/qu70-s_qu3-batch1.csv
qu70-s_qu3-batch1.csv-1,1,NOT AVAILABLE,NOT AVAILABLE,3c6e8c47-52b6-40dc-912b-32b6599fd0ce,PROLIFIC,11-Feb-2021 14:01:19,1173,46432,b8f152c9-6343-4670-9029-8515998c5088,``Hot'' is one for the first things which come to mind when I hear ``problem' because hot is one of the typical temperatures of (a/an) problem'.,``Heavy'' is one for the first things which come to mind when I hear ``rock' because heavy is one of the typical qualities of (a/an) rock'.,``Green'' is one for the first things which come to mind when I hear ``raspberry' because green is one of the typical colors of (a/an) raspberry'.,5_scalar_heat-set_extension_full_range,https://app.prolific.co/submissions/complete?cc=135DD3C8,Agree or disagree (run5_scalar_heat-set_extension_full_range-experiment_scalar-batch1-70-70),409160,146d31b4-a7c4-4ca6-bb76-8668bab0759c,2021-02-11 14:01:19,756.898,2021-02-11 12:49:10.608000,2021-02-11 13:01:47.506000,8.0,false,typical_of_concept,hot,problem,../data/prolific_output/run5_scalar_heat-group_scalar_heat/qu70-s_qu3-batch1.csv
qu70-s_qu3-batch1.csv-1,1,NOT AVAILABLE,NOT AVAILABLE,df22a112-e62a-4607-8c70-d22a89b1a7d6,PROLIFIC,11-Feb-2021 14:29:50,1173,46432,b8f152c9-6343-4670-9029-8515998c5088,``Hot'' is one for the first things which come to mind when I hear ``problem' because hot is one of the typical temperatures of (a/an) problem'.,``Heavy'' is one for the first things which come to mind when I hear ``rock' because heavy is one of the typical qualities of (a/an) rock'.,``Green'' is one for the first things which come to mind when I hear ``raspberry' because green is one of the typical colors of (a/an) raspberry'.,5_scalar_heat-set_extension_full_range,https://app.prolific.co/submissions/complete?cc=135DD3C8,Agree or disagree (run5_scalar_heat-set_extension_full_range-experiment_scalar-batch1-70-70),409921,654424df-08a2-4138-b65a-8fefc88fde0a,2021-02-11 14:29:50,1418.922,2021-02-11 13:25:09.172000,2021-02-11 13:48:48.094000,3.0,false,typical_of_concept,hot,problem,../data/prolific_output/run5_scalar_heat-group_scalar_heat/qu70-s_qu3-batch1.csv
qu70-s_qu3-batch1.csv-1,1,NOT AVAILABLE,NOT AVAILABLE,ba2e5d60-1be5-4160-8883-d9dc1d2a590c,PROLIFIC,11-Feb-2021 14:57:51,1173,46432,b8f152c9-6343-4670-9029-8515998c5088,``Hot'' is one for the first things which come to mind when I hear ``problem' because hot is one of the typical temperatures of (a/an) problem'.,``Heavy'' is one for the first things which come to mind when I hear ``rock' because heavy is one of the typical qualities of (a/an) rock'.,``Green'' is one for the first things which come to mind when I hear ``raspberry' because green is one of the typical colors of (a/an) raspberry'.,5_scalar_heat-set_extension_full_range,https://app.prolific.co/submissions/complete?cc=135DD3C8,Agree or disagree (run5_scalar_heat-set_extension_full_range-experiment_scalar-batch1-70-70),410407,6226cc62-14ca-4604-ad2e-77618801d7d6,2021-02-11 14:57:51,506.867,2021-02-11 13:55:38.597000,2021-02-11 14:04:05.464000,7.0,true,typical_of_concept,hot,problem,../data/prolific_output/run5_scalar_heat-group_scalar_heat/qu70-s_qu3-batch1.csv
qu70-s_qu3-batch1.csv-1,1,NOT AVAILABLE,NOT AVAILABLE,f2b79ec4-328b-4811-ad4e-e541da2cb058,PROLIFIC,11-Feb-2021 14:11:09,1173,46433,02813063-ff86-4c85-ab21-2ca79891be80,``Basement'' is one of the first things which come to mind when I hear ``hot' because (a/an) basement is a typical example of things which are hot'. ,``Snow'' is one of the first things which come to mind when I hear ``white' because (a/an) snow is a typical example of things which are white'. ,``Water'' is one of the first things which come to mind when I hear ``grey' because (a/an) water is a typical example of things which are grey'. ,5_scalar_heat-set_extension_full_range,https://app.prolific.co/submissions/complete?cc=135DD3C8,Agree or disagree (run5_scalar_heat-set_extension_full_range-experiment_scalar-batch1-70-70),409399,8482992e-3f5a-4fa2-bf73-9bd0d7c98ab9,2021-02-11 14:11:09,538.269,2021-02-11 13:10:15.124000,2021-02-11 13:19:13.393000,4.0,false,typical_of_property,hot,basement,../data/prolific_output/run5_scalar_heat-group_scalar_heat/qu70-s_qu3-batch1.csv
qu70-s_qu3-batch1.csv-1,1,NOT AVAILABLE,NOT AVAILABLE,011937c5-478d-4bcd-af78-a9232b3a0158,PROLIFIC,11-Feb-2021 15:45:05,1173,46433,02813063-ff86-4c85-ab21-2ca79891be80,``Basement'' is one of the first things which come to mind when I hear ``hot' because (a/an) basement is a typical example of things which are hot'. ,``Snow'' is one of the first things which come to mind when I hear ``white' because (a/an) snow is a typical example of things which are white'. ,``Water'' is one of the first things which come to mind when I hear ``grey' because (a/an) water is a typical example of things which are grey'. ,5_scalar_heat-set_extension_full_range,https://app.prolific.co/submissions/complete?cc=135DD3C8,Agree or disagree (run5_scalar_heat-set_extension_full_range-experiment_scalar-batch1-70-70),410700,0c11cfd7-5010-46d2-ae66-837e734556bb,2021-02-11 15:45:05,1856.165,2021-02-11 14:14:37.373000,2021-02-11 14:45:33.538000,4.0,false,typical_of_property,hot,basement,../data/prolific_output/run5_scalar_heat-group_scalar_heat/qu70-s_qu3-batch1.csv
qu70-s_qu3-batch1.csv-1,1,NOT AVAILABLE,NOT AVAILABLE,8713bc47-83eb-4eb4-a7fb-ac15b44a0c3a,PROLIFIC,11-Feb-2021 14:00:11,1173,46433,02813063-ff86-4c85-ab21-2ca79891be80,``Basement'' is one of the first things which come to mind when I hear ``hot' because (a/an) basement is a typical example of things which are hot'. ,``Snow'' is one of the first things which come to mind when I hear ``white' because (a/an) snow is a typical example of things which are white'. ,``Water'' is one of the first things which come to mind when I hear ``grey' because (a/an) water is a typical example of things which are grey'. ,5_scalar_heat-set_extension_full_range,https://app.prolific.co/submissions/complete?cc=135DD3C8,Agree or disagree (run5_scalar_heat-set_extension_full_range-experiment_scalar-batch1-70-70),409136,eb820a55-3123-4f81-a7c8-5ba4fa52c3e6,2021-02-11 14:00:11,627.838,2021-02-11 12:52:40.305000,2021-02-11 13:03:08.143000,2.0,false,typical_of_property,hot,basement,../data/prolific_output/run5_scalar_heat-group_scalar_heat/qu70-s_qu3-batch1.csv
qu70-s_qu3-batch1.csv-1,1,NOT AVAILABLE,NOT AVAILABLE,44d44641-22cf-456b-99ee-e83419d5c276,PROLIFIC,11-Feb-2021 14:06:23,1173,46433,02813063-ff86-4c85-ab21-2ca79891be80,``Basement'' is one of the first things which come to mind when I hear ``hot' because (a/an) basement is a typical example of things which are hot'. ,``Snow'' is one of the first things which come to mind when I hear ``white' because (a/an) snow is a typical example of things which are white'. ,``Water'' is one of the first things which come to mind when I hear ``grey' because (a/an) water is a typical example of things which are grey'. ,5_scalar_heat-set_extension_full_range,https://app.prolific.co/submissions/complete?cc=135DD3C8,Agree or disagree (run5_scalar_heat-set_extension_full_range-experiment_scalar-batch1-70-70),409236,bda79b9b-a877-4d3b-a07c-84b7acf84c24,2021-02-11 14:06:23,305.684,2021-02-11 13:05:35.161000,2021-02-11 13:10:40.845000,2.0,false,typical_of_property,hot,basement,../data/prolific_output/run5_scalar_heat-group_scalar_heat/qu70-s_qu3-batch1.csv
qu70-s_qu3-batch1.csv-1,1,NOT AVAILABLE,NOT AVAILABLE,01eeb5d1-2a5f-45c4-ba39-ddbf24954839,PROLIFIC,11-Feb-2021 14:55:04,1173,46433,02813063-ff86-4c85-ab21-2ca79891be80,``Basement'' is one of the first things which come to mind when I hear ``hot' because (a/an) basement is a typical example of things which are hot'. ,``Snow'' is one of the first things which come to mind when I hear ``white' because (a/an) snow is a typical example of things which are white'. ,``Water'' is one of the first things which come to mind when I hear ``grey' because (a/an) water is a typical example of things which are grey'. ,5_scalar_heat-set_extension_full_range,https://app.prolific.co/submissions/complete?cc=135DD3C8,Agree or disagree (run5_scalar_heat-set_extension_full_range-experiment_scalar-batch1-70-70),410352,56876909-e797-4f98-8bac-9e7ad69dab8b,2021-02-11 14:55:04,814.511,2021-02-11 13:43:15.871000,2021-02-11 13:56:50.382000,5.0,false,typical_of_property,hot,basement,../data/prolific_output/run5_scalar_heat-group_scalar_heat/qu70-s_qu3-batch1.csv
qu70-s_qu3-batch1.csv-1,1,NOT AVAILABLE,NOT AVAILABLE,4d7f576e-160c-4416-8a0b-7548a4d8bb97,PROLIFIC,11-Feb-2021 14:17:06,1173,46433,02813063-ff86-4c85-ab21-2ca79891be80,``Basement'' is one of the first things which come to mind when I hear ``hot' because (a/an) basement is a typical example of things which are hot'. ,``Snow'' is one of the first things which come to mind when I hear ``white' because (a/an) snow is a typical example of things which are white'. ,``Water'' is one of the first things which come to mind when I hear ``grey' because (a/an) water is a typical example of things which are grey'. ,5_scalar_heat-set_extension_full_range,https://app.prolific.co/submissions/complete?cc=135DD3C8,Agree or disagree (run5_scalar_heat-set_extension_full_range-experiment_scalar-batch1-70-70),409642,adcf86a5-2a9c-47f0-be25-2d856c72a897,2021-02-11 14:17:06,419.382,2021-02-11 13:13:40.482000,2021-02-11 13:20:39.864000,3.0,false,typical_of_property,hot,basement,../data/prolific_output/run5_scalar_heat-group_scalar_heat/qu70-s_qu3-batch1.csv
qu70-s_qu3-batch1.csv-1,1,NOT AVAILABLE,NOT AVAILABLE,3c6e8c47-52b6-40dc-912b-32b6599fd0ce,PROLIFIC,11-Feb-2021 13:55:09,1173,46433,02813063-ff86-4c85-ab21-2ca79891be80,``Basement'' is one of the first things which come to mind when I hear ``hot' because (a/an) basement is a typical example of things which are hot'. ,``Snow'' is one of the first things which come to mind when I hear ``white' because (a/an) snow is a typical example of things which are white'. ,``Water'' is one of the first things which come to mind when I hear ``grey' because (a/an) water is a typical example of things which are grey'. ,5_scalar_heat-set_extension_full_range,https://app.prolific.co/submissions/complete?cc=135DD3C8,Agree or disagree (run5_scalar_heat-set_extension_full_range-experiment_scalar-batch1-70-70),408935,32ce54f1-e617-4244-9e4b-48b8b295aaa2,2021-02-11 13:55:09,756.898,2021-02-11 12:49:10.608000,2021-02-11 13:01:47.506000,4.0,false,typical_of_property,hot,basement,../data/prolific_output/run5_scalar_heat-group_scalar_heat/qu70-s_qu3-batch1.csv
qu70-s_qu3-batch1.csv-1,1,NOT AVAILABLE,NOT AVAILABLE,df22a112-e62a-4607-8c70-d22a89b1a7d6,PROLIFIC,11-Feb-2021 14:39:32,1173,46433,02813063-ff86-4c85-ab21-2ca79891be80,``Basement'' is one of the first things which come to mind when I hear ``hot' because (a/an) basement is a typical example of things which are hot'. ,``Snow'' is one of the first things which come to mind when I hear ``white' because (a/an) snow is a typical example of things which are white'. ,``Water'' is one of the first things which come to mind when I hear ``grey' because (a/an) water is a typical example of things which are grey'. ,5_scalar_heat-set_extension_full_range,https://app.prolific.co/submissions/complete?cc=135DD3C8,Agree or disagree (run5_scalar_heat-set_extension_full_range-experiment_scalar-batch1-70-70),410092,23ff997c-0d11-4985-ae04-78d92c41a9c8,2021-02-11 14:39:32,1418.922,2021-02-11 13:25:09.172000,2021-02-11 13:48:48.094000,3.0,false,typical_of_property,hot,basement,../data/prolific_output/run5_scalar_heat-group_scalar_heat/qu70-s_qu3-batch1.csv
qu70-s_qu3-batch1.csv-1,1,NOT AVAILABLE,NOT AVAILABLE,ba2e5d60-1be5-4160-8883-d9dc1d2a590c,PROLIFIC,11-Feb-2021 15:02:46,1173,46433,02813063-ff86-4c85-ab21-2ca79891be80,``Basement'' is one of the first things which come to mind when I hear ``hot' because (a/an) basement is a typical example of things which are hot'. ,``Snow'' is one of the first things which come to mind when I hear ``white' because (a/an) snow is a typical example of things which are white'. ,``Water'' is one of the first things which come to mind when I hear ``grey' because (a/an) water is a typical example of things which are grey'. ,5_scalar_heat-set_extension_full_range,https://app.prolific.co/submissions/complete?cc=135DD3C8,Agree or disagree (run5_scalar_heat-set_extension_full_range-experiment_scalar-batch1-70-70),410473,ae8ba618-ef35-42ed-be42-e14e44c8b1bc,2021-02-11 15:02:46,506.867,2021-02-11 13:55:38.597000,2021-02-11 14:04:05.464000,3.0,false,typical_of_property,hot,basement,../data/prolific_output/run5_scalar_heat-group_scalar_heat/qu70-s_qu3-batch1.csv
qu70-s_qu3-batch1.csv-1,1,NOT AVAILABLE,NOT AVAILABLE,f2b79ec4-328b-4811-ad4e-e541da2cb058,PROLIFIC,11-Feb-2021 14:18:11,1173,46434,2c2dc55a-ed1c-4737-9f91-a4545fc8a3f4,"You can find (a/an) basement which is hot. (A/an) basement is usually either hot, a bit more or less hot or the opposite of hot.","You can find (a/an) knife which is sharp. (A/an) knife is usually either sharp, a bit more or less sharp or the opposite of sharp.","You can find (a/an) substance which is solid. (A/an) substance is usually either solid, a bit more or less solid or the opposite of solid.",5_scalar_heat-set_extension_full_range,https://app.prolific.co/submissions/complete?cc=135DD3C8,Agree or disagree (run5_scalar_heat-set_extension_full_range-experiment_scalar-batch1-70-70),409693,d1e88f29-59b9-4892-a7b3-aca248e24a92,2021-02-11 14:18:11,538.269,2021-02-11 13:10:15.124000,2021-02-11 13:19:13.393000,3.0,true,variability_open,hot,basement,../data/prolific_output/run5_scalar_heat-group_scalar_heat/qu70-s_qu3-batch1.csv
qu70-s_qu3-batch1.csv-1,1,NOT AVAILABLE,NOT AVAILABLE,011937c5-478d-4bcd-af78-a9232b3a0158,PROLIFIC,11-Feb-2021 15:33:05,1173,46434,2c2dc55a-ed1c-4737-9f91-a4545fc8a3f4,"You can find (a/an) basement which is hot. (A/an) basement is usually either hot, a bit more or less hot or the opposite of hot.","You can find (a/an) knife which is sharp. (A/an) knife is usually either sharp, a bit more or less sharp or the opposite of sharp.","You can find (a/an) substance which is solid. (A/an) substance is usually either solid, a bit more or less solid or the opposite of solid.",5_scalar_heat-set_extension_full_range,https://app.prolific.co/submissions/complete?cc=135DD3C8,Agree or disagree (run5_scalar_heat-set_extension_full_range-experiment_scalar-batch1-70-70),410626,1b9efd6f-400b-4e90-ac2c-c9c34063a8b8,2021-02-11 15:33:05,1856.165,2021-02-11 14:14:37.373000,2021-02-11 14:45:33.538000,6.0,true,variability_open,hot,basement,../data/prolific_output/run5_scalar_heat-group_scalar_heat/qu70-s_qu3-batch1.csv
qu70-s_qu3-batch1.csv-1,1,NOT AVAILABLE,NOT AVAILABLE,8713bc47-83eb-4eb4-a7fb-ac15b44a0c3a,PROLIFIC,11-Feb-2021 13:58:12,1173,46434,2c2dc55a-ed1c-4737-9f91-a4545fc8a3f4,"You can find (a/an) basement which is hot. (A/an) basement is usually either hot, a bit more or less hot or the opposite of hot.","You can find (a/an) knife which is sharp. (A/an) knife is usually either sharp, a bit more or less sharp or the opposite of sharp.","You can find (a/an) substance which is solid. (A/an) substance is usually either solid, a bit more or less solid or the opposite of solid.",5_scalar_heat-set_extension_full_range,https://app.prolific.co/submissions/complete?cc=135DD3C8,Agree or disagree (run5_scalar_heat-set_extension_full_range-experiment_scalar-batch1-70-70),409060,92271410-761a-462d-833e-d7079627b9de,2021-02-11 13:58:12,627.838,2021-02-11 12:52:40.305000,2021-02-11 13:03:08.143000,9.0,true,variability_open,hot,basement,../data/prolific_output/run5_scalar_heat-group_scalar_heat/qu70-s_qu3-batch1.csv
qu70-s_qu3-batch1.csv-1,1,NOT AVAILABLE,NOT AVAILABLE,44d44641-22cf-456b-99ee-e83419d5c276,PROLIFIC,11-Feb-2021 14:07:58,1173,46434,2c2dc55a-ed1c-4737-9f91-a4545fc8a3f4,"You can find (a/an) basement which is hot. (A/an) basement is usually either hot, a bit more or less hot or the opposite of hot.","You can find (a/an) knife which is sharp. (A/an) knife is usually either sharp, a bit more or less sharp or the opposite of sharp.","You can find (a/an) substance which is solid. (A/an) substance is usually either solid, a bit more or less solid or the opposite of solid.",5_scalar_heat-set_extension_full_range,https://app.prolific.co/submissions/complete?cc=135DD3C8,Agree or disagree (run5_scalar_heat-set_extension_full_range-experiment_scalar-batch1-70-70),409282,cb45ca9f-bbd8-42f2-b88f-55dfcf3a2109,2021-02-11 14:07:58,305.684,2021-02-11 13:05:35.161000,2021-02-11 13:10:40.845000,3.0,true,variability_open,hot,basement,../data/prolific_output/run5_scalar_heat-group_scalar_heat/qu70-s_qu3-batch1.csv
qu70-s_qu3-batch1.csv-1,1,NOT AVAILABLE,NOT AVAILABLE,01eeb5d1-2a5f-45c4-ba39-ddbf24954839,PROLIFIC,11-Feb-2021 14:53:39,1173,46434,2c2dc55a-ed1c-4737-9f91-a4545fc8a3f4,"You can find (a/an) basement which is hot. (A/an) basement is usually either hot, a bit more or less hot or the opposite of hot.","You can find (a/an) knife which is sharp. (A/an) knife is usually either sharp, a bit more or less sharp or the opposite of sharp.","You can find (a/an) substance which is solid. (A/an) substance is usually either solid, a bit more or less solid or the opposite of solid.",5_scalar_heat-set_extension_full_range,https://app.prolific.co/submissions/complete?cc=135DD3C8,Agree or disagree (run5_scalar_heat-set_extension_full_range-experiment_scalar-batch1-70-70),410287,c7978843-e757-48c8-97b7-ac32204f26a6,2021-02-11 14:53:39,814.511,2021-02-11 13:43:15.871000,2021-02-11 13:56:50.382000,12.0,false,variability_open,hot,basement,../data/prolific_output/run5_scalar_heat-group_scalar_heat/qu70-s_qu3-batch1.csv
qu70-s_qu3-batch1.csv-1,1,NOT AVAILABLE,NOT AVAILABLE,4d7f576e-160c-4416-8a0b-7548a4d8bb97,PROLIFIC,11-Feb-2021 14:20:05,1173,46434,2c2dc55a-ed1c-4737-9f91-a4545fc8a3f4,"You can find (a/an) basement which is hot. (A/an) basement is usually either hot, a bit more or less hot or the opposite of hot.","You can find (a/an) knife which is sharp. (A/an) knife is usually either sharp, a bit more or less sharp or the opposite of sharp.","You can find (a/an) substance which is solid. (A/an) substance is usually either solid, a bit more or less solid or the opposite of solid.",5_scalar_heat-set_extension_full_range,https://app.prolific.co/submissions/complete?cc=135DD3C8,Agree or disagree (run5_scalar_heat-set_extension_full_range-experiment_scalar-batch1-70-70),409772,3d7b291d-082f-4c47-8b31-0e4d41f8b543,2021-02-11 14:20:05,419.382,2021-02-11 13:13:40.482000,2021-02-11 13:20:39.864000,3.0,true,variability_open,hot,basement,../data/prolific_output/run5_scalar_heat-group_scalar_heat/qu70-s_qu3-batch1.csv
qu70-s_qu3-batch1.csv-1,1,NOT AVAILABLE,NOT AVAILABLE,3c6e8c47-52b6-40dc-912b-32b6599fd0ce,PROLIFIC,11-Feb-2021 13:56:21,1173,46434,2c2dc55a-ed1c-4737-9f91-a4545fc8a3f4,"You can find (a/an) basement which is hot. (A/an) basement is usually either hot, a bit more or less hot or the opposite of hot.","You can find (a/an) knife which is sharp. (A/an) knife is usually either sharp, a bit more or less sharp or the opposite of sharp.","You can find (a/an) substance which is solid. (A/an) substance is usually either solid, a bit more or less solid or the opposite of solid.",5_scalar_heat-set_extension_full_range,https://app.prolific.co/submissions/complete?cc=135DD3C8,Agree or disagree (run5_scalar_heat-set_extension_full_range-experiment_scalar-batch1-70-70),408983,b0f5f521-c647-4257-b01a-3567437944ab,2021-02-11 13:56:21,756.898,2021-02-11 12:49:10.608000,2021-02-11 13:01:47.506000,8.0,true,variability_open,hot,basement,../data/prolific_output/run5_scalar_heat-group_scalar_heat/qu70-s_qu3-batch1.csv
qu70-s_qu3-batch1.csv-1,1,NOT AVAILABLE,NOT AVAILABLE,df22a112-e62a-4607-8c70-d22a89b1a7d6,PROLIFIC,11-Feb-2021 14:46:59,1173,46434,2c2dc55a-ed1c-4737-9f91-a4545fc8a3f4,"You can find (a/an) basement which is hot. (A/an) basement is usually either hot, a bit more or less hot or the opposite of hot.","You can find (a/an) knife which is sharp. (A/an) knife is usually either sharp, a bit more or less sharp or the opposite of sharp.","You can find (a/an) substance which is solid. (A/an) substance is usually either solid, a bit more or less solid or the opposite of solid.",5_scalar_heat-set_extension_full_range,https://app.prolific.co/submissions/complete?cc=135DD3C8,Agree or disagree (run5_scalar_heat-set_extension_full_range-experiment_scalar-batch1-70-70),410171,e19626e5-3da6-4656-af50-f298f4a939af,2021-02-11 14:46:59,1418.922,2021-02-11 13:25:09.172000,2021-02-11 13:48:48.094000,4.0,true,variability_open,hot,basement,../data/prolific_output/run5_scalar_heat-group_scalar_heat/qu70-s_qu3-batch1.csv
qu70-s_qu3-batch1.csv-1,1,NOT AVAILABLE,NOT AVAILABLE,ba2e5d60-1be5-4160-8883-d9dc1d2a590c,PROLIFIC,11-Feb-2021 14:58:29,1173,46434,2c2dc55a-ed1c-4737-9f91-a4545fc8a3f4,"You can find (a/an) basement which is hot. (A/an) basement is usually either hot, a bit more or less hot or the opposite of hot.","You can find (a/an) knife which is sharp. (A/an) knife is usually either sharp, a bit more or less sharp or the opposite of sharp.","You can find (a/an) substance which is solid. (A/an) substance is usually either solid, a bit more or less solid or the opposite of solid.",5_scalar_heat-set_extension_full_range,https://app.prolific.co/submissions/complete?cc=135DD3C8,Agree or disagree (run5_scalar_heat-set_extension_full_range-experiment_scalar-batch1-70-70),410412,7b5e9d77-afa2-48cb-8693-86d464133d48,2021-02-11 14:58:29,506.867,2021-02-11 13:55:38.597000,2021-02-11 14:04:05.464000,5.0,true,variability_open,hot,basement,../data/prolific_output/run5_scalar_heat-group_scalar_heat/qu70-s_qu3-batch1.csv
qu70-s_qu3-batch1.csv-1,1,NOT AVAILABLE,NOT AVAILABLE,f2b79ec4-328b-4811-ad4e-e541da2cb058,PROLIFIC,11-Feb-2021 14:15:47,1173,46435,60e2a209-c8f0-440f-b356-06a9a7c1d764,``Hot'' is one for the first things which come to mind when I hear ``basement' because hot is one of the typical temperatures of (a/an) basement'.,``Heavy'' is one for the first things which come to mind when I hear ``rock' because heavy is one of the typical qualities of (a/an) rock'.,``Green'' is one for the first things which come to mind when I hear ``raspberry' because green is one of the typical colors of (a/an) raspberry'.,5_scalar_heat-set_extension_full_range,https://app.prolific.co/submissions/complete?cc=135DD3C8,Agree or disagree (run5_scalar_heat-set_extension_full_range-experiment_scalar-batch1-70-70),409580,10ee77d1-fc27-4c72-9933-42050576ddb6,2021-02-11 14:15:47,538.269,2021-02-11 13:10:15.124000,2021-02-11 13:19:13.393000,26.0,true,typical_of_concept,hot,basement,../data/prolific_output/run5_scalar_heat-group_scalar_heat/qu70-s_qu3-batch1.csv
qu70-s_qu3-batch1.csv-1,1,NOT AVAILABLE,NOT AVAILABLE,011937c5-478d-4bcd-af78-a9232b3a0158,PROLIFIC,11-Feb-2021 15:44:26,1173,46435,60e2a209-c8f0-440f-b356-06a9a7c1d764,``Hot'' is one for the first things which come to mind when I hear ``basement' because hot is one of the typical temperatures of (a/an) basement'.,``Heavy'' is one for the first things which come to mind when I hear ``rock' because heavy is one of the typical qualities of (a/an) rock'.,``Green'' is one for the first things which come to mind when I hear ``raspberry' because green is one of the typical colors of (a/an) raspberry'.,5_scalar_heat-set_extension_full_range,https://app.prolific.co/submissions/complete?cc=135DD3C8,Agree or disagree (run5_scalar_heat-set_extension_full_range-experiment_scalar-batch1-70-70),410691,44682dbc-8fe3-41fd-8726-62da5fb66be0,2021-02-11 15:44:26,1856.165,2021-02-11 14:14:37.373000,2021-02-11 14:45:33.538000,2.0,false,typical_of_concept,hot,basement,../data/prolific_output/run5_scalar_heat-group_scalar_heat/qu70-s_qu3-batch1.csv
qu70-s_qu3-batch1.csv-1,1,NOT AVAILABLE,NOT AVAILABLE,8713bc47-83eb-4eb4-a7fb-ac15b44a0c3a,PROLIFIC,11-Feb-2021 14:01:40,1173,46435,60e2a209-c8f0-440f-b356-06a9a7c1d764,``Hot'' is one for the first things which come to mind when I hear ``basement' because hot is one of the typical temperatures of (a/an) basement'.,``Heavy'' is one for the first things which come to mind when I hear ``rock' because heavy is one of the typical qualities of (a/an) rock'.,``Green'' is one for the first things which come to mind when I hear ``raspberry' because green is one of the typical colors of (a/an) raspberry'.,5_scalar_heat-set_extension_full_range,https://app.prolific.co/submissions/complete?cc=135DD3C8,Agree or disagree (run5_scalar_heat-set_extension_full_range-experiment_scalar-batch1-70-70),409167,da519856-23f5-4478-aebe-61c62479a972,2021-02-11 14:01:40,627.838,2021-02-11 12:52:40.305000,2021-02-11 13:03:08.143000,4.0,false,typical_of_concept,hot,basement,../data/prolific_output/run5_scalar_heat-group_scalar_heat/qu70-s_qu3-batch1.csv
qu70-s_qu3-batch1.csv-1,1,NOT AVAILABLE,NOT AVAILABLE,44d44641-22cf-456b-99ee-e83419d5c276,PROLIFIC,11-Feb-2021 14:09:25,1173,46435,60e2a209-c8f0-440f-b356-06a9a7c1d764,``Hot'' is one for the first things which come to mind when I hear ``basement' because hot is one of the typical temperatures of (a/an) basement'.,``Heavy'' is one for the first things which come to mind when I hear ``rock' because heavy is one of the typical qualities of (a/an) rock'.,``Green'' is one for the first things which come to mind when I hear ``raspberry' because green is one of the typical colors of (a/an) raspberry'.,5_scalar_heat-set_extension_full_range,https://app.prolific.co/submissions/complete?cc=135DD3C8,Agree or disagree (run5_scalar_heat-set_extension_full_range-experiment_scalar-batch1-70-70),409329,2f5ab0fc-f5b5-4243-8eb4-8e186078242a,2021-02-11 14:09:25,305.684,2021-02-11 13:05:35.161000,2021-02-11 13:10:40.845000,2.0,false,typical_of_concept,hot,basement,../data/prolific_output/run5_scalar_heat-group_scalar_heat/qu70-s_qu3-batch1.csv
qu70-s_qu3-batch1.csv-1,1,NOT AVAILABLE,NOT AVAILABLE,01eeb5d1-2a5f-45c4-ba39-ddbf24954839,PROLIFIC,11-Feb-2021 14:55:58,1173,46435,60e2a209-c8f0-440f-b356-06a9a7c1d764,``Hot'' is one for the first things which come to mind when I hear ``basement' because hot is one of the typical temperatures of (a/an) basement'.,``Heavy'' is one for the first things which come to mind when I hear ``rock' because heavy is one of the typical qualities of (a/an) rock'.,``Green'' is one for the first things which come to mind when I hear ``raspberry' because green is one of the typical colors of (a/an) raspberry'.,5_scalar_heat-set_extension_full_range,https://app.prolific.co/submissions/complete?cc=135DD3C8,Agree or disagree (run5_scalar_heat-set_extension_full_range-experiment_scalar-batch1-70-70),410373,2fe594f5-3c1f-47f4-bf8d-3716c4350051,2021-02-11 14:55:58,814.511,2021-02-11 13:43:15.871000,2021-02-11 13:56:50.382000,3.0,false,typical_of_concept,hot,basement,../data/prolific_output/run5_scalar_heat-group_scalar_heat/qu70-s_qu3-batch1.csv
qu70-s_qu3-batch1.csv-1,1,NOT AVAILABLE,NOT AVAILABLE,4d7f576e-160c-4416-8a0b-7548a4d8bb97,PROLIFIC,11-Feb-2021 14:19:40,1173,46435,60e2a209-c8f0-440f-b356-06a9a7c1d764,``Hot'' is one for the first things which come to mind when I hear ``basement' because hot is one of the typical temperatures of (a/an) basement'.,``Heavy'' is one for the first things which come to mind when I hear ``rock' because heavy is one of the typical qualities of (a/an) rock'.,``Green'' is one for the first things which come to mind when I hear ``raspberry' because green is one of the typical colors of (a/an) raspberry'.,5_scalar_heat-set_extension_full_range,https://app.prolific.co/submissions/complete?cc=135DD3C8,Agree or disagree (run5_scalar_heat-set_extension_full_range-experiment_scalar-batch1-70-70),409759,d0c49d80-ee4a-4829-a7f5-41c58a1aefc8,2021-02-11 14:19:40,419.382,2021-02-11 13:13:40.482000,2021-02-11 13:20:39.864000,3.0,false,typical_of_concept,hot,basement,../data/prolific_output/run5_scalar_heat-group_scalar_heat/qu70-s_qu3-batch1.csv
qu70-s_qu3-batch1.csv-1,1,NOT AVAILABLE,NOT AVAILABLE,3c6e8c47-52b6-40dc-912b-32b6599fd0ce,PROLIFIC,11-Feb-2021 13:57:18,1173,46435,60e2a209-c8f0-440f-b356-06a9a7c1d764,``Hot'' is one for the first things which come to mind when I hear ``basement' because hot is one of the typical temperatures of (a/an) basement'.,``Heavy'' is one for the first things which come to mind when I hear ``rock' because heavy is one of the typical qualities of (a/an) rock'.,``Green'' is one for the first things which come to mind when I hear ``raspberry' because green is one of the typical colors of (a/an) raspberry'.,5_scalar_heat-set_extension_full_range,https://app.prolific.co/submissions/complete?cc=135DD3C8,Agree or disagree (run5_scalar_heat-set_extension_full_range-experiment_scalar-batch1-70-70),409018,02f191f0-bc6d-48e7-8b46-b8a2d486b6ce,2021-02-11 13:57:18,756.898,2021-02-11 12:49:10.608000,2021-02-11 13:01:47.506000,6.0,false,typical_of_concept,hot,basement,../data/prolific_output/run5_scalar_heat-group_scalar_heat/qu70-s_qu3-batch1.csv
qu70-s_qu3-batch1.csv-1,1,NOT AVAILABLE,NOT AVAILABLE,df22a112-e62a-4607-8c70-d22a89b1a7d6,PROLIFIC,11-Feb-2021 14:47:53,1173,46435,60e2a209-c8f0-440f-b356-06a9a7c1d764,``Hot'' is one for the first things which come to mind when I hear ``basement' because hot is one of the typical temperatures of (a/an) basement'.,``Heavy'' is one for the first things which come to mind when I hear ``rock' because heavy is one of the typical qualities of (a/an) rock'.,``Green'' is one for the first things which come to mind when I hear ``raspberry' because green is one of the typical colors of (a/an) raspberry'.,5_scalar_heat-set_extension_full_range,https://app.prolific.co/submissions/complete?cc=135DD3C8,Agree or disagree (run5_scalar_heat-set_extension_full_range-experiment_scalar-batch1-70-70),410195,67413d66-f8dd-40fe-b176-5bb646c31a4d,2021-02-11 14:47:53,1418.922,2021-02-11 13:25:09.172000,2021-02-11 13:48:48.094000,3.0,false,typical_of_concept,hot,basement,../data/prolific_output/run5_scalar_heat-group_scalar_heat/qu70-s_qu3-batch1.csv
qu70-s_qu3-batch1.csv-1,1,NOT AVAILABLE,NOT AVAILABLE,ba2e5d60-1be5-4160-8883-d9dc1d2a590c,PROLIFIC,11-Feb-2021 15:03:39,1173,46435,60e2a209-c8f0-440f-b356-06a9a7c1d764,``Hot'' is one for the first things which come to mind when I hear ``basement' because hot is one of the typical temperatures of (a/an) basement'.,``Heavy'' is one for the first things which come to mind when I hear ``rock' because heavy is one of the typical qualities of (a/an) rock'.,``Green'' is one for the first things which come to mind when I hear ``raspberry' because green is one of the typical colors of (a/an) raspberry'.,5_scalar_heat-set_extension_full_range,https://app.prolific.co/submissions/complete?cc=135DD3C8,Agree or disagree (run5_scalar_heat-set_extension_full_range-experiment_scalar-batch1-70-70),410482,ddfd7f01-63db-4931-8921-78fe50b398df,2021-02-11 15:03:39,506.867,2021-02-11 13:55:38.597000,2021-02-11 14:04:05.464000,4.0,false,typical_of_concept,hot,basement,../data/prolific_output/run5_scalar_heat-group_scalar_heat/qu70-s_qu3-batch1.csv
qu70-s_qu3-batch1.csv-1,1,NOT AVAILABLE,NOT AVAILABLE,f2b79ec4-328b-4811-ad4e-e541da2cb058,PROLIFIC,11-Feb-2021 14:19:00,1173,46436,5689366f-814c-4555-863f-55ec20980e09,I know that (a/an) basement is hot as most or all other things similar to (a/an) basement are hot. ,I know that (a/an) merlot is alcoholic as most or all other things similar to (a/an) merlot are alcoholic. ,I know that (a/an) lemonade is alcoholic as most or all other things similar to (a/an) lemonade are alcoholic. ,5_scalar_heat-set_extension_full_range,https://app.prolific.co/submissions/complete?cc=135DD3C8,Agree or disagree (run5_scalar_heat-set_extension_full_range-experiment_scalar-batch1-70-70),409737,b1d7f792-5a7d-4b9c-8339-d13d44f7fcda,2021-02-11 14:19:00,538.269,2021-02-11 13:10:15.124000,2021-02-11 13:19:13.393000,3.0,false,implied_category,hot,basement,../data/prolific_output/run5_scalar_heat-group_scalar_heat/qu70-s_qu3-batch1.csv
qu70-s_qu3-batch1.csv-1,1,NOT AVAILABLE,NOT AVAILABLE,011937c5-478d-4bcd-af78-a9232b3a0158,PROLIFIC,11-Feb-2021 15:32:20,1173,46436,5689366f-814c-4555-863f-55ec20980e09,I know that (a/an) basement is hot as most or all other things similar to (a/an) basement are hot. ,I know that (a/an) merlot is alcoholic as most or all other things similar to (a/an) merlot are alcoholic. ,I know that (a/an) lemonade is alcoholic as most or all other things similar to (a/an) lemonade are alcoholic. ,5_scalar_heat-set_extension_full_range,https://app.prolific.co/submissions/complete?cc=135DD3C8,Agree or disagree (run5_scalar_heat-set_extension_full_range-experiment_scalar-batch1-70-70),410621,d16671d8-fdce-4798-a66b-aa884545fdc5,2021-02-11 15:32:20,1856.165,2021-02-11 14:14:37.373000,2021-02-11 14:45:33.538000,1062.627,false,implied_category,hot,basement,../data/prolific_output/run5_scalar_heat-group_scalar_heat/qu70-s_qu3-batch1.csv
qu70-s_qu3-batch1.csv-1,1,NOT AVAILABLE,NOT AVAILABLE,8713bc47-83eb-4eb4-a7fb-ac15b44a0c3a,PROLIFIC,11-Feb-2021 13:57:04,1173,46436,5689366f-814c-4555-863f-55ec20980e09,I know that (a/an) basement is hot as most or all other things similar to (a/an) basement are hot. ,I know that (a/an) merlot is alcoholic as most or all other things similar to (a/an) merlot are alcoholic. ,I know that (a/an) lemonade is alcoholic as most or all other things similar to (a/an) lemonade are alcoholic. ,5_scalar_heat-set_extension_full_range,https://app.prolific.co/submissions/complete?cc=135DD3C8,Agree or disagree (run5_scalar_heat-set_extension_full_range-experiment_scalar-batch1-70-70),409007,990b8aeb-222a-4d03-909c-cd9d297e89d1,2021-02-11 13:57:04,627.838,2021-02-11 12:52:40.305000,2021-02-11 13:03:08.143000,2.0,false,implied_category,hot,basement,../data/prolific_output/run5_scalar_heat-group_scalar_heat/qu70-s_qu3-batch1.csv
qu70-s_qu3-batch1.csv-1,1,NOT AVAILABLE,NOT AVAILABLE,44d44641-22cf-456b-99ee-e83419d5c276,PROLIFIC,11-Feb-2021 14:08:38,1173,46436,5689366f-814c-4555-863f-55ec20980e09,I know that (a/an) basement is hot as most or all other things similar to (a/an) basement are hot. ,I know that (a/an) merlot is alcoholic as most or all other things similar to (a/an) merlot are alcoholic. ,I know that (a/an) lemonade is alcoholic as most or all other things similar to (a/an) lemonade are alcoholic. ,5_scalar_heat-set_extension_full_range,https://app.prolific.co/submissions/complete?cc=135DD3C8,Agree or disagree (run5_scalar_heat-set_extension_full_range-experiment_scalar-batch1-70-70),409296,97a8e143-8077-49fe-9b9b-c66e7eea759a,2021-02-11 14:08:38,305.684,2021-02-11 13:05:35.161000,2021-02-11 13:10:40.845000,2.0,false,implied_category,hot,basement,../data/prolific_output/run5_scalar_heat-group_scalar_heat/qu70-s_qu3-batch1.csv
qu70-s_qu3-batch1.csv-1,1,NOT AVAILABLE,NOT AVAILABLE,01eeb5d1-2a5f-45c4-ba39-ddbf24954839,PROLIFIC,11-Feb-2021 14:56:33,1173,46436,5689366f-814c-4555-863f-55ec20980e09,I know that (a/an) basement is hot as most or all other things similar to (a/an) basement are hot. ,I know that (a/an) merlot is alcoholic as most or all other things similar to (a/an) merlot are alcoholic. ,I know that (a/an) lemonade is alcoholic as most or all other things similar to (a/an) lemonade are alcoholic. ,5_scalar_heat-set_extension_full_range,https://app.prolific.co/submissions/complete?cc=135DD3C8,Agree or disagree (run5_scalar_heat-set_extension_full_range-experiment_scalar-batch1-70-70),410383,38108acf-670b-4680-90c8-c24851618685,2021-02-11 14:56:33,814.511,2021-02-11 13:43:15.871000,2021-02-11 13:56:50.382000,4.0,false,implied_category,hot,basement,../data/prolific_output/run5_scalar_heat-group_scalar_heat/qu70-s_qu3-batch1.csv
qu70-s_qu3-batch1.csv-1,1,NOT AVAILABLE,NOT AVAILABLE,4d7f576e-160c-4416-8a0b-7548a4d8bb97,PROLIFIC,11-Feb-2021 14:15:40,1173,46436,5689366f-814c-4555-863f-55ec20980e09,I know that (a/an) basement is hot as most or all other things similar to (a/an) basement are hot. ,I know that (a/an) merlot is alcoholic as most or all other things similar to (a/an) merlot are alcoholic. ,I know that (a/an) lemonade is alcoholic as most or all other things similar to (a/an) lemonade are alcoholic. ,5_scalar_heat-set_extension_full_range,https://app.prolific.co/submissions/complete?cc=135DD3C8,Agree or disagree (run5_scalar_heat-set_extension_full_range-experiment_scalar-batch1-70-70),409572,0fc6e757-9ba4-4b30-9878-0da6f02ac848,2021-02-11 14:15:40,419.382,2021-02-11 13:13:40.482000,2021-02-11 13:20:39.864000,5.0,false,implied_category,hot,basement,../data/prolific_output/run5_scalar_heat-group_scalar_heat/qu70-s_qu3-batch1.csv
qu70-s_qu3-batch1.csv-1,1,NOT AVAILABLE,NOT AVAILABLE,3c6e8c47-52b6-40dc-912b-32b6599fd0ce,PROLIFIC,11-Feb-2021 14:00:43,1173,46436,5689366f-814c-4555-863f-55ec20980e09,I know that (a/an) basement is hot as most or all other things similar to (a/an) basement are hot. ,I know that (a/an) merlot is alcoholic as most or all other things similar to (a/an) merlot are alcoholic. ,I know that (a/an) lemonade is alcoholic as most or all other things similar to (a/an) lemonade are alcoholic. ,5_scalar_heat-set_extension_full_range,https://app.prolific.co/submissions/complete?cc=135DD3C8,Agree or disagree (run5_scalar_heat-set_extension_full_range-experiment_scalar-batch1-70-70),409143,b061ea73-acc6-45ca-9979-dd1b8bc10468,2021-02-11 14:00:43,756.898,2021-02-11 12:49:10.608000,2021-02-11 13:01:47.506000,4.0,false,implied_category,hot,basement,../data/prolific_output/run5_scalar_heat-group_scalar_heat/qu70-s_qu3-batch1.csv
qu70-s_qu3-batch1.csv-1,1,NOT AVAILABLE,NOT AVAILABLE,df22a112-e62a-4607-8c70-d22a89b1a7d6,PROLIFIC,11-Feb-2021 14:29:28,1173,46436,5689366f-814c-4555-863f-55ec20980e09,I know that (a/an) basement is hot as most or all other things similar to (a/an) basement are hot. ,I know that (a/an) merlot is alcoholic as most or all other things similar to (a/an) merlot are alcoholic. ,I know that (a/an) lemonade is alcoholic as most or all other things similar to (a/an) lemonade are alcoholic. ,5_scalar_heat-set_extension_full_range,https://app.prolific.co/submissions/complete?cc=135DD3C8,Agree or disagree (run5_scalar_heat-set_extension_full_range-experiment_scalar-batch1-70-70),409908,cc427e72-12ca-4997-b959-7e52ec163ecb,2021-02-11 14:29:28,1418.922,2021-02-11 13:25:09.172000,2021-02-11 13:48:48.094000,12.0,false,implied_category,hot,basement,../data/prolific_output/run5_scalar_heat-group_scalar_heat/qu70-s_qu3-batch1.csv
qu70-s_qu3-batch1.csv-1,1,NOT AVAILABLE,NOT AVAILABLE,ba2e5d60-1be5-4160-8883-d9dc1d2a590c,PROLIFIC,11-Feb-2021 15:00:09,1173,46436,5689366f-814c-4555-863f-55ec20980e09,I know that (a/an) basement is hot as most or all other things similar to (a/an) basement are hot. ,I know that (a/an) merlot is alcoholic as most or all other things similar to (a/an) merlot are alcoholic. ,I know that (a/an) lemonade is alcoholic as most or all other things similar to (a/an) lemonade are alcoholic. ,5_scalar_heat-set_extension_full_range,https://app.prolific.co/submissions/complete?cc=135DD3C8,Agree or disagree (run5_scalar_heat-set_extension_full_range-experiment_scalar-batch1-70-70),410438,0fdb0de8-99b1-47a1-b0c6-22e30432b3da,2021-02-11 15:00:09,506.867,2021-02-11 13:55:38.597000,2021-02-11 14:04:05.464000,3.0,false,implied_category,hot,basement,../data/prolific_output/run5_scalar_heat-group_scalar_heat/qu70-s_qu3-batch1.csv
qu70-s_qu3-batch1.csv-1,1,NOT AVAILABLE,NOT AVAILABLE,f2b79ec4-328b-4811-ad4e-e541da2cb058,PROLIFIC,11-Feb-2021 14:11:03,1173,46437,187df644-974a-4026-ade1-c85dc857c373,You can find (a/an) basement which is hot. (A/an) basement is usually either hot or not hot. It cannot be a bit more or less hot.,You can find (a/an) substance which is solid. (A/an) substance is usually either solid or not solid. It cannot be a bit more or less solid.,You can find (a/an) cushion which is soft. (A/an) cushion is usually either soft or not soft. It cannot be a bit more or less soft.,5_scalar_heat-set_extension_full_range,https://app.prolific.co/submissions/complete?cc=135DD3C8,Agree or disagree (run5_scalar_heat-set_extension_full_range-experiment_scalar-batch1-70-70),409396,6aed6eed-7575-446b-8cc2-8277f16dde7d,2021-02-11 14:11:03,538.269,2021-02-11 13:10:15.124000,2021-02-11 13:19:13.393000,4.0,true,variability_limited,hot,basement,../data/prolific_output/run5_scalar_heat-group_scalar_heat/qu70-s_qu3-batch1.csv
qu70-s_qu3-batch1.csv-1,1,NOT AVAILABLE,NOT AVAILABLE,011937c5-478d-4bcd-af78-a9232b3a0158,PROLIFIC,11-Feb-2021 15:33:37,1173,46437,187df644-974a-4026-ade1-c85dc857c373,You can find (a/an) basement which is hot. (A/an) basement is usually either hot or not hot. It cannot be a bit more or less hot.,You can find (a/an) substance which is solid. (A/an) substance is usually either solid or not solid. It cannot be a bit more or less solid.,You can find (a/an) cushion which is soft. (A/an) cushion is usually either soft or not soft. It cannot be a bit more or less soft.,5_scalar_heat-set_extension_full_range,https://app.prolific.co/submissions/complete?cc=135DD3C8,Agree or disagree (run5_scalar_heat-set_extension_full_range-experiment_scalar-batch1-70-70),410632,63cdac81-2c69-40cd-a224-ddcfb7013c80,2021-02-11 15:33:37,1856.165,2021-02-11 14:14:37.373000,2021-02-11 14:45:33.538000,15.0,false,variability_limited,hot,basement,../data/prolific_output/run5_scalar_heat-group_scalar_heat/qu70-s_qu3-batch1.csv
qu70-s_qu3-batch1.csv-1,1,NOT AVAILABLE,NOT AVAILABLE,8713bc47-83eb-4eb4-a7fb-ac15b44a0c3a,PROLIFIC,11-Feb-2021 14:01:17,1173,46437,187df644-974a-4026-ade1-c85dc857c373,You can find (a/an) basement which is hot. (A/an) basement is usually either hot or not hot. It cannot be a bit more or less hot.,You can find (a/an) substance which is solid. (A/an) substance is usually either solid or not solid. It cannot be a bit more or less solid.,You can find (a/an) cushion which is soft. (A/an) cushion is usually either soft or not soft. It cannot be a bit more or less soft.,5_scalar_heat-set_extension_full_range,https://app.prolific.co/submissions/complete?cc=135DD3C8,Agree or disagree (run5_scalar_heat-set_extension_full_range-experiment_scalar-batch1-70-70),409159,017e0a00-4a6a-4b47-9bbe-128fdd47b3f1,2021-02-11 14:01:17,627.838,2021-02-11 12:52:40.305000,2021-02-11 13:03:08.143000,4.0,false,variability_limited,hot,basement,../data/prolific_output/run5_scalar_heat-group_scalar_heat/qu70-s_qu3-batch1.csv
qu70-s_qu3-batch1.csv-1,1,NOT AVAILABLE,NOT AVAILABLE,44d44641-22cf-456b-99ee-e83419d5c276,PROLIFIC,11-Feb-2021 14:08:36,1173,46437,187df644-974a-4026-ade1-c85dc857c373,You can find (a/an) basement which is hot. (A/an) basement is usually either hot or not hot. It cannot be a bit more or less hot.,You can find (a/an) substance which is solid. (A/an) substance is usually either solid or not solid. It cannot be a bit more or less solid.,You can find (a/an) cushion which is soft. (A/an) cushion is usually either soft or not soft. It cannot be a bit more or less soft.,5_scalar_heat-set_extension_full_range,https://app.prolific.co/submissions/complete?cc=135DD3C8,Agree or disagree (run5_scalar_heat-set_extension_full_range-experiment_scalar-batch1-70-70),409295,a40fc714-0429-408b-816f-d10aae11485c,2021-02-11 14:08:36,305.684,2021-02-11 13:05:35.161000,2021-02-11 13:10:40.845000,3.0,false,variability_limited,hot,basement,../data/prolific_output/run5_scalar_heat-group_scalar_heat/qu70-s_qu3-batch1.csv
qu70-s_qu3-batch1.csv-1,1,NOT AVAILABLE,NOT AVAILABLE,01eeb5d1-2a5f-45c4-ba39-ddbf24954839,PROLIFIC,11-Feb-2021 14:55:34,1173,46437,187df644-974a-4026-ade1-c85dc857c373,You can find (a/an) basement which is hot. (A/an) basement is usually either hot or not hot. It cannot be a bit more or less hot.,You can find (a/an) substance which is solid. (A/an) substance is usually either solid or not solid. It cannot be a bit more or less solid.,You can find (a/an) cushion which is soft. (A/an) cushion is usually either soft or not soft. It cannot be a bit more or less soft.,5_scalar_heat-set_extension_full_range,https://app.prolific.co/submissions/complete?cc=135DD3C8,Agree or disagree (run5_scalar_heat-set_extension_full_range-experiment_scalar-batch1-70-70),410365,6d07b8c0-f13c-4b33-a9c9-c1c576cbb8f9,2021-02-11 14:55:34,814.511,2021-02-11 13:43:15.871000,2021-02-11 13:56:50.382000,2.0,false,variability_limited,hot,basement,../data/prolific_output/run5_scalar_heat-group_scalar_heat/qu70-s_qu3-batch1.csv
qu70-s_qu3-batch1.csv-1,1,NOT AVAILABLE,NOT AVAILABLE,4d7f576e-160c-4416-8a0b-7548a4d8bb97,PROLIFIC,11-Feb-2021 14:17:59,1173,46437,187df644-974a-4026-ade1-c85dc857c373,You can find (a/an) basement which is hot. (A/an) basement is usually either hot or not hot. It cannot be a bit more or less hot.,You can find (a/an) substance which is solid. (A/an) substance is usually either solid or not solid. It cannot be a bit more or less solid.,You can find (a/an) cushion which is soft. (A/an) cushion is usually either soft or not soft. It cannot be a bit more or less soft.,5_scalar_heat-set_extension_full_range,https://app.prolific.co/submissions/complete?cc=135DD3C8,Agree or disagree (run5_scalar_heat-set_extension_full_range-experiment_scalar-batch1-70-70),409681,f2411904-653f-48f1-9cf1-5f4500a9c5e8,2021-02-11 14:17:59,419.382,2021-02-11 13:13:40.482000,2021-02-11 13:20:39.864000,4.0,false,variability_limited,hot,basement,../data/prolific_output/run5_scalar_heat-group_scalar_heat/qu70-s_qu3-batch1.csv
qu70-s_qu3-batch1.csv-1,1,NOT AVAILABLE,NOT AVAILABLE,3c6e8c47-52b6-40dc-912b-32b6599fd0ce,PROLIFIC,11-Feb-2021 13:54:10,1173,46437,187df644-974a-4026-ade1-c85dc857c373,You can find (a/an) basement which is hot. (A/an) basement is usually either hot or not hot. It cannot be a bit more or less hot.,You can find (a/an) substance which is solid. (A/an) substance is usually either solid or not solid. It cannot be a bit more or less solid.,You can find (a/an) cushion which is soft. (A/an) cushion is usually either soft or not soft. It cannot be a bit more or less soft.,5_scalar_heat-set_extension_full_range,https://app.prolific.co/submissions/complete?cc=135DD3C8,Agree or disagree (run5_scalar_heat-set_extension_full_range-experiment_scalar-batch1-70-70),408893,ba382240-719f-41d5-9375-465763133542,2021-02-11 13:54:10,756.898,2021-02-11 12:49:10.608000,2021-02-11 13:01:47.506000,9.0,false,variability_limited,hot,basement,../data/prolific_output/run5_scalar_heat-group_scalar_heat/qu70-s_qu3-batch1.csv
qu70-s_qu3-batch1.csv-1,1,NOT AVAILABLE,NOT AVAILABLE,df22a112-e62a-4607-8c70-d22a89b1a7d6,PROLIFIC,11-Feb-2021 14:47:30,1173,46437,187df644-974a-4026-ade1-c85dc857c373,You can find (a/an) basement which is hot. (A/an) basement is usually either hot or not hot. It cannot be a bit more or less hot.,You can find (a/an) substance which is solid. (A/an) substance is usually either solid or not solid. It cannot be a bit more or less solid.,You can find (a/an) cushion which is soft. (A/an) cushion is usually either soft or not soft. It cannot be a bit more or less soft.,5_scalar_heat-set_extension_full_range,https://app.prolific.co/submissions/complete?cc=135DD3C8,Agree or disagree (run5_scalar_heat-set_extension_full_range-experiment_scalar-batch1-70-70),410186,b519feff-189e-4239-8bd3-0cdda279eced,2021-02-11 14:47:30,1418.922,2021-02-11 13:25:09.172000,2021-02-11 13:48:48.094000,4.0,false,variability_limited,hot,basement,../data/prolific_output/run5_scalar_heat-group_scalar_heat/qu70-s_qu3-batch1.csv
qu70-s_qu3-batch1.csv-1,1,NOT AVAILABLE,NOT AVAILABLE,ba2e5d60-1be5-4160-8883-d9dc1d2a590c,PROLIFIC,11-Feb-2021 15:00:02,1173,46437,187df644-974a-4026-ade1-c85dc857c373,You can find (a/an) basement which is hot. (A/an) basement is usually either hot or not hot. It cannot be a bit more or less hot.,You can find (a/an) substance which is solid. (A/an) substance is usually either solid or not solid. It cannot be a bit more or less solid.,You can find (a/an) cushion which is soft. (A/an) cushion is usually either soft or not soft. It cannot be a bit more or less soft.,5_scalar_heat-set_extension_full_range,https://app.prolific.co/submissions/complete?cc=135DD3C8,Agree or disagree (run5_scalar_heat-set_extension_full_range-experiment_scalar-batch1-70-70),410436,d5c73ded-f3e1-4304-8bc6-af5cf1dba924,2021-02-11 15:00:02,506.867,2021-02-11 13:55:38.597000,2021-02-11 14:04:05.464000,5.0,false,variability_limited,hot,basement,../data/prolific_output/run5_scalar_heat-group_scalar_heat/qu70-s_qu3-batch1.csv
qu70-s_qu3-batch1.csv-1,1,NOT AVAILABLE,NOT AVAILABLE,f2b79ec4-328b-4811-ad4e-e541da2cb058,PROLIFIC,11-Feb-2021 14:18:24,1173,46438,ad372caf-5841-4b68-850f-f80d717831e6,I know that being hot is necessary for many things (a/an) basement does or is used for. ,I know that being pointy is necessary for many things (a/an) needle does or is used for. ,I know that being white is necessary for many things (a/an) t-shirt does or is used for. ,5_scalar_heat-set_extension_full_range,https://app.prolific.co/submissions/complete?cc=135DD3C8,Agree or disagree (run5_scalar_heat-set_extension_full_range-experiment_scalar-batch1-70-70),409705,4136d45d-b952-42ce-a805-974dcc6d0db9,2021-02-11 14:18:24,538.269,2021-02-11 13:10:15.124000,2021-02-11 13:19:13.393000,3.0,false,affording_activity,hot,basement,../data/prolific_output/run5_scalar_heat-group_scalar_heat/qu70-s_qu3-batch1.csv
qu70-s_qu3-batch1.csv-1,1,NOT AVAILABLE,NOT AVAILABLE,011937c5-478d-4bcd-af78-a9232b3a0158,PROLIFIC,11-Feb-2021 15:43:13,1173,46438,ad372caf-5841-4b68-850f-f80d717831e6,I know that being hot is necessary for many things (a/an) basement does or is used for. ,I know that being pointy is necessary for many things (a/an) needle does or is used for. ,I know that being white is necessary for many things (a/an) t-shirt does or is used for. ,5_scalar_heat-set_extension_full_range,https://app.prolific.co/submissions/complete?cc=135DD3C8,Agree or disagree (run5_scalar_heat-set_extension_full_range-experiment_scalar-batch1-70-70),410674,114eaa3b-43ae-42cf-a116-0143ea58077a,2021-02-11 15:43:13,1856.165,2021-02-11 14:14:37.373000,2021-02-11 14:45:33.538000,2.0,false,affording_activity,hot,basement,../data/prolific_output/run5_scalar_heat-group_scalar_heat/qu70-s_qu3-batch1.csv
qu70-s_qu3-batch1.csv-1,1,NOT AVAILABLE,NOT AVAILABLE,8713bc47-83eb-4eb4-a7fb-ac15b44a0c3a,PROLIFIC,11-Feb-2021 14:01:09,1173,46438,ad372caf-5841-4b68-850f-f80d717831e6,I know that being hot is necessary for many things (a/an) basement does or is used for. ,I know that being pointy is necessary for many things (a/an) needle does or is used for. ,I know that being white is necessary for many things (a/an) t-shirt does or is used for. ,5_scalar_heat-set_extension_full_range,https://app.prolific.co/submissions/complete?cc=135DD3C8,Agree or disagree (run5_scalar_heat-set_extension_full_range-experiment_scalar-batch1-70-70),409155,efe85081-3c7b-4010-a683-1f4419a5424a,2021-02-11 14:01:09,627.838,2021-02-11 12:52:40.305000,2021-02-11 13:03:08.143000,2.0,false,affording_activity,hot,basement,../data/prolific_output/run5_scalar_heat-group_scalar_heat/qu70-s_qu3-batch1.csv
qu70-s_qu3-batch1.csv-1,1,NOT AVAILABLE,NOT AVAILABLE,44d44641-22cf-456b-99ee-e83419d5c276,PROLIFIC,11-Feb-2021 14:06:34,1173,46438,ad372caf-5841-4b68-850f-f80d717831e6,I know that being hot is necessary for many things (a/an) basement does or is used for. ,I know that being pointy is necessary for many things (a/an) needle does or is used for. ,I know that being white is necessary for many things (a/an) t-shirt does or is used for. ,5_scalar_heat-set_extension_full_range,https://app.prolific.co/submissions/complete?cc=135DD3C8,Agree or disagree (run5_scalar_heat-set_extension_full_range-experiment_scalar-batch1-70-70),409241,0c39288d-ff3e-453c-8968-3fcc7461d875,2021-02-11 14:06:34,305.684,2021-02-11 13:05:35.161000,2021-02-11 13:10:40.845000,5.0,false,affording_activity,hot,basement,../data/prolific_output/run5_scalar_heat-group_scalar_heat/qu70-s_qu3-batch1.csv
qu70-s_qu3-batch1.csv-1,1,NOT AVAILABLE,NOT AVAILABLE,01eeb5d1-2a5f-45c4-ba39-ddbf24954839,PROLIFIC,11-Feb-2021 14:56:09,1173,46438,ad372caf-5841-4b68-850f-f80d717831e6,I know that being hot is necessary for many things (a/an) basement does or is used for. ,I know that being pointy is necessary for many things (a/an) needle does or is used for. ,I know that being white is necessary for many things (a/an) t-shirt does or is used for. ,5_scalar_heat-set_extension_full_range,https://app.prolific.co/submissions/complete?cc=135DD3C8,Agree or disagree (run5_scalar_heat-set_extension_full_range-experiment_scalar-batch1-70-70),410376,e042bfb4-328e-4a99-a13d-4f5032ed08a1,2021-02-11 14:56:09,814.511,2021-02-11 13:43:15.871000,2021-02-11 13:56:50.382000,3.0,false,affording_activity,hot,basement,../data/prolific_output/run5_scalar_heat-group_scalar_heat/qu70-s_qu3-batch1.csv
qu70-s_qu3-batch1.csv-1,1,NOT AVAILABLE,NOT AVAILABLE,4d7f576e-160c-4416-8a0b-7548a4d8bb97,PROLIFIC,11-Feb-2021 14:16:50,1173,46438,ad372caf-5841-4b68-850f-f80d717831e6,I know that being hot is necessary for many things (a/an) basement does or is used for. ,I know that being pointy is necessary for many things (a/an) needle does or is used for. ,I know that being white is necessary for many things (a/an) t-shirt does or is used for. ,5_scalar_heat-set_extension_full_range,https://app.prolific.co/submissions/complete?cc=135DD3C8,Agree or disagree (run5_scalar_heat-set_extension_full_range-experiment_scalar-batch1-70-70),409631,271014e0-ad72-4da6-86a7-92876c417bef,2021-02-11 14:16:50,419.382,2021-02-11 13:13:40.482000,2021-02-11 13:20:39.864000,3.0,false,affording_activity,hot,basement,../data/prolific_output/run5_scalar_heat-group_scalar_heat/qu70-s_qu3-batch1.csv
qu70-s_qu3-batch1.csv-1,1,NOT AVAILABLE,NOT AVAILABLE,3c6e8c47-52b6-40dc-912b-32b6599fd0ce,PROLIFIC,11-Feb-2021 13:53:34,1173,46438,ad372caf-5841-4b68-850f-f80d717831e6,I know that being hot is necessary for many things (a/an) basement does or is used for. ,I know that being pointy is necessary for many things (a/an) needle does or is used for. ,I know that being white is necessary for many things (a/an) t-shirt does or is used for. ,5_scalar_heat-set_extension_full_range,https://app.prolific.co/submissions/complete?cc=135DD3C8,Agree or disagree (run5_scalar_heat-set_extension_full_range-experiment_scalar-batch1-70-70),408872,615d3507-629f-4340-89e7-eb5224e7437b,2021-02-11 13:53:34,756.898,2021-02-11 12:49:10.608000,2021-02-11 13:01:47.506000,5.0,false,affording_activity,hot,basement,../data/prolific_output/run5_scalar_heat-group_scalar_heat/qu70-s_qu3-batch1.csv
qu70-s_qu3-batch1.csv-1,1,NOT AVAILABLE,NOT AVAILABLE,df22a112-e62a-4607-8c70-d22a89b1a7d6,PROLIFIC,11-Feb-2021 14:39:28,1173,46438,ad372caf-5841-4b68-850f-f80d717831e6,I know that being hot is necessary for many things (a/an) basement does or is used for. ,I know that being pointy is necessary for many things (a/an) needle does or is used for. ,I know that being white is necessary for many things (a/an) t-shirt does or is used for. ,5_scalar_heat-set_extension_full_range,https://app.prolific.co/submissions/complete?cc=135DD3C8,Agree or disagree (run5_scalar_heat-set_extension_full_range-experiment_scalar-batch1-70-70),410090,b4af2b93-0858-4fee-8fa7-cf8895fa8cb6,2021-02-11 14:39:28,1418.922,2021-02-11 13:25:09.172000,2021-02-11 13:48:48.094000,5.0,false,affording_activity,hot,basement,../data/prolific_output/run5_scalar_heat-group_scalar_heat/qu70-s_qu3-batch1.csv
qu70-s_qu3-batch1.csv-1,1,NOT AVAILABLE,NOT AVAILABLE,ba2e5d60-1be5-4160-8883-d9dc1d2a590c,PROLIFIC,11-Feb-2021 15:01:18,1173,46438,ad372caf-5841-4b68-850f-f80d717831e6,I know that being hot is necessary for many things (a/an) basement does or is used for. ,I know that being pointy is necessary for many things (a/an) needle does or is used for. ,I know that being white is necessary for many things (a/an) t-shirt does or is used for. ,5_scalar_heat-set_extension_full_range,https://app.prolific.co/submissions/complete?cc=135DD3C8,Agree or disagree (run5_scalar_heat-set_extension_full_range-experiment_scalar-batch1-70-70),410454,408783fe-117a-44ad-9c1a-b3b7fb19f9a3,2021-02-11 15:01:18,506.867,2021-02-11 13:55:38.597000,2021-02-11 14:04:05.464000,7.0,false,affording_activity,hot,basement,../data/prolific_output/run5_scalar_heat-group_scalar_heat/qu70-s_qu3-batch1.csv
qu70-s_qu3-batch1.csv-1,1,NOT AVAILABLE,NOT AVAILABLE,f2b79ec4-328b-4811-ad4e-e541da2cb058,PROLIFIC,11-Feb-2021 14:10:56,1173,46439,8d87e08f-03d4-49d6-8f5b-920c6b5716e7,You can find (a/an) bikini which is warm. (A/an) bikini is usually either warm or not warm. It cannot be a bit more or less warm.,You can find (a/an) substance which is solid. (A/an) substance is usually either solid or not solid. It cannot be a bit more or less solid.,You can find (a/an) cushion which is soft. (A/an) cushion is usually either soft or not soft. It cannot be a bit more or less soft.,5_scalar_heat-set_extension_full_range,https://app.prolific.co/submissions/complete?cc=135DD3C8,Agree or disagree (run5_scalar_heat-set_extension_full_range-experiment_scalar-batch1-70-70),409393,cffa386d-eacc-4fcc-a9be-e1924307b519,2021-02-11 14:10:56,538.269,2021-02-11 13:10:15.124000,2021-02-11 13:19:13.393000,4.0,false,variability_limited,warm,bikini,../data/prolific_output/run5_scalar_heat-group_scalar_heat/qu70-s_qu3-batch1.csv
qu70-s_qu3-batch1.csv-1,1,NOT AVAILABLE,NOT AVAILABLE,011937c5-478d-4bcd-af78-a9232b3a0158,PROLIFIC,11-Feb-2021 15:37:19,1173,46439,8d87e08f-03d4-49d6-8f5b-920c6b5716e7,You can find (a/an) bikini which is warm. (A/an) bikini is usually either warm or not warm. It cannot be a bit more or less warm.,You can find (a/an) substance which is solid. (A/an) substance is usually either solid or not solid. It cannot be a bit more or less solid.,You can find (a/an) cushion which is soft. (A/an) cushion is usually either soft or not soft. It cannot be a bit more or less soft.,5_scalar_heat-set_extension_full_range,https://app.prolific.co/submissions/complete?cc=135DD3C8,Agree or disagree (run5_scalar_heat-set_extension_full_range-experiment_scalar-batch1-70-70),410650,de3882c1-28fa-40c6-820b-db7a8239dc25,2021-02-11 15:37:19,1856.165,2021-02-11 14:14:37.373000,2021-02-11 14:45:33.538000,3.0,false,variability_limited,warm,bikini,../data/prolific_output/run5_scalar_heat-group_scalar_heat/qu70-s_qu3-batch1.csv
qu70-s_qu3-batch1.csv-1,1,NOT AVAILABLE,NOT AVAILABLE,8713bc47-83eb-4eb4-a7fb-ac15b44a0c3a,PROLIFIC,11-Feb-2021 13:55:59,1173,46439,8d87e08f-03d4-49d6-8f5b-920c6b5716e7,You can find (a/an) bikini which is warm. (A/an) bikini is usually either warm or not warm. It cannot be a bit more or less warm.,You can find (a/an) substance which is solid. (A/an) substance is usually either solid or not solid. It cannot be a bit more or less solid.,You can find (a/an) cushion which is soft. (A/an) cushion is usually either soft or not soft. It cannot be a bit more or less soft.,5_scalar_heat-set_extension_full_range,https://app.prolific.co/submissions/complete?cc=135DD3C8,Agree or disagree (run5_scalar_heat-set_extension_full_range-experiment_scalar-batch1-70-70),408965,66a44d78-27d1-4247-9e78-ccfa265d1cf5,2021-02-11 13:55:59,627.838,2021-02-11 12:52:40.305000,2021-02-11 13:03:08.143000,4.0,false,variability_limited,warm,bikini,../data/prolific_output/run5_scalar_heat-group_scalar_heat/qu70-s_qu3-batch1.csv
qu70-s_qu3-batch1.csv-1,1,NOT AVAILABLE,NOT AVAILABLE,44d44641-22cf-456b-99ee-e83419d5c276,PROLIFIC,11-Feb-2021 14:10:28,1173,46439,8d87e08f-03d4-49d6-8f5b-920c6b5716e7,You can find (a/an) bikini which is warm. (A/an) bikini is usually either warm or not warm. It cannot be a bit more or less warm.,You can find (a/an) substance which is solid. (A/an) substance is usually either solid or not solid. It cannot be a bit more or less solid.,You can find (a/an) cushion which is soft. (A/an) cushion is usually either soft or not soft. It cannot be a bit more or less soft.,5_scalar_heat-set_extension_full_range,https://app.prolific.co/submissions/complete?cc=135DD3C8,Agree or disagree (run5_scalar_heat-set_extension_full_range-experiment_scalar-batch1-70-70),409377,d99ebe1e-2516-4076-962b-60f6ec02d5a9,2021-02-11 14:10:28,305.684,2021-02-11 13:05:35.161000,2021-02-11 13:10:40.845000,4.0,false,variability_limited,warm,bikini,../data/prolific_output/run5_scalar_heat-group_scalar_heat/qu70-s_qu3-batch1.csv
qu70-s_qu3-batch1.csv-1,1,NOT AVAILABLE,NOT AVAILABLE,01eeb5d1-2a5f-45c4-ba39-ddbf24954839,PROLIFIC,11-Feb-2021 14:48:54,1173,46439,8d87e08f-03d4-49d6-8f5b-920c6b5716e7,You can find (a/an) bikini which is warm. (A/an) bikini is usually either warm or not warm. It cannot be a bit more or less warm.,You can find (a/an) substance which is solid. (A/an) substance is usually either solid or not solid. It cannot be a bit more or less solid.,You can find (a/an) cushion which is soft. (A/an) cushion is usually either soft or not soft. It cannot be a bit more or less soft.,5_scalar_heat-set_extension_full_range,https://app.prolific.co/submissions/complete?cc=135DD3C8,Agree or disagree (run5_scalar_heat-set_extension_full_range-experiment_scalar-batch1-70-70),410216,2c97d0b9-35c9-4019-bc62-d42c320eaee2,2021-02-11 14:48:54,814.511,2021-02-11 13:43:15.871000,2021-02-11 13:56:50.382000,3.0,false,variability_limited,warm,bikini,../data/prolific_output/run5_scalar_heat-group_scalar_heat/qu70-s_qu3-batch1.csv
qu70-s_qu3-batch1.csv-1,1,NOT AVAILABLE,NOT AVAILABLE,4d7f576e-160c-4416-8a0b-7548a4d8bb97,PROLIFIC,11-Feb-2021 14:15:48,1173,46439,8d87e08f-03d4-49d6-8f5b-920c6b5716e7,You can find (a/an) bikini which is warm. (A/an) bikini is usually either warm or not warm. It cannot be a bit more or less warm.,You can find (a/an) substance which is solid. (A/an) substance is usually either solid or not solid. It cannot be a bit more or less solid.,You can find (a/an) cushion which is soft. (A/an) cushion is usually either soft or not soft. It cannot be a bit more or less soft.,5_scalar_heat-set_extension_full_range,https://app.prolific.co/submissions/complete?cc=135DD3C8,Agree or disagree (run5_scalar_heat-set_extension_full_range-experiment_scalar-batch1-70-70),409582,3eb4705a-b37e-4f18-8e39-bbae06287018,2021-02-11 14:15:48,419.382,2021-02-11 13:13:40.482000,2021-02-11 13:20:39.864000,5.0,false,variability_limited,warm,bikini,../data/prolific_output/run5_scalar_heat-group_scalar_heat/qu70-s_qu3-batch1.csv
qu70-s_qu3-batch1.csv-1,1,NOT AVAILABLE,NOT AVAILABLE,3c6e8c47-52b6-40dc-912b-32b6599fd0ce,PROLIFIC,11-Feb-2021 13:57:08,1173,46439,8d87e08f-03d4-49d6-8f5b-920c6b5716e7,You can find (a/an) bikini which is warm. (A/an) bikini is usually either warm or not warm. It cannot be a bit more or less warm.,You can find (a/an) substance which is solid. (A/an) substance is usually either solid or not solid. It cannot be a bit more or less solid.,You can find (a/an) cushion which is soft. (A/an) cushion is usually either soft or not soft. It cannot be a bit more or less soft.,5_scalar_heat-set_extension_full_range,https://app.prolific.co/submissions/complete?cc=135DD3C8,Agree or disagree (run5_scalar_heat-set_extension_full_range-experiment_scalar-batch1-70-70),409008,96e5057b-8bcd-4c45-afed-b27e317f0d74,2021-02-11 13:57:08,756.898,2021-02-11 12:49:10.608000,2021-02-11 13:01:47.506000,6.0,false,variability_limited,warm,bikini,../data/prolific_output/run5_scalar_heat-group_scalar_heat/qu70-s_qu3-batch1.csv
qu70-s_qu3-batch1.csv-1,1,NOT AVAILABLE,NOT AVAILABLE,df22a112-e62a-4607-8c70-d22a89b1a7d6,PROLIFIC,11-Feb-2021 14:26:31,1173,46439,8d87e08f-03d4-49d6-8f5b-920c6b5716e7,You can find (a/an) bikini which is warm. (A/an) bikini is usually either warm or not warm. It cannot be a bit more or less warm.,You can find (a/an) substance which is solid. (A/an) substance is usually either solid or not solid. It cannot be a bit more or less solid.,You can find (a/an) cushion which is soft. (A/an) cushion is usually either soft or not soft. It cannot be a bit more or less soft.,5_scalar_heat-set_extension_full_range,https://app.prolific.co/submissions/complete?cc=135DD3C8,Agree or disagree (run5_scalar_heat-set_extension_full_range-experiment_scalar-batch1-70-70),409862,b69cad5b-8684-4528-b05f-062c3f18aea1,2021-02-11 14:26:31,1418.922,2021-02-11 13:25:09.172000,2021-02-11 13:48:48.094000,81.828,false,variability_limited,warm,bikini,../data/prolific_output/run5_scalar_heat-group_scalar_heat/qu70-s_qu3-batch1.csv
qu70-s_qu3-batch1.csv-1,1,NOT AVAILABLE,NOT AVAILABLE,ba2e5d60-1be5-4160-8883-d9dc1d2a590c,PROLIFIC,11-Feb-2021 15:01:51,1173,46439,8d87e08f-03d4-49d6-8f5b-920c6b5716e7,You can find (a/an) bikini which is warm. (A/an) bikini is usually either warm or not warm. It cannot be a bit more or less warm.,You can find (a/an) substance which is solid. (A/an) substance is usually either solid or not solid. It cannot be a bit more or less solid.,You can find (a/an) cushion which is soft. (A/an) cushion is usually either soft or not soft. It cannot be a bit more or less soft.,5_scalar_heat-set_extension_full_range,https://app.prolific.co/submissions/complete?cc=135DD3C8,Agree or disagree (run5_scalar_heat-set_extension_full_range-experiment_scalar-batch1-70-70),410461,22fe681d-09a2-4d40-a757-2c392121ac62,2021-02-11 15:01:51,506.867,2021-02-11 13:55:38.597000,2021-02-11 14:04:05.464000,4.0,false,variability_limited,warm,bikini,../data/prolific_output/run5_scalar_heat-group_scalar_heat/qu70-s_qu3-batch1.csv
qu70-s_qu3-batch1.csv-1,1,NOT AVAILABLE,NOT AVAILABLE,f2b79ec4-328b-4811-ad4e-e541da2cb058,PROLIFIC,11-Feb-2021 14:18:52,1173,46440,ecc5b66a-0acd-4d8e-8cfc-6aed40399018,I know that (a/an) bikini is warm as most or all other things similar to (a/an) bikini are warm. ,I know that (a/an) wine is liquid as most or all other things similar to (a/an) wine are liquid. ,I know that (a/an) bread is liquid as most or all other things similar to (a/an) bread are liquid. ,5_scalar_heat-set_extension_full_range,https://app.prolific.co/submissions/complete?cc=135DD3C8,Agree or disagree (run5_scalar_heat-set_extension_full_range-experiment_scalar-batch1-70-70),409731,bfb7610a-2f97-4d24-a457-e9147a5ab167,2021-02-11 14:18:52,538.269,2021-02-11 13:10:15.124000,2021-02-11 13:19:13.393000,3.0,false,implied_category,warm,bikini,../data/prolific_output/run5_scalar_heat-group_scalar_heat/qu70-s_qu3-batch1.csv
qu70-s_qu3-batch1.csv-1,1,NOT AVAILABLE,NOT AVAILABLE,011937c5-478d-4bcd-af78-a9232b3a0158,PROLIFIC,11-Feb-2021 15:43:15,1173,46440,ecc5b66a-0acd-4d8e-8cfc-6aed40399018,I know that (a/an) bikini is warm as most or all other things similar to (a/an) bikini are warm. ,I know that (a/an) wine is liquid as most or all other things similar to (a/an) wine are liquid. ,I know that (a/an) bread is liquid as most or all other things similar to (a/an) bread are liquid. ,5_scalar_heat-set_extension_full_range,https://app.prolific.co/submissions/complete?cc=135DD3C8,Agree or disagree (run5_scalar_heat-set_extension_full_range-experiment_scalar-batch1-70-70),410675,3687d9e4-53b6-4eb8-a0db-6789e5d842de,2021-02-11 15:43:15,1856.165,2021-02-11 14:14:37.373000,2021-02-11 14:45:33.538000,2.0,false,implied_category,warm,bikini,../data/prolific_output/run5_scalar_heat-group_scalar_heat/qu70-s_qu3-batch1.csv
qu70-s_qu3-batch1.csv-1,1,NOT AVAILABLE,NOT AVAILABLE,8713bc47-83eb-4eb4-a7fb-ac15b44a0c3a,PROLIFIC,11-Feb-2021 13:58:19,1173,46440,ecc5b66a-0acd-4d8e-8cfc-6aed40399018,I know that (a/an) bikini is warm as most or all other things similar to (a/an) bikini are warm. ,I know that (a/an) wine is liquid as most or all other things similar to (a/an) wine are liquid. ,I know that (a/an) bread is liquid as most or all other things similar to (a/an) bread are liquid. ,5_scalar_heat-set_extension_full_range,https://app.prolific.co/submissions/complete?cc=135DD3C8,Agree or disagree (run5_scalar_heat-set_extension_full_range-experiment_scalar-batch1-70-70),409064,b50eeee4-3b30-4b77-ae8b-b57632f4699e,2021-02-11 13:58:19,627.838,2021-02-11 12:52:40.305000,2021-02-11 13:03:08.143000,2.0,false,implied_category,warm,bikini,../data/prolific_output/run5_scalar_heat-group_scalar_heat/qu70-s_qu3-batch1.csv
qu70-s_qu3-batch1.csv-1,1,NOT AVAILABLE,NOT AVAILABLE,44d44641-22cf-456b-99ee-e83419d5c276,PROLIFIC,11-Feb-2021 14:10:23,1173,46440,ecc5b66a-0acd-4d8e-8cfc-6aed40399018,I know that (a/an) bikini is warm as most or all other things similar to (a/an) bikini are warm. ,I know that (a/an) wine is liquid as most or all other things similar to (a/an) wine are liquid. ,I know that (a/an) bread is liquid as most or all other things similar to (a/an) bread are liquid. ,5_scalar_heat-set_extension_full_range,https://app.prolific.co/submissions/complete?cc=135DD3C8,Agree or disagree (run5_scalar_heat-set_extension_full_range-experiment_scalar-batch1-70-70),409370,4ddbf7ff-123a-4d83-8d96-300a5d58368d,2021-02-11 14:10:23,305.684,2021-02-11 13:05:35.161000,2021-02-11 13:10:40.845000,3.0,false,implied_category,warm,bikini,../data/prolific_output/run5_scalar_heat-group_scalar_heat/qu70-s_qu3-batch1.csv
qu70-s_qu3-batch1.csv-1,1,NOT AVAILABLE,NOT AVAILABLE,01eeb5d1-2a5f-45c4-ba39-ddbf24954839,PROLIFIC,11-Feb-2021 14:46:55,1173,46440,ecc5b66a-0acd-4d8e-8cfc-6aed40399018,I know that (a/an) bikini is warm as most or all other things similar to (a/an) bikini are warm. ,I know that (a/an) wine is liquid as most or all other things similar to (a/an) wine are liquid. ,I know that (a/an) bread is liquid as most or all other things similar to (a/an) bread are liquid. ,5_scalar_heat-set_extension_full_range,https://app.prolific.co/submissions/complete?cc=135DD3C8,Agree or disagree (run5_scalar_heat-set_extension_full_range-experiment_scalar-batch1-70-70),410167,eb34fdcd-8e13-4b8f-947c-d6b3a6e8fa35,2021-02-11 14:46:55,814.511,2021-02-11 13:43:15.871000,2021-02-11 13:56:50.382000,5.0,false,implied_category,warm,bikini,../data/prolific_output/run5_scalar_heat-group_scalar_heat/qu70-s_qu3-batch1.csv
qu70-s_qu3-batch1.csv-1,1,NOT AVAILABLE,NOT AVAILABLE,4d7f576e-160c-4416-8a0b-7548a4d8bb97,PROLIFIC,11-Feb-2021 14:14:35,1173,46440,ecc5b66a-0acd-4d8e-8cfc-6aed40399018,I know that (a/an) bikini is warm as most or all other things similar to (a/an) bikini are warm. ,I know that (a/an) wine is liquid as most or all other things similar to (a/an) wine are liquid. ,I know that (a/an) bread is liquid as most or all other things similar to (a/an) bread are liquid. ,5_scalar_heat-set_extension_full_range,https://app.prolific.co/submissions/complete?cc=135DD3C8,Agree or disagree (run5_scalar_heat-set_extension_full_range-experiment_scalar-batch1-70-70),409513,b6d593f4-096c-4cf5-a498-4cf8c4309863,2021-02-11 14:14:35,419.382,2021-02-11 13:13:40.482000,2021-02-11 13:20:39.864000,3.0,false,implied_category,warm,bikini,../data/prolific_output/run5_scalar_heat-group_scalar_heat/qu70-s_qu3-batch1.csv
qu70-s_qu3-batch1.csv-1,1,NOT AVAILABLE,NOT AVAILABLE,3c6e8c47-52b6-40dc-912b-32b6599fd0ce,PROLIFIC,11-Feb-2021 13:58:29,1173,46440,ecc5b66a-0acd-4d8e-8cfc-6aed40399018,I know that (a/an) bikini is warm as most or all other things similar to (a/an) bikini are warm. ,I know that (a/an) wine is liquid as most or all other things similar to (a/an) wine are liquid. ,I know that (a/an) bread is liquid as most or all other things similar to (a/an) bread are liquid. ,5_scalar_heat-set_extension_full_range,https://app.prolific.co/submissions/complete?cc=135DD3C8,Agree or disagree (run5_scalar_heat-set_extension_full_range-experiment_scalar-batch1-70-70),409069,5a25003c-476b-4342-9725-d4f61d420c34,2021-02-11 13:58:29,756.898,2021-02-11 12:49:10.608000,2021-02-11 13:01:47.506000,4.0,false,implied_category,warm,bikini,../data/prolific_output/run5_scalar_heat-group_scalar_heat/qu70-s_qu3-batch1.csv
qu70-s_qu3-batch1.csv-1,1,NOT AVAILABLE,NOT AVAILABLE,df22a112-e62a-4607-8c70-d22a89b1a7d6,PROLIFIC,11-Feb-2021 14:39:51,1173,46440,ecc5b66a-0acd-4d8e-8cfc-6aed40399018,I know that (a/an) bikini is warm as most or all other things similar to (a/an) bikini are warm. ,I know that (a/an) wine is liquid as most or all other things similar to (a/an) wine are liquid. ,I know that (a/an) bread is liquid as most or all other things similar to (a/an) bread are liquid. ,5_scalar_heat-set_extension_full_range,https://app.prolific.co/submissions/complete?cc=135DD3C8,Agree or disagree (run5_scalar_heat-set_extension_full_range-experiment_scalar-batch1-70-70),410097,ccb337e3-de71-4124-a31e-d1c714463a60,2021-02-11 14:39:51,1418.922,2021-02-11 13:25:09.172000,2021-02-11 13:48:48.094000,3.0,false,implied_category,warm,bikini,../data/prolific_output/run5_scalar_heat-group_scalar_heat/qu70-s_qu3-batch1.csv
qu70-s_qu3-batch1.csv-1,1,NOT AVAILABLE,NOT AVAILABLE,ba2e5d60-1be5-4160-8883-d9dc1d2a590c,PROLIFIC,11-Feb-2021 14:59:57,1173,46440,ecc5b66a-0acd-4d8e-8cfc-6aed40399018,I know that (a/an) bikini is warm as most or all other things similar to (a/an) bikini are warm. ,I know that (a/an) wine is liquid as most or all other things similar to (a/an) wine are liquid. ,I know that (a/an) bread is liquid as most or all other things similar to (a/an) bread are liquid. ,5_scalar_heat-set_extension_full_range,https://app.prolific.co/submissions/complete?cc=135DD3C8,Agree or disagree (run5_scalar_heat-set_extension_full_range-experiment_scalar-batch1-70-70),410435,0338f605-d586-45c5-824c-f45f861a724a,2021-02-11 14:59:57,506.867,2021-02-11 13:55:38.597000,2021-02-11 14:04:05.464000,3.0,true,implied_category,warm,bikini,../data/prolific_output/run5_scalar_heat-group_scalar_heat/qu70-s_qu3-batch1.csv
qu70-s_qu3-batch1.csv-1,1,NOT AVAILABLE,NOT AVAILABLE,f2b79ec4-328b-4811-ad4e-e541da2cb058,PROLIFIC,11-Feb-2021 14:17:55,1173,46441,6f2f98a9-2133-4622-be77-1678862b534e,``Bikini'' is one of the first things which come to mind when I hear ``warm' because (a/an) bikini is a typical example of things which are warm'. ,``Feather'' is one of the first things which come to mind when I hear ``light' because (a/an) feather is a typical example of things which are light'. ,``Mug'' is one of the first things which come to mind when I hear ``bright' because (a/an) mug is a typical example of things which are bright'. ,5_scalar_heat-set_extension_full_range,https://app.prolific.co/submissions/complete?cc=135DD3C8,Agree or disagree (run5_scalar_heat-set_extension_full_range-experiment_scalar-batch1-70-70),409677,6dd17c00-dbb0-41dd-9ff3-7e934a8e4a84,2021-02-11 14:17:55,538.269,2021-02-11 13:10:15.124000,2021-02-11 13:19:13.393000,2.0,false,typical_of_property,warm,bikini,../data/prolific_output/run5_scalar_heat-group_scalar_heat/qu70-s_qu3-batch1.csv
qu70-s_qu3-batch1.csv-1,1,NOT AVAILABLE,NOT AVAILABLE,011937c5-478d-4bcd-af78-a9232b3a0158,PROLIFIC,11-Feb-2021 15:34:51,1173,46441,6f2f98a9-2133-4622-be77-1678862b534e,``Bikini'' is one of the first things which come to mind when I hear ``warm' because (a/an) bikini is a typical example of things which are warm'. ,``Feather'' is one of the first things which come to mind when I hear ``light' because (a/an) feather is a typical example of things which are light'. ,``Mug'' is one of the first things which come to mind when I hear ``bright' because (a/an) mug is a typical example of things which are bright'. ,5_scalar_heat-set_extension_full_range,https://app.prolific.co/submissions/complete?cc=135DD3C8,Agree or disagree (run5_scalar_heat-set_extension_full_range-experiment_scalar-batch1-70-70),410638,7f09207f-e4ff-4797-b5d1-d22e1f13ca94,2021-02-11 15:34:51,1856.165,2021-02-11 14:14:37.373000,2021-02-11 14:45:33.538000,26.0,false,typical_of_property,warm,bikini,../data/prolific_output/run5_scalar_heat-group_scalar_heat/qu70-s_qu3-batch1.csv
qu70-s_qu3-batch1.csv-1,1,NOT AVAILABLE,NOT AVAILABLE,8713bc47-83eb-4eb4-a7fb-ac15b44a0c3a,PROLIFIC,11-Feb-2021 13:58:17,1173,46441,6f2f98a9-2133-4622-be77-1678862b534e,``Bikini'' is one of the first things which come to mind when I hear ``warm' because (a/an) bikini is a typical example of things which are warm'. ,``Feather'' is one of the first things which come to mind when I hear ``light' because (a/an) feather is a typical example of things which are light'. ,``Mug'' is one of the first things which come to mind when I hear ``bright' because (a/an) mug is a typical example of things which are bright'. ,5_scalar_heat-set_extension_full_range,https://app.prolific.co/submissions/complete?cc=135DD3C8,Agree or disagree (run5_scalar_heat-set_extension_full_range-experiment_scalar-batch1-70-70),409063,84926535-988b-4dc8-9400-352e129be6ea,2021-02-11 13:58:17,627.838,2021-02-11 12:52:40.305000,2021-02-11 13:03:08.143000,2.0,false,typical_of_property,warm,bikini,../data/prolific_output/run5_scalar_heat-group_scalar_heat/qu70-s_qu3-batch1.csv
qu70-s_qu3-batch1.csv-1,1,NOT AVAILABLE,NOT AVAILABLE,44d44641-22cf-456b-99ee-e83419d5c276,PROLIFIC,11-Feb-2021 14:08:31,1173,46441,6f2f98a9-2133-4622-be77-1678862b534e,``Bikini'' is one of the first things which come to mind when I hear ``warm' because (a/an) bikini is a typical example of things which are warm'. ,``Feather'' is one of the first things which come to mind when I hear ``light' because (a/an) feather is a typical example of things which are light'. ,``Mug'' is one of the first things which come to mind when I hear ``bright' because (a/an) mug is a typical example of things which are bright'. ,5_scalar_heat-set_extension_full_range,https://app.prolific.co/submissions/complete?cc=135DD3C8,Agree or disagree (run5_scalar_heat-set_extension_full_range-experiment_scalar-batch1-70-70),409292,a244072a-e70e-4c4b-a579-e0dfeb28360a,2021-02-11 14:08:31,305.684,2021-02-11 13:05:35.161000,2021-02-11 13:10:40.845000,3.0,false,typical_of_property,warm,bikini,../data/prolific_output/run5_scalar_heat-group_scalar_heat/qu70-s_qu3-batch1.csv
qu70-s_qu3-batch1.csv-1,1,NOT AVAILABLE,NOT AVAILABLE,01eeb5d1-2a5f-45c4-ba39-ddbf24954839,PROLIFIC,11-Feb-2021 14:50:30,1173,46441,6f2f98a9-2133-4622-be77-1678862b534e,``Bikini'' is one of the first things which come to mind when I hear ``warm' because (a/an) bikini is a typical example of things which are warm'. ,``Feather'' is one of the first things which come to mind when I hear ``light' because (a/an) feather is a typical example of things which are light'. ,``Mug'' is one of the first things which come to mind when I hear ``bright' because (a/an) mug is a typical example of things which are bright'. ,5_scalar_heat-set_extension_full_range,https://app.prolific.co/submissions/complete?cc=135DD3C8,Agree or disagree (run5_scalar_heat-set_extension_full_range-experiment_scalar-batch1-70-70),410237,2e51c042-232b-4ded-95b0-a5235cc27eb4,2021-02-11 14:50:30,814.511,2021-02-11 13:43:15.871000,2021-02-11 13:56:50.382000,4.0,false,typical_of_property,warm,bikini,../data/prolific_output/run5_scalar_heat-group_scalar_heat/qu70-s_qu3-batch1.csv
qu70-s_qu3-batch1.csv-1,1,NOT AVAILABLE,NOT AVAILABLE,4d7f576e-160c-4416-8a0b-7548a4d8bb97,PROLIFIC,11-Feb-2021 14:15:43,1173,46441,6f2f98a9-2133-4622-be77-1678862b534e,``Bikini'' is one of the first things which come to mind when I hear ``warm' because (a/an) bikini is a typical example of things which are warm'. ,``Feather'' is one of the first things which come to mind when I hear ``light' because (a/an) feather is a typical example of things which are light'. ,``Mug'' is one of the first things which come to mind when I hear ``bright' because (a/an) mug is a typical example of things which are bright'. ,5_scalar_heat-set_extension_full_range,https://app.prolific.co/submissions/complete?cc=135DD3C8,Agree or disagree (run5_scalar_heat-set_extension_full_range-experiment_scalar-batch1-70-70),409575,834b1a4c-d4e1-4a37-996e-00c98dad4d39,2021-02-11 14:15:43,419.382,2021-02-11 13:13:40.482000,2021-02-11 13:20:39.864000,3.0,false,typical_of_property,warm,bikini,../data/prolific_output/run5_scalar_heat-group_scalar_heat/qu70-s_qu3-batch1.csv
qu70-s_qu3-batch1.csv-1,1,NOT AVAILABLE,NOT AVAILABLE,3c6e8c47-52b6-40dc-912b-32b6599fd0ce,PROLIFIC,11-Feb-2021 13:57:33,1173,46441,6f2f98a9-2133-4622-be77-1678862b534e,``Bikini'' is one of the first things which come to mind when I hear ``warm' because (a/an) bikini is a typical example of things which are warm'. ,``Feather'' is one of the first things which come to mind when I hear ``light' because (a/an) feather is a typical example of things which are light'. ,``Mug'' is one of the first things which come to mind when I hear ``bright' because (a/an) mug is a typical example of things which are bright'. ,5_scalar_heat-set_extension_full_range,https://app.prolific.co/submissions/complete?cc=135DD3C8,Agree or disagree (run5_scalar_heat-set_extension_full_range-experiment_scalar-batch1-70-70),409030,f9056371-1440-40be-bcbc-e32da76dc74e,2021-02-11 13:57:33,756.898,2021-02-11 12:49:10.608000,2021-02-11 13:01:47.506000,4.0,false,typical_of_property,warm,bikini,../data/prolific_output/run5_scalar_heat-group_scalar_heat/qu70-s_qu3-batch1.csv
qu70-s_qu3-batch1.csv-1,1,NOT AVAILABLE,NOT AVAILABLE,df22a112-e62a-4607-8c70-d22a89b1a7d6,PROLIFIC,11-Feb-2021 14:34:05,1173,46441,6f2f98a9-2133-4622-be77-1678862b534e,``Bikini'' is one of the first things which come to mind when I hear ``warm' because (a/an) bikini is a typical example of things which are warm'. ,``Feather'' is one of the first things which come to mind when I hear ``light' because (a/an) feather is a typical example of things which are light'. ,``Mug'' is one of the first things which come to mind when I hear ``bright' because (a/an) mug is a typical example of things which are bright'. ,5_scalar_heat-set_extension_full_range,https://app.prolific.co/submissions/complete?cc=135DD3C8,Agree or disagree (run5_scalar_heat-set_extension_full_range-experiment_scalar-batch1-70-70),410034,e2c0ff61-26de-4806-ae44-a62975ccdeb9,2021-02-11 14:34:05,1418.922,2021-02-11 13:25:09.172000,2021-02-11 13:48:48.094000,4.0,false,typical_of_property,warm,bikini,../data/prolific_output/run5_scalar_heat-group_scalar_heat/qu70-s_qu3-batch1.csv
qu70-s_qu3-batch1.csv-1,1,NOT AVAILABLE,NOT AVAILABLE,ba2e5d60-1be5-4160-8883-d9dc1d2a590c,PROLIFIC,11-Feb-2021 14:58:24,1173,46441,6f2f98a9-2133-4622-be77-1678862b534e,``Bikini'' is one of the first things which come to mind when I hear ``warm' because (a/an) bikini is a typical example of things which are warm'. ,``Feather'' is one of the first things which come to mind when I hear ``light' because (a/an) feather is a typical example of things which are light'. ,``Mug'' is one of the first things which come to mind when I hear ``bright' because (a/an) mug is a typical example of things which are bright'. ,5_scalar_heat-set_extension_full_range,https://app.prolific.co/submissions/complete?cc=135DD3C8,Agree or disagree (run5_scalar_heat-set_extension_full_range-experiment_scalar-batch1-70-70),410410,d8e196d7-a9d6-4d6d-86f8-4e093a53fc41,2021-02-11 14:58:24,506.867,2021-02-11 13:55:38.597000,2021-02-11 14:04:05.464000,29.0,true,typical_of_property,warm,bikini,../data/prolific_output/run5_scalar_heat-group_scalar_heat/qu70-s_qu3-batch1.csv
qu70-s_qu3-batch1.csv-1,1,NOT AVAILABLE,NOT AVAILABLE,f2b79ec4-328b-4811-ad4e-e541da2cb058,PROLIFIC,11-Feb-2021 14:14:56,1173,46442,3d518715-d003-481e-8b95-11b2bbedbba8,``Warm'' is one for the first things which come to mind when I hear ``bikini' because warm is one of the typical qualities of (a/an) bikini'.,``Bitter'' is one for the first things which come to mind when I hear ``coffee' because bitter is one of the typical tastes of (a/an) coffee'.,``Salty'' is one for the first things which come to mind when I hear ``beer' because salty is one of the typical tastes of (a/an) beer'.,5_scalar_heat-set_extension_full_range,https://app.prolific.co/submissions/complete?cc=135DD3C8,Agree or disagree (run5_scalar_heat-set_extension_full_range-experiment_scalar-batch1-70-70),409528,6164f250-1fe4-4f95-bdaf-1a6f467e894b,2021-02-11 14:14:56,538.269,2021-02-11 13:10:15.124000,2021-02-11 13:19:13.393000,2.0,false,typical_of_concept,warm,bikini,../data/prolific_output/run5_scalar_heat-group_scalar_heat/qu70-s_qu3-batch1.csv
qu70-s_qu3-batch1.csv-1,1,NOT AVAILABLE,NOT AVAILABLE,011937c5-478d-4bcd-af78-a9232b3a0158,PROLIFIC,11-Feb-2021 15:43:27,1173,46442,3d518715-d003-481e-8b95-11b2bbedbba8,``Warm'' is one for the first things which come to mind when I hear ``bikini' because warm is one of the typical qualities of (a/an) bikini'.,``Bitter'' is one for the first things which come to mind when I hear ``coffee' because bitter is one of the typical tastes of (a/an) coffee'.,``Salty'' is one for the first things which come to mind when I hear ``beer' because salty is one of the typical tastes of (a/an) beer'.,5_scalar_heat-set_extension_full_range,https://app.prolific.co/submissions/complete?cc=135DD3C8,Agree or disagree (run5_scalar_heat-set_extension_full_range-experiment_scalar-batch1-70-70),410679,c0586530-13bd-4945-9884-4d6bd5484a92,2021-02-11 15:43:27,1856.165,2021-02-11 14:14:37.373000,2021-02-11 14:45:33.538000,2.0,false,typical_of_concept,warm,bikini,../data/prolific_output/run5_scalar_heat-group_scalar_heat/qu70-s_qu3-batch1.csv
qu70-s_qu3-batch1.csv-1,1,NOT AVAILABLE,NOT AVAILABLE,8713bc47-83eb-4eb4-a7fb-ac15b44a0c3a,PROLIFIC,11-Feb-2021 13:57:14,1173,46442,3d518715-d003-481e-8b95-11b2bbedbba8,``Warm'' is one for the first things which come to mind when I hear ``bikini' because warm is one of the typical qualities of (a/an) bikini'.,``Bitter'' is one for the first things which come to mind when I hear ``coffee' because bitter is one of the typical tastes of (a/an) coffee'.,``Salty'' is one for the first things which come to mind when I hear ``beer' because salty is one of the typical tastes of (a/an) beer'.,5_scalar_heat-set_extension_full_range,https://app.prolific.co/submissions/complete?cc=135DD3C8,Agree or disagree (run5_scalar_heat-set_extension_full_range-experiment_scalar-batch1-70-70),409015,d3440953-9bb9-4a41-b77d-057e0f25bd8b,2021-02-11 13:57:14,627.838,2021-02-11 12:52:40.305000,2021-02-11 13:03:08.143000,2.0,false,typical_of_concept,warm,bikini,../data/prolific_output/run5_scalar_heat-group_scalar_heat/qu70-s_qu3-batch1.csv
qu70-s_qu3-batch1.csv-1,1,NOT AVAILABLE,NOT AVAILABLE,44d44641-22cf-456b-99ee-e83419d5c276,PROLIFIC,11-Feb-2021 14:07:06,1173,46442,3d518715-d003-481e-8b95-11b2bbedbba8,``Warm'' is one for the first things which come to mind when I hear ``bikini' because warm is one of the typical qualities of (a/an) bikini'.,``Bitter'' is one for the first things which come to mind when I hear ``coffee' because bitter is one of the typical tastes of (a/an) coffee'.,``Salty'' is one for the first things which come to mind when I hear ``beer' because salty is one of the typical tastes of (a/an) beer'.,5_scalar_heat-set_extension_full_range,https://app.prolific.co/submissions/complete?cc=135DD3C8,Agree or disagree (run5_scalar_heat-set_extension_full_range-experiment_scalar-batch1-70-70),409257,d07d93fa-68f6-483e-b778-f6df60f43f19,2021-02-11 14:07:06,305.684,2021-02-11 13:05:35.161000,2021-02-11 13:10:40.845000,2.0,false,typical_of_concept,warm,bikini,../data/prolific_output/run5_scalar_heat-group_scalar_heat/qu70-s_qu3-batch1.csv
qu70-s_qu3-batch1.csv-1,1,NOT AVAILABLE,NOT AVAILABLE,01eeb5d1-2a5f-45c4-ba39-ddbf24954839,PROLIFIC,11-Feb-2021 14:54:50,1173,46442,3d518715-d003-481e-8b95-11b2bbedbba8,``Warm'' is one for the first things which come to mind when I hear ``bikini' because warm is one of the typical qualities of (a/an) bikini'.,``Bitter'' is one for the first things which come to mind when I hear ``coffee' because bitter is one of the typical tastes of (a/an) coffee'.,``Salty'' is one for the first things which come to mind when I hear ``beer' because salty is one of the typical tastes of (a/an) beer'.,5_scalar_heat-set_extension_full_range,https://app.prolific.co/submissions/complete?cc=135DD3C8,Agree or disagree (run5_scalar_heat-set_extension_full_range-experiment_scalar-batch1-70-70),410338,d5349084-821f-4a9e-ad2b-e1e2da1c7e04,2021-02-11 14:54:50,814.511,2021-02-11 13:43:15.871000,2021-02-11 13:56:50.382000,3.0,false,typical_of_concept,warm,bikini,../data/prolific_output/run5_scalar_heat-group_scalar_heat/qu70-s_qu3-batch1.csv
qu70-s_qu3-batch1.csv-1,1,NOT AVAILABLE,NOT AVAILABLE,4d7f576e-160c-4416-8a0b-7548a4d8bb97,PROLIFIC,11-Feb-2021 14:19:29,1173,46442,3d518715-d003-481e-8b95-11b2bbedbba8,``Warm'' is one for the first things which come to mind when I hear ``bikini' because warm is one of the typical qualities of (a/an) bikini'.,``Bitter'' is one for the first things which come to mind when I hear ``coffee' because bitter is one of the typical tastes of (a/an) coffee'.,``Salty'' is one for the first things which come to mind when I hear ``beer' because salty is one of the typical tastes of (a/an) beer'.,5_scalar_heat-set_extension_full_range,https://app.prolific.co/submissions/complete?cc=135DD3C8,Agree or disagree (run5_scalar_heat-set_extension_full_range-experiment_scalar-batch1-70-70),409755,5219ccf7-605f-40fb-81ab-79713b1a120f,2021-02-11 14:19:29,419.382,2021-02-11 13:13:40.482000,2021-02-11 13:20:39.864000,6.0,false,typical_of_concept,warm,bikini,../data/prolific_output/run5_scalar_heat-group_scalar_heat/qu70-s_qu3-batch1.csv
qu70-s_qu3-batch1.csv-1,1,NOT AVAILABLE,NOT AVAILABLE,3c6e8c47-52b6-40dc-912b-32b6599fd0ce,PROLIFIC,11-Feb-2021 13:54:22,1173,46442,3d518715-d003-481e-8b95-11b2bbedbba8,``Warm'' is one for the first things which come to mind when I hear ``bikini' because warm is one of the typical qualities of (a/an) bikini'.,``Bitter'' is one for the first things which come to mind when I hear ``coffee' because bitter is one of the typical tastes of (a/an) coffee'.,``Salty'' is one for the first things which come to mind when I hear ``beer' because salty is one of the typical tastes of (a/an) beer'.,5_scalar_heat-set_extension_full_range,https://app.prolific.co/submissions/complete?cc=135DD3C8,Agree or disagree (run5_scalar_heat-set_extension_full_range-experiment_scalar-batch1-70-70),408902,c17008ae-6d26-4097-bbe6-2e6e214aa68a,2021-02-11 13:54:22,756.898,2021-02-11 12:49:10.608000,2021-02-11 13:01:47.506000,4.0,false,typical_of_concept,warm,bikini,../data/prolific_output/run5_scalar_heat-group_scalar_heat/qu70-s_qu3-batch1.csv
qu70-s_qu3-batch1.csv-1,1,NOT AVAILABLE,NOT AVAILABLE,df22a112-e62a-4607-8c70-d22a89b1a7d6,PROLIFIC,11-Feb-2021 14:48:42,1173,46442,3d518715-d003-481e-8b95-11b2bbedbba8,``Warm'' is one for the first things which come to mind when I hear ``bikini' because warm is one of the typical qualities of (a/an) bikini'.,``Bitter'' is one for the first things which come to mind when I hear ``coffee' because bitter is one of the typical tastes of (a/an) coffee'.,``Salty'' is one for the first things which come to mind when I hear ``beer' because salty is one of the typical tastes of (a/an) beer'.,5_scalar_heat-set_extension_full_range,https://app.prolific.co/submissions/complete?cc=135DD3C8,Agree or disagree (run5_scalar_heat-set_extension_full_range-experiment_scalar-batch1-70-70),410211,261175f2-917f-477f-8e22-7a6da0213f35,2021-02-11 14:48:42,1418.922,2021-02-11 13:25:09.172000,2021-02-11 13:48:48.094000,4.0,false,typical_of_concept,warm,bikini,../data/prolific_output/run5_scalar_heat-group_scalar_heat/qu70-s_qu3-batch1.csv
qu70-s_qu3-batch1.csv-1,1,NOT AVAILABLE,NOT AVAILABLE,ba2e5d60-1be5-4160-8883-d9dc1d2a590c,PROLIFIC,11-Feb-2021 15:03:47,1173,46442,3d518715-d003-481e-8b95-11b2bbedbba8,``Warm'' is one for the first things which come to mind when I hear ``bikini' because warm is one of the typical qualities of (a/an) bikini'.,``Bitter'' is one for the first things which come to mind when I hear ``coffee' because bitter is one of the typical tastes of (a/an) coffee'.,``Salty'' is one for the first things which come to mind when I hear ``beer' because salty is one of the typical tastes of (a/an) beer'.,5_scalar_heat-set_extension_full_range,https://app.prolific.co/submissions/complete?cc=135DD3C8,Agree or disagree (run5_scalar_heat-set_extension_full_range-experiment_scalar-batch1-70-70),410484,a4a3d23c-f77b-4408-930c-346c588af773,2021-02-11 15:03:47,506.867,2021-02-11 13:55:38.597000,2021-02-11 14:04:05.464000,5.0,true,typical_of_concept,warm,bikini,../data/prolific_output/run5_scalar_heat-group_scalar_heat/qu70-s_qu3-batch1.csv
qu70-s_qu3-batch1.csv-1,1,NOT AVAILABLE,NOT AVAILABLE,f2b79ec4-328b-4811-ad4e-e541da2cb058,PROLIFIC,11-Feb-2021 14:15:53,1173,46443,e5778293-d479-433d-b89b-2011ac9569bc,"You can find (a/an) bikini which is warm. (A/an) bikini is usually either warm, a bit more or less warm or the opposite of warm.","You can find (a/an) soup which is salty. (A/an) soup is usually either salty, a bit more or less salty or the opposite of salty.","You can find (a/an) strawberry which is salty. (A/an) strawberry is usually either salty, a bit more or less salty or the opposite of salty.",5_scalar_heat-set_extension_full_range,https://app.prolific.co/submissions/complete?cc=135DD3C8,Agree or disagree (run5_scalar_heat-set_extension_full_range-experiment_scalar-batch1-70-70),409585,af915666-f277-4a60-997c-6948ece9a15b,2021-02-11 14:15:53,538.269,2021-02-11 13:10:15.124000,2021-02-11 13:19:13.393000,6.0,false,variability_open,warm,bikini,../data/prolific_output/run5_scalar_heat-group_scalar_heat/qu70-s_qu3-batch1.csv
qu70-s_qu3-batch1.csv-1,1,NOT AVAILABLE,NOT AVAILABLE,011937c5-478d-4bcd-af78-a9232b3a0158,PROLIFIC,11-Feb-2021 15:42:13,1173,46443,e5778293-d479-433d-b89b-2011ac9569bc,"You can find (a/an) bikini which is warm. (A/an) bikini is usually either warm, a bit more or less warm or the opposite of warm.","You can find (a/an) soup which is salty. (A/an) soup is usually either salty, a bit more or less salty or the opposite of salty.","You can find (a/an) strawberry which is salty. (A/an) strawberry is usually either salty, a bit more or less salty or the opposite of salty.",5_scalar_heat-set_extension_full_range,https://app.prolific.co/submissions/complete?cc=135DD3C8,Agree or disagree (run5_scalar_heat-set_extension_full_range-experiment_scalar-batch1-70-70),410665,64cdb2d7-9d1a-4785-b8ee-1208cc7ad761,2021-02-11 15:42:13,1856.165,2021-02-11 14:14:37.373000,2021-02-11 14:45:33.538000,2.0,false,variability_open,warm,bikini,../data/prolific_output/run5_scalar_heat-group_scalar_heat/qu70-s_qu3-batch1.csv
qu70-s_qu3-batch1.csv-1,1,NOT AVAILABLE,NOT AVAILABLE,8713bc47-83eb-4eb4-a7fb-ac15b44a0c3a,PROLIFIC,11-Feb-2021 13:58:46,1173,46443,e5778293-d479-433d-b89b-2011ac9569bc,"You can find (a/an) bikini which is warm. (A/an) bikini is usually either warm, a bit more or less warm or the opposite of warm.","You can find (a/an) soup which is salty. (A/an) soup is usually either salty, a bit more or less salty or the opposite of salty.","You can find (a/an) strawberry which is salty. (A/an) strawberry is usually either salty, a bit more or less salty or the opposite of salty.",5_scalar_heat-set_extension_full_range,https://app.prolific.co/submissions/complete?cc=135DD3C8,Agree or disagree (run5_scalar_heat-set_extension_full_range-experiment_scalar-batch1-70-70),409082,d646e772-73ac-4ecf-b58d-063c5aead7c7,2021-02-11 13:58:46,627.838,2021-02-11 12:52:40.305000,2021-02-11 13:03:08.143000,2.0,false,variability_open,warm,bikini,../data/prolific_output/run5_scalar_heat-group_scalar_heat/qu70-s_qu3-batch1.csv
qu70-s_qu3-batch1.csv-1,1,NOT AVAILABLE,NOT AVAILABLE,44d44641-22cf-456b-99ee-e83419d5c276,PROLIFIC,11-Feb-2021 14:10:32,1173,46443,e5778293-d479-433d-b89b-2011ac9569bc,"You can find (a/an) bikini which is warm. (A/an) bikini is usually either warm, a bit more or less warm or the opposite of warm.","You can find (a/an) soup which is salty. (A/an) soup is usually either salty, a bit more or less salty or the opposite of salty.","You can find (a/an) strawberry which is salty. (A/an) strawberry is usually either salty, a bit more or less salty or the opposite of salty.",5_scalar_heat-set_extension_full_range,https://app.prolific.co/submissions/complete?cc=135DD3C8,Agree or disagree (run5_scalar_heat-set_extension_full_range-experiment_scalar-batch1-70-70),409379,ddf129f3-d73a-4ec0-b38e-d5d2f5fa7499,2021-02-11 14:10:32,305.684,2021-02-11 13:05:35.161000,2021-02-11 13:10:40.845000,4.0,true,variability_open,warm,bikini,../data/prolific_output/run5_scalar_heat-group_scalar_heat/qu70-s_qu3-batch1.csv
qu70-s_qu3-batch1.csv-1,1,NOT AVAILABLE,NOT AVAILABLE,01eeb5d1-2a5f-45c4-ba39-ddbf24954839,PROLIFIC,11-Feb-2021 14:55:18,1173,46443,e5778293-d479-433d-b89b-2011ac9569bc,"You can find (a/an) bikini which is warm. (A/an) bikini is usually either warm, a bit more or less warm or the opposite of warm.","You can find (a/an) soup which is salty. (A/an) soup is usually either salty, a bit more or less salty or the opposite of salty.","You can find (a/an) strawberry which is salty. (A/an) strawberry is usually either salty, a bit more or less salty or the opposite of salty.",5_scalar_heat-set_extension_full_range,https://app.prolific.co/submissions/complete?cc=135DD3C8,Agree or disagree (run5_scalar_heat-set_extension_full_range-experiment_scalar-batch1-70-70),410359,f8bbb567-d970-4074-bf3e-94f47586497a,2021-02-11 14:55:18,814.511,2021-02-11 13:43:15.871000,2021-02-11 13:56:50.382000,5.0,false,variability_open,warm,bikini,../data/prolific_output/run5_scalar_heat-group_scalar_heat/qu70-s_qu3-batch1.csv
qu70-s_qu3-batch1.csv-1,1,NOT AVAILABLE,NOT AVAILABLE,4d7f576e-160c-4416-8a0b-7548a4d8bb97,PROLIFIC,11-Feb-2021 14:19:59,1173,46443,e5778293-d479-433d-b89b-2011ac9569bc,"You can find (a/an) bikini which is warm. (A/an) bikini is usually either warm, a bit more or less warm or the opposite of warm.","You can find (a/an) soup which is salty. (A/an) soup is usually either salty, a bit more or less salty or the opposite of salty.","You can find (a/an) strawberry which is salty. (A/an) strawberry is usually either salty, a bit more or less salty or the opposite of salty.",5_scalar_heat-set_extension_full_range,https://app.prolific.co/submissions/complete?cc=135DD3C8,Agree or disagree (run5_scalar_heat-set_extension_full_range-experiment_scalar-batch1-70-70),409768,fac6ca9c-ae59-4170-a403-f0e7415eff69,2021-02-11 14:19:59,419.382,2021-02-11 13:13:40.482000,2021-02-11 13:20:39.864000,3.0,true,variability_open,warm,bikini,../data/prolific_output/run5_scalar_heat-group_scalar_heat/qu70-s_qu3-batch1.csv
qu70-s_qu3-batch1.csv-1,1,NOT AVAILABLE,NOT AVAILABLE,3c6e8c47-52b6-40dc-912b-32b6599fd0ce,PROLIFIC,11-Feb-2021 13:58:21,1173,46443,e5778293-d479-433d-b89b-2011ac9569bc,"You can find (a/an) bikini which is warm. (A/an) bikini is usually either warm, a bit more or less warm or the opposite of warm.","You can find (a/an) soup which is salty. (A/an) soup is usually either salty, a bit more or less salty or the opposite of salty.","You can find (a/an) strawberry which is salty. (A/an) strawberry is usually either salty, a bit more or less salty or the opposite of salty.",5_scalar_heat-set_extension_full_range,https://app.prolific.co/submissions/complete?cc=135DD3C8,Agree or disagree (run5_scalar_heat-set_extension_full_range-experiment_scalar-batch1-70-70),409066,da394222-6e3e-46e9-be43-a681621b5a77,2021-02-11 13:58:21,756.898,2021-02-11 12:49:10.608000,2021-02-11 13:01:47.506000,6.0,false,variability_open,warm,bikini,../data/prolific_output/run5_scalar_heat-group_scalar_heat/qu70-s_qu3-batch1.csv
qu70-s_qu3-batch1.csv-1,1,NOT AVAILABLE,NOT AVAILABLE,df22a112-e62a-4607-8c70-d22a89b1a7d6,PROLIFIC,11-Feb-2021 14:47:21,1173,46443,e5778293-d479-433d-b89b-2011ac9569bc,"You can find (a/an) bikini which is warm. (A/an) bikini is usually either warm, a bit more or less warm or the opposite of warm.","You can find (a/an) soup which is salty. (A/an) soup is usually either salty, a bit more or less salty or the opposite of salty.","You can find (a/an) strawberry which is salty. (A/an) strawberry is usually either salty, a bit more or less salty or the opposite of salty.",5_scalar_heat-set_extension_full_range,https://app.prolific.co/submissions/complete?cc=135DD3C8,Agree or disagree (run5_scalar_heat-set_extension_full_range-experiment_scalar-batch1-70-70),410179,da138142-cbfa-47d6-8eed-5ebb0ad24eb7,2021-02-11 14:47:21,1418.922,2021-02-11 13:25:09.172000,2021-02-11 13:48:48.094000,3.0,true,variability_open,warm,bikini,../data/prolific_output/run5_scalar_heat-group_scalar_heat/qu70-s_qu3-batch1.csv
qu70-s_qu3-batch1.csv-1,1,NOT AVAILABLE,NOT AVAILABLE,ba2e5d60-1be5-4160-8883-d9dc1d2a590c,PROLIFIC,11-Feb-2021 15:01:47,1173,46443,e5778293-d479-433d-b89b-2011ac9569bc,"You can find (a/an) bikini which is warm. (A/an) bikini is usually either warm, a bit more or less warm or the opposite of warm.","You can find (a/an) soup which is salty. (A/an) soup is usually either salty, a bit more or less salty or the opposite of salty.","You can find (a/an) strawberry which is salty. (A/an) strawberry is usually either salty, a bit more or less salty or the opposite of salty.",5_scalar_heat-set_extension_full_range,https://app.prolific.co/submissions/complete?cc=135DD3C8,Agree or disagree (run5_scalar_heat-set_extension_full_range-experiment_scalar-batch1-70-70),410460,1cb219dd-faad-46db-808c-aac48ba24b13,2021-02-11 15:01:47,506.867,2021-02-11 13:55:38.597000,2021-02-11 14:04:05.464000,4.0,true,variability_open,warm,bikini,../data/prolific_output/run5_scalar_heat-group_scalar_heat/qu70-s_qu3-batch1.csv
qu70-s_qu3-batch1.csv-1,1,NOT AVAILABLE,NOT AVAILABLE,f2b79ec4-328b-4811-ad4e-e541da2cb058,PROLIFIC,11-Feb-2021 14:11:05,1173,46444,71b0e95c-5f4f-4471-88dd-dd0a70567e1e,I know that being warm is necessary for many things (a/an) bikini does or is used for. ,I know that being bright is necessary for many things (a/an) flashlight does or is used for. ,I know that being grey is necessary for many things (a/an) car does or is used for. ,5_scalar_heat-set_extension_full_range,https://app.prolific.co/submissions/complete?cc=135DD3C8,Agree or disagree (run5_scalar_heat-set_extension_full_range-experiment_scalar-batch1-70-70),409398,e4fd8967-56d9-4ed9-88bd-17cabd2fc9b4,2021-02-11 14:11:05,538.269,2021-02-11 13:10:15.124000,2021-02-11 13:19:13.393000,2.0,false,affording_activity,warm,bikini,../data/prolific_output/run5_scalar_heat-group_scalar_heat/qu70-s_qu3-batch1.csv
qu70-s_qu3-batch1.csv-1,1,NOT AVAILABLE,NOT AVAILABLE,011937c5-478d-4bcd-af78-a9232b3a0158,PROLIFIC,11-Feb-2021 15:41:58,1173,46444,71b0e95c-5f4f-4471-88dd-dd0a70567e1e,I know that being warm is necessary for many things (a/an) bikini does or is used for. ,I know that being bright is necessary for many things (a/an) flashlight does or is used for. ,I know that being grey is necessary for many things (a/an) car does or is used for. ,5_scalar_heat-set_extension_full_range,https://app.prolific.co/submissions/complete?cc=135DD3C8,Agree or disagree (run5_scalar_heat-set_extension_full_range-experiment_scalar-batch1-70-70),410660,060e4535-4bcb-43c9-b410-89874b42c51a,2021-02-11 15:41:58,1856.165,2021-02-11 14:14:37.373000,2021-02-11 14:45:33.538000,1.0,false,affording_activity,warm,bikini,../data/prolific_output/run5_scalar_heat-group_scalar_heat/qu70-s_qu3-batch1.csv
qu70-s_qu3-batch1.csv-1,1,NOT AVAILABLE,NOT AVAILABLE,8713bc47-83eb-4eb4-a7fb-ac15b44a0c3a,PROLIFIC,11-Feb-2021 13:57:21,1173,46444,71b0e95c-5f4f-4471-88dd-dd0a70567e1e,I know that being warm is necessary for many things (a/an) bikini does or is used for. ,I know that being bright is necessary for many things (a/an) flashlight does or is used for. ,I know that being grey is necessary for many things (a/an) car does or is used for. ,5_scalar_heat-set_extension_full_range,https://app.prolific.co/submissions/complete?cc=135DD3C8,Agree or disagree (run5_scalar_heat-set_extension_full_range-experiment_scalar-batch1-70-70),409021,770974a1-aec1-4a9c-ad74-e722f73dfb2a,2021-02-11 13:57:21,627.838,2021-02-11 12:52:40.305000,2021-02-11 13:03:08.143000,3.0,false,affording_activity,warm,bikini,../data/prolific_output/run5_scalar_heat-group_scalar_heat/qu70-s_qu3-batch1.csv
qu70-s_qu3-batch1.csv-1,1,NOT AVAILABLE,NOT AVAILABLE,44d44641-22cf-456b-99ee-e83419d5c276,PROLIFIC,11-Feb-2021 14:09:00,1173,46444,71b0e95c-5f4f-4471-88dd-dd0a70567e1e,I know that being warm is necessary for many things (a/an) bikini does or is used for. ,I know that being bright is necessary for many things (a/an) flashlight does or is used for. ,I know that being grey is necessary for many things (a/an) car does or is used for. ,5_scalar_heat-set_extension_full_range,https://app.prolific.co/submissions/complete?cc=135DD3C8,Agree or disagree (run5_scalar_heat-set_extension_full_range-experiment_scalar-batch1-70-70),409311,d6b3ec6c-318e-4f30-984c-426096d613d5,2021-02-11 14:09:00,305.684,2021-02-11 13:05:35.161000,2021-02-11 13:10:40.845000,3.0,false,affording_activity,warm,bikini,../data/prolific_output/run5_scalar_heat-group_scalar_heat/qu70-s_qu3-batch1.csv
qu70-s_qu3-batch1.csv-1,1,NOT AVAILABLE,NOT AVAILABLE,01eeb5d1-2a5f-45c4-ba39-ddbf24954839,PROLIFIC,11-Feb-2021 14:54:17,1173,46444,71b0e95c-5f4f-4471-88dd-dd0a70567e1e,I know that being warm is necessary for many things (a/an) bikini does or is used for. ,I know that being bright is necessary for many things (a/an) flashlight does or is used for. ,I know that being grey is necessary for many things (a/an) car does or is used for. ,5_scalar_heat-set_extension_full_range,https://app.prolific.co/submissions/complete?cc=135DD3C8,Agree or disagree (run5_scalar_heat-set_extension_full_range-experiment_scalar-batch1-70-70),410310,68f453f2-5714-4e0d-99e5-c1c535e135f1,2021-02-11 14:54:17,814.511,2021-02-11 13:43:15.871000,2021-02-11 13:56:50.382000,4.0,false,affording_activity,warm,bikini,../data/prolific_output/run5_scalar_heat-group_scalar_heat/qu70-s_qu3-batch1.csv
qu70-s_qu3-batch1.csv-1,1,NOT AVAILABLE,NOT AVAILABLE,4d7f576e-160c-4416-8a0b-7548a4d8bb97,PROLIFIC,11-Feb-2021 14:16:27,1173,46444,71b0e95c-5f4f-4471-88dd-dd0a70567e1e,I know that being warm is necessary for many things (a/an) bikini does or is used for. ,I know that being bright is necessary for many things (a/an) flashlight does or is used for. ,I know that being grey is necessary for many things (a/an) car does or is used for. ,5_scalar_heat-set_extension_full_range,https://app.prolific.co/submissions/complete?cc=135DD3C8,Agree or disagree (run5_scalar_heat-set_extension_full_range-experiment_scalar-batch1-70-70),409613,55f7ab87-2a74-45a4-b7cb-6deba116b6dc,2021-02-11 14:16:27,419.382,2021-02-11 13:13:40.482000,2021-02-11 13:20:39.864000,3.0,false,affording_activity,warm,bikini,../data/prolific_output/run5_scalar_heat-group_scalar_heat/qu70-s_qu3-batch1.csv
qu70-s_qu3-batch1.csv-1,1,NOT AVAILABLE,NOT AVAILABLE,3c6e8c47-52b6-40dc-912b-32b6599fd0ce,PROLIFIC,11-Feb-2021 13:57:02,1173,46444,71b0e95c-5f4f-4471-88dd-dd0a70567e1e,I know that being warm is necessary for many things (a/an) bikini does or is used for. ,I know that being bright is necessary for many things (a/an) flashlight does or is used for. ,I know that being grey is necessary for many things (a/an) car does or is used for. ,5_scalar_heat-set_extension_full_range,https://app.prolific.co/submissions/complete?cc=135DD3C8,Agree or disagree (run5_scalar_heat-set_extension_full_range-experiment_scalar-batch1-70-70),409005,2ccb420e-e184-4ae0-a15c-633b0886b00a,2021-02-11 13:57:02,756.898,2021-02-11 12:49:10.608000,2021-02-11 13:01:47.506000,4.0,false,affording_activity,warm,bikini,../data/prolific_output/run5_scalar_heat-group_scalar_heat/qu70-s_qu3-batch1.csv
qu70-s_qu3-batch1.csv-1,1,NOT AVAILABLE,NOT AVAILABLE,df22a112-e62a-4607-8c70-d22a89b1a7d6,PROLIFIC,11-Feb-2021 14:47:33,1173,46444,71b0e95c-5f4f-4471-88dd-dd0a70567e1e,I know that being warm is necessary for many things (a/an) bikini does or is used for. ,I know that being bright is necessary for many things (a/an) flashlight does or is used for. ,I know that being grey is necessary for many things (a/an) car does or is used for. ,5_scalar_heat-set_extension_full_range,https://app.prolific.co/submissions/complete?cc=135DD3C8,Agree or disagree (run5_scalar_heat-set_extension_full_range-experiment_scalar-batch1-70-70),410188,b31d0180-3055-456c-a3c4-1eee14f7146c,2021-02-11 14:47:33,1418.922,2021-02-11 13:25:09.172000,2021-02-11 13:48:48.094000,3.0,false,affording_activity,warm,bikini,../data/prolific_output/run5_scalar_heat-group_scalar_heat/qu70-s_qu3-batch1.csv
qu70-s_qu3-batch1.csv-1,1,NOT AVAILABLE,NOT AVAILABLE,ba2e5d60-1be5-4160-8883-d9dc1d2a590c,PROLIFIC,11-Feb-2021 15:03:05,1173,46444,71b0e95c-5f4f-4471-88dd-dd0a70567e1e,I know that being warm is necessary for many things (a/an) bikini does or is used for. ,I know that being bright is necessary for many things (a/an) flashlight does or is used for. ,I know that being grey is necessary for many things (a/an) car does or is used for. ,5_scalar_heat-set_extension_full_range,https://app.prolific.co/submissions/complete?cc=135DD3C8,Agree or disagree (run5_scalar_heat-set_extension_full_range-experiment_scalar-batch1-70-70),410477,1d438ced-edf7-4f60-8eb7-5c71da38f3fe,2021-02-11 15:03:05,506.867,2021-02-11 13:55:38.597000,2021-02-11 14:04:05.464000,6.0,false,affording_activity,warm,bikini,../data/prolific_output/run5_scalar_heat-group_scalar_heat/qu70-s_qu3-batch1.csv
qu70-s_qu3-batch1.csv-1,1,NOT AVAILABLE,NOT AVAILABLE,f2b79ec4-328b-4811-ad4e-e541da2cb058,PROLIFIC,11-Feb-2021 14:12:43,1173,46445,e5365f28-f6a3-4058-b982-74f3098cc60f,I know that being cold is necessary for many things (a/an) toaster does or is used for. ,I know that being pointy is necessary for many things (a/an) needle does or is used for. ,I know that being white is necessary for many things (a/an) t-shirt does or is used for. ,5_scalar_heat-set_extension_full_range,https://app.prolific.co/submissions/complete?cc=135DD3C8,Agree or disagree (run5_scalar_heat-set_extension_full_range-experiment_scalar-batch1-70-70),409452,c9a70a3c-b49c-4d4e-8da5-4a8b9fcd3366,2021-02-11 14:12:43,538.269,2021-02-11 13:10:15.124000,2021-02-11 13:19:13.393000,2.0,false,affording_activity,cold,toaster,../data/prolific_output/run5_scalar_heat-group_scalar_heat/qu70-s_qu3-batch1.csv
qu70-s_qu3-batch1.csv-1,1,NOT AVAILABLE,NOT AVAILABLE,011937c5-478d-4bcd-af78-a9232b3a0158,PROLIFIC,11-Feb-2021 15:43:00,1173,46445,e5365f28-f6a3-4058-b982-74f3098cc60f,I know that being cold is necessary for many things (a/an) toaster does or is used for. ,I know that being pointy is necessary for many things (a/an) needle does or is used for. ,I know that being white is necessary for many things (a/an) t-shirt does or is used for. ,5_scalar_heat-set_extension_full_range,https://app.prolific.co/submissions/complete?cc=135DD3C8,Agree or disagree (run5_scalar_heat-set_extension_full_range-experiment_scalar-batch1-70-70),410670,7c3774c7-d870-4a38-8a01-ffd3697a802c,2021-02-11 15:43:00,1856.165,2021-02-11 14:14:37.373000,2021-02-11 14:45:33.538000,4.0,false,affording_activity,cold,toaster,../data/prolific_output/run5_scalar_heat-group_scalar_heat/qu70-s_qu3-batch1.csv
qu70-s_qu3-batch1.csv-1,1,NOT AVAILABLE,NOT AVAILABLE,8713bc47-83eb-4eb4-a7fb-ac15b44a0c3a,PROLIFIC,11-Feb-2021 13:55:55,1173,46445,e5365f28-f6a3-4058-b982-74f3098cc60f,I know that being cold is necessary for many things (a/an) toaster does or is used for. ,I know that being pointy is necessary for many things (a/an) needle does or is used for. ,I know that being white is necessary for many things (a/an) t-shirt does or is used for. ,5_scalar_heat-set_extension_full_range,https://app.prolific.co/submissions/complete?cc=135DD3C8,Agree or disagree (run5_scalar_heat-set_extension_full_range-experiment_scalar-batch1-70-70),408962,67b0f495-6359-4a7e-9df5-6431f9ce7f0a,2021-02-11 13:55:55,627.838,2021-02-11 12:52:40.305000,2021-02-11 13:03:08.143000,194.695,false,affording_activity,cold,toaster,../data/prolific_output/run5_scalar_heat-group_scalar_heat/qu70-s_qu3-batch1.csv
qu70-s_qu3-batch1.csv-1,1,NOT AVAILABLE,NOT AVAILABLE,44d44641-22cf-456b-99ee-e83419d5c276,PROLIFIC,11-Feb-2021 14:09:14,1173,46445,e5365f28-f6a3-4058-b982-74f3098cc60f,I know that being cold is necessary for many things (a/an) toaster does or is used for. ,I know that being pointy is necessary for many things (a/an) needle does or is used for. ,I know that being white is necessary for many things (a/an) t-shirt does or is used for. ,5_scalar_heat-set_extension_full_range,https://app.prolific.co/submissions/complete?cc=135DD3C8,Agree or disagree (run5_scalar_heat-set_extension_full_range-experiment_scalar-batch1-70-70),409319,b9df6d88-e46a-459c-94e9-009ee02a6479,2021-02-11 14:09:14,305.684,2021-02-11 13:05:35.161000,2021-02-11 13:10:40.845000,3.0,false,affording_activity,cold,toaster,../data/prolific_output/run5_scalar_heat-group_scalar_heat/qu70-s_qu3-batch1.csv
qu70-s_qu3-batch1.csv-1,1,NOT AVAILABLE,NOT AVAILABLE,01eeb5d1-2a5f-45c4-ba39-ddbf24954839,PROLIFIC,11-Feb-2021 14:55:46,1173,46445,e5365f28-f6a3-4058-b982-74f3098cc60f,I know that being cold is necessary for many things (a/an) toaster does or is used for. ,I know that being pointy is necessary for many things (a/an) needle does or is used for. ,I know that being white is necessary for many things (a/an) t-shirt does or is used for. ,5_scalar_heat-set_extension_full_range,https://app.prolific.co/submissions/complete?cc=135DD3C8,Agree or disagree (run5_scalar_heat-set_extension_full_range-experiment_scalar-batch1-70-70),410369,4979eb9e-0a8c-432f-bb4d-adb727100a38,2021-02-11 14:55:46,814.511,2021-02-11 13:43:15.871000,2021-02-11 13:56:50.382000,4.0,false,affording_activity,cold,toaster,../data/prolific_output/run5_scalar_heat-group_scalar_heat/qu70-s_qu3-batch1.csv
qu70-s_qu3-batch1.csv-1,1,NOT AVAILABLE,NOT AVAILABLE,4d7f576e-160c-4416-8a0b-7548a4d8bb97,PROLIFIC,11-Feb-2021 14:16:47,1173,46445,e5365f28-f6a3-4058-b982-74f3098cc60f,I know that being cold is necessary for many things (a/an) toaster does or is used for. ,I know that being pointy is necessary for many things (a/an) needle does or is used for. ,I know that being white is necessary for many things (a/an) t-shirt does or is used for. ,5_scalar_heat-set_extension_full_range,https://app.prolific.co/submissions/complete?cc=135DD3C8,Agree or disagree (run5_scalar_heat-set_extension_full_range-experiment_scalar-batch1-70-70),409629,dd531dd9-eb94-4a7e-9b6e-8ccdb1aadef7,2021-02-11 14:16:47,419.382,2021-02-11 13:13:40.482000,2021-02-11 13:20:39.864000,4.0,false,affording_activity,cold,toaster,../data/prolific_output/run5_scalar_heat-group_scalar_heat/qu70-s_qu3-batch1.csv
qu70-s_qu3-batch1.csv-1,1,NOT AVAILABLE,NOT AVAILABLE,3c6e8c47-52b6-40dc-912b-32b6599fd0ce,PROLIFIC,11-Feb-2021 14:00:39,1173,46445,e5365f28-f6a3-4058-b982-74f3098cc60f,I know that being cold is necessary for many things (a/an) toaster does or is used for. ,I know that being pointy is necessary for many things (a/an) needle does or is used for. ,I know that being white is necessary for many things (a/an) t-shirt does or is used for. ,5_scalar_heat-set_extension_full_range,https://app.prolific.co/submissions/complete?cc=135DD3C8,Agree or disagree (run5_scalar_heat-set_extension_full_range-experiment_scalar-batch1-70-70),409142,efc2f37c-90d3-475b-aaf4-d661bdc9e5fc,2021-02-11 14:00:39,756.898,2021-02-11 12:49:10.608000,2021-02-11 13:01:47.506000,3.0,false,affording_activity,cold,toaster,../data/prolific_output/run5_scalar_heat-group_scalar_heat/qu70-s_qu3-batch1.csv
qu70-s_qu3-batch1.csv-1,1,NOT AVAILABLE,NOT AVAILABLE,df22a112-e62a-4607-8c70-d22a89b1a7d6,PROLIFIC,11-Feb-2021 14:29:54,1173,46445,e5365f28-f6a3-4058-b982-74f3098cc60f,I know that being cold is necessary for many things (a/an) toaster does or is used for. ,I know that being pointy is necessary for many things (a/an) needle does or is used for. ,I know that being white is necessary for many things (a/an) t-shirt does or is used for. ,5_scalar_heat-set_extension_full_range,https://app.prolific.co/submissions/complete?cc=135DD3C8,Agree or disagree (run5_scalar_heat-set_extension_full_range-experiment_scalar-batch1-70-70),409923,be57086a-8f4b-4859-a7cd-4af95a8748c8,2021-02-11 14:29:54,1418.922,2021-02-11 13:25:09.172000,2021-02-11 13:48:48.094000,4.0,false,affording_activity,cold,toaster,../data/prolific_output/run5_scalar_heat-group_scalar_heat/qu70-s_qu3-batch1.csv
qu70-s_qu3-batch1.csv-1,1,NOT AVAILABLE,NOT AVAILABLE,ba2e5d60-1be5-4160-8883-d9dc1d2a590c,PROLIFIC,11-Feb-2021 14:58:48,1173,46445,e5365f28-f6a3-4058-b982-74f3098cc60f,I know that being cold is necessary for many things (a/an) toaster does or is used for. ,I know that being pointy is necessary for many things (a/an) needle does or is used for. ,I know that being white is necessary for many things (a/an) t-shirt does or is used for. ,5_scalar_heat-set_extension_full_range,https://app.prolific.co/submissions/complete?cc=135DD3C8,Agree or disagree (run5_scalar_heat-set_extension_full_range-experiment_scalar-batch1-70-70),410420,067d5b71-9d63-4e47-808d-f9e35a13f2ce,2021-02-11 14:58:48,506.867,2021-02-11 13:55:38.597000,2021-02-11 14:04:05.464000,3.0,false,affording_activity,cold,toaster,../data/prolific_output/run5_scalar_heat-group_scalar_heat/qu70-s_qu3-batch1.csv
qu70-s_qu3-batch1.csv-1,1,NOT AVAILABLE,NOT AVAILABLE,f2b79ec4-328b-4811-ad4e-e541da2cb058,PROLIFIC,11-Feb-2021 14:10:48,1173,46446,cf52e4fe-3f98-44f2-9618-7e8164c447c8,I know that (a/an) toaster is cold as most or all other things similar to (a/an) toaster are cold. ,I know that (a/an) wine is liquid as most or all other things similar to (a/an) wine are liquid. ,I know that (a/an) bread is liquid as most or all other things similar to (a/an) bread are liquid. ,5_scalar_heat-set_extension_full_range,https://app.prolific.co/submissions/complete?cc=135DD3C8,Agree or disagree (run5_scalar_heat-set_extension_full_range-experiment_scalar-batch1-70-70),409389,d1754435-9c5c-4b2a-b223-0d90c8de719c,2021-02-11 14:10:48,538.269,2021-02-11 13:10:15.124000,2021-02-11 13:19:13.393000,2.0,false,implied_category,cold,toaster,../data/prolific_output/run5_scalar_heat-group_scalar_heat/qu70-s_qu3-batch1.csv
qu70-s_qu3-batch1.csv-1,1,NOT AVAILABLE,NOT AVAILABLE,011937c5-478d-4bcd-af78-a9232b3a0158,PROLIFIC,11-Feb-2021 15:45:15,1173,46446,cf52e4fe-3f98-44f2-9618-7e8164c447c8,I know that (a/an) toaster is cold as most or all other things similar to (a/an) toaster are cold. ,I know that (a/an) wine is liquid as most or all other things similar to (a/an) wine are liquid. ,I know that (a/an) bread is liquid as most or all other things similar to (a/an) bread are liquid. ,5_scalar_heat-set_extension_full_range,https://app.prolific.co/submissions/complete?cc=135DD3C8,Agree or disagree (run5_scalar_heat-set_extension_full_range-experiment_scalar-batch1-70-70),410701,b27b7130-3b5f-4562-899d-3348444fa2c7,2021-02-11 15:45:15,1856.165,2021-02-11 14:14:37.373000,2021-02-11 14:45:33.538000,10.0,false,implied_category,cold,toaster,../data/prolific_output/run5_scalar_heat-group_scalar_heat/qu70-s_qu3-batch1.csv
qu70-s_qu3-batch1.csv-1,1,NOT AVAILABLE,NOT AVAILABLE,8713bc47-83eb-4eb4-a7fb-ac15b44a0c3a,PROLIFIC,11-Feb-2021 13:59:24,1173,46446,cf52e4fe-3f98-44f2-9618-7e8164c447c8,I know that (a/an) toaster is cold as most or all other things similar to (a/an) toaster are cold. ,I know that (a/an) wine is liquid as most or all other things similar to (a/an) wine are liquid. ,I know that (a/an) bread is liquid as most or all other things similar to (a/an) bread are liquid. ,5_scalar_heat-set_extension_full_range,https://app.prolific.co/submissions/complete?cc=135DD3C8,Agree or disagree (run5_scalar_heat-set_extension_full_range-experiment_scalar-batch1-70-70),409108,05b62531-7abc-4966-9fa1-03289e04eeaf,2021-02-11 13:59:24,627.838,2021-02-11 12:52:40.305000,2021-02-11 13:03:08.143000,2.0,false,implied_category,cold,toaster,../data/prolific_output/run5_scalar_heat-group_scalar_heat/qu70-s_qu3-batch1.csv
qu70-s_qu3-batch1.csv-1,1,NOT AVAILABLE,NOT AVAILABLE,44d44641-22cf-456b-99ee-e83419d5c276,PROLIFIC,11-Feb-2021 14:09:19,1173,46446,cf52e4fe-3f98-44f2-9618-7e8164c447c8,I know that (a/an) toaster is cold as most or all other things similar to (a/an) toaster are cold. ,I know that (a/an) wine is liquid as most or all other things similar to (a/an) wine are liquid. ,I know that (a/an) bread is liquid as most or all other things similar to (a/an) bread are liquid. ,5_scalar_heat-set_extension_full_range,https://app.prolific.co/submissions/complete?cc=135DD3C8,Agree or disagree (run5_scalar_heat-set_extension_full_range-experiment_scalar-batch1-70-70),409322,feed84fe-1eb0-4df2-8df5-c53a0a74c9fb,2021-02-11 14:09:19,305.684,2021-02-11 13:05:35.161000,2021-02-11 13:10:40.845000,3.0,false,implied_category,cold,toaster,../data/prolific_output/run5_scalar_heat-group_scalar_heat/qu70-s_qu3-batch1.csv
qu70-s_qu3-batch1.csv-1,1,NOT AVAILABLE,NOT AVAILABLE,01eeb5d1-2a5f-45c4-ba39-ddbf24954839,PROLIFIC,11-Feb-2021 14:56:41,1173,46446,cf52e4fe-3f98-44f2-9618-7e8164c447c8,I know that (a/an) toaster is cold as most or all other things similar to (a/an) toaster are cold. ,I know that (a/an) wine is liquid as most or all other things similar to (a/an) wine are liquid. ,I know that (a/an) bread is liquid as most or all other things similar to (a/an) bread are liquid. ,5_scalar_heat-set_extension_full_range,https://app.prolific.co/submissions/complete?cc=135DD3C8,Agree or disagree (run5_scalar_heat-set_extension_full_range-experiment_scalar-batch1-70-70),410387,b90c17a0-4fdc-414b-97b7-cb0df38d1166,2021-02-11 14:56:41,814.511,2021-02-11 13:43:15.871000,2021-02-11 13:56:50.382000,3.0,false,implied_category,cold,toaster,../data/prolific_output/run5_scalar_heat-group_scalar_heat/qu70-s_qu3-batch1.csv
qu70-s_qu3-batch1.csv-1,1,NOT AVAILABLE,NOT AVAILABLE,4d7f576e-160c-4416-8a0b-7548a4d8bb97,PROLIFIC,11-Feb-2021 14:16:37,1173,46446,cf52e4fe-3f98-44f2-9618-7e8164c447c8,I know that (a/an) toaster is cold as most or all other things similar to (a/an) toaster are cold. ,I know that (a/an) wine is liquid as most or all other things similar to (a/an) wine are liquid. ,I know that (a/an) bread is liquid as most or all other things similar to (a/an) bread are liquid. ,5_scalar_heat-set_extension_full_range,https://app.prolific.co/submissions/complete?cc=135DD3C8,Agree or disagree (run5_scalar_heat-set_extension_full_range-experiment_scalar-batch1-70-70),409623,ad492ec7-e53b-420b-8870-382bc0c250c0,2021-02-11 14:16:37,419.382,2021-02-11 13:13:40.482000,2021-02-11 13:20:39.864000,3.0,false,implied_category,cold,toaster,../data/prolific_output/run5_scalar_heat-group_scalar_heat/qu70-s_qu3-batch1.csv
qu70-s_qu3-batch1.csv-1,1,NOT AVAILABLE,NOT AVAILABLE,3c6e8c47-52b6-40dc-912b-32b6599fd0ce,PROLIFIC,11-Feb-2021 13:49:35,1173,46446,cf52e4fe-3f98-44f2-9618-7e8164c447c8,I know that (a/an) toaster is cold as most or all other things similar to (a/an) toaster are cold. ,I know that (a/an) wine is liquid as most or all other things similar to (a/an) wine are liquid. ,I know that (a/an) bread is liquid as most or all other things similar to (a/an) bread are liquid. ,5_scalar_heat-set_extension_full_range,https://app.prolific.co/submissions/complete?cc=135DD3C8,Agree or disagree (run5_scalar_heat-set_extension_full_range-experiment_scalar-batch1-70-70),408759,4058b4c5-3417-497b-a92c-445704860ae9,2021-02-11 13:49:35,756.898,2021-02-11 12:49:10.608000,2021-02-11 13:01:47.506000,24.392,false,implied_category,cold,toaster,../data/prolific_output/run5_scalar_heat-group_scalar_heat/qu70-s_qu3-batch1.csv
qu70-s_qu3-batch1.csv-1,1,NOT AVAILABLE,NOT AVAILABLE,df22a112-e62a-4607-8c70-d22a89b1a7d6,PROLIFIC,11-Feb-2021 14:39:19,1173,46446,cf52e4fe-3f98-44f2-9618-7e8164c447c8,I know that (a/an) toaster is cold as most or all other things similar to (a/an) toaster are cold. ,I know that (a/an) wine is liquid as most or all other things similar to (a/an) wine are liquid. ,I know that (a/an) bread is liquid as most or all other things similar to (a/an) bread are liquid. ,5_scalar_heat-set_extension_full_range,https://app.prolific.co/submissions/complete?cc=135DD3C8,Agree or disagree (run5_scalar_heat-set_extension_full_range-experiment_scalar-batch1-70-70),410087,1a956ff5-c814-43f1-9057-a4a0cd769db1,2021-02-11 14:39:19,1418.922,2021-02-11 13:25:09.172000,2021-02-11 13:48:48.094000,3.0,false,implied_category,cold,toaster,../data/prolific_output/run5_scalar_heat-group_scalar_heat/qu70-s_qu3-batch1.csv
qu70-s_qu3-batch1.csv-1,1,NOT AVAILABLE,NOT AVAILABLE,ba2e5d60-1be5-4160-8883-d9dc1d2a590c,PROLIFIC,11-Feb-2021 14:57:24,1173,46446,cf52e4fe-3f98-44f2-9618-7e8164c447c8,I know that (a/an) toaster is cold as most or all other things similar to (a/an) toaster are cold. ,I know that (a/an) wine is liquid as most or all other things similar to (a/an) wine are liquid. ,I know that (a/an) bread is liquid as most or all other things similar to (a/an) bread are liquid. ,5_scalar_heat-set_extension_full_range,https://app.prolific.co/submissions/complete?cc=135DD3C8,Agree or disagree (run5_scalar_heat-set_extension_full_range-experiment_scalar-batch1-70-70),410399,d0fe3ffe-4b97-4370-8bf0-f86d1ef15967,2021-02-11 14:57:24,506.867,2021-02-11 13:55:38.597000,2021-02-11 14:04:05.464000,6.0,false,implied_category,cold,toaster,../data/prolific_output/run5_scalar_heat-group_scalar_heat/qu70-s_qu3-batch1.csv
qu70-s_qu3-batch1.csv-1,1,NOT AVAILABLE,NOT AVAILABLE,f2b79ec4-328b-4811-ad4e-e541da2cb058,PROLIFIC,11-Feb-2021 14:14:52,1173,46447,ebfd2fb3-63c1-43f3-88d2-3b4f153e48d5,I think it is impossible for (a/an) toaster to be cold.,I think it is impossible for (a/an) water to be dry.,I think it is impossible for (a/an) rose to be white.,5_scalar_heat-set_extension_full_range,https://app.prolific.co/submissions/complete?cc=135DD3C8,Agree or disagree (run5_scalar_heat-set_extension_full_range-experiment_scalar-batch1-70-70),409525,1f17b896-00f3-4360-9d93-ecca36b410c3,2021-02-11 14:14:52,538.269,2021-02-11 13:10:15.124000,2021-02-11 13:19:13.393000,34.0,true,impossible,cold,toaster,../data/prolific_output/run5_scalar_heat-group_scalar_heat/qu70-s_qu3-batch1.csv
qu70-s_qu3-batch1.csv-1,1,NOT AVAILABLE,NOT AVAILABLE,011937c5-478d-4bcd-af78-a9232b3a0158,PROLIFIC,11-Feb-2021 15:37:08,1173,46447,ebfd2fb3-63c1-43f3-88d2-3b4f153e48d5,I think it is impossible for (a/an) toaster to be cold.,I think it is impossible for (a/an) water to be dry.,I think it is impossible for (a/an) rose to be white.,5_scalar_heat-set_extension_full_range,https://app.prolific.co/submissions/complete?cc=135DD3C8,Agree or disagree (run5_scalar_heat-set_extension_full_range-experiment_scalar-batch1-70-70),410646,de14a749-b635-4282-b6cd-c3d906ffcee8,2021-02-11 15:37:08,1856.165,2021-02-11 14:14:37.373000,2021-02-11 14:45:33.538000,8.0,false,impossible,cold,toaster,../data/prolific_output/run5_scalar_heat-group_scalar_heat/qu70-s_qu3-batch1.csv
qu70-s_qu3-batch1.csv-1,1,NOT AVAILABLE,NOT AVAILABLE,8713bc47-83eb-4eb4-a7fb-ac15b44a0c3a,PROLIFIC,11-Feb-2021 14:01:26,1173,46447,ebfd2fb3-63c1-43f3-88d2-3b4f153e48d5,I think it is impossible for (a/an) toaster to be cold.,I think it is impossible for (a/an) water to be dry.,I think it is impossible for (a/an) rose to be white.,5_scalar_heat-set_extension_full_range,https://app.prolific.co/submissions/complete?cc=135DD3C8,Agree or disagree (run5_scalar_heat-set_extension_full_range-experiment_scalar-batch1-70-70),409163,fa36fd59-9c94-4af9-941e-a32ee93ccc60,2021-02-11 14:01:26,627.838,2021-02-11 12:52:40.305000,2021-02-11 13:03:08.143000,6.0,true,impossible,cold,toaster,../data/prolific_output/run5_scalar_heat-group_scalar_heat/qu70-s_qu3-batch1.csv
qu70-s_qu3-batch1.csv-1,1,NOT AVAILABLE,NOT AVAILABLE,44d44641-22cf-456b-99ee-e83419d5c276,PROLIFIC,11-Feb-2021 14:07:43,1173,46447,ebfd2fb3-63c1-43f3-88d2-3b4f153e48d5,I think it is impossible for (a/an) toaster to be cold.,I think it is impossible for (a/an) water to be dry.,I think it is impossible for (a/an) rose to be white.,5_scalar_heat-set_extension_full_range,https://app.prolific.co/submissions/complete?cc=135DD3C8,Agree or disagree (run5_scalar_heat-set_extension_full_range-experiment_scalar-batch1-70-70),409271,71782ddd-7a67-4ade-a80d-466340bf44e6,2021-02-11 14:07:43,305.684,2021-02-11 13:05:35.161000,2021-02-11 13:10:40.845000,2.0,false,impossible,cold,toaster,../data/prolific_output/run5_scalar_heat-group_scalar_heat/qu70-s_qu3-batch1.csv
qu70-s_qu3-batch1.csv-1,1,NOT AVAILABLE,NOT AVAILABLE,01eeb5d1-2a5f-45c4-ba39-ddbf24954839,PROLIFIC,11-Feb-2021 14:54:13,1173,46447,ebfd2fb3-63c1-43f3-88d2-3b4f153e48d5,I think it is impossible for (a/an) toaster to be cold.,I think it is impossible for (a/an) water to be dry.,I think it is impossible for (a/an) rose to be white.,5_scalar_heat-set_extension_full_range,https://app.prolific.co/submissions/complete?cc=135DD3C8,Agree or disagree (run5_scalar_heat-set_extension_full_range-experiment_scalar-batch1-70-70),410307,4c8441fd-9698-44c2-9c3a-76cdde21293d,2021-02-11 14:54:13,814.511,2021-02-11 13:43:15.871000,2021-02-11 13:56:50.382000,15.0,true,impossible,cold,toaster,../data/prolific_output/run5_scalar_heat-group_scalar_heat/qu70-s_qu3-batch1.csv
qu70-s_qu3-batch1.csv-1,1,NOT AVAILABLE,NOT AVAILABLE,4d7f576e-160c-4416-8a0b-7548a4d8bb97,PROLIFIC,11-Feb-2021 14:16:56,1173,46447,ebfd2fb3-63c1-43f3-88d2-3b4f153e48d5,I think it is impossible for (a/an) toaster to be cold.,I think it is impossible for (a/an) water to be dry.,I think it is impossible for (a/an) rose to be white.,5_scalar_heat-set_extension_full_range,https://app.prolific.co/submissions/complete?cc=135DD3C8,Agree or disagree (run5_scalar_heat-set_extension_full_range-experiment_scalar-batch1-70-70),409634,a2fca980-c69e-4aa2-9900-37d740cebbbe,2021-02-11 14:16:56,419.382,2021-02-11 13:13:40.482000,2021-02-11 13:20:39.864000,3.0,false,impossible,cold,toaster,../data/prolific_output/run5_scalar_heat-group_scalar_heat/qu70-s_qu3-batch1.csv
qu70-s_qu3-batch1.csv-1,1,NOT AVAILABLE,NOT AVAILABLE,3c6e8c47-52b6-40dc-912b-32b6599fd0ce,PROLIFIC,11-Feb-2021 13:54:39,1173,46447,ebfd2fb3-63c1-43f3-88d2-3b4f153e48d5,I think it is impossible for (a/an) toaster to be cold.,I think it is impossible for (a/an) water to be dry.,I think it is impossible for (a/an) rose to be white.,5_scalar_heat-set_extension_full_range,https://app.prolific.co/submissions/complete?cc=135DD3C8,Agree or disagree (run5_scalar_heat-set_extension_full_range-experiment_scalar-batch1-70-70),408914,177d0ae8-2667-4357-9332-5a590fafe982,2021-02-11 13:54:39,756.898,2021-02-11 12:49:10.608000,2021-02-11 13:01:47.506000,4.0,false,impossible,cold,toaster,../data/prolific_output/run5_scalar_heat-group_scalar_heat/qu70-s_qu3-batch1.csv
qu70-s_qu3-batch1.csv-1,1,NOT AVAILABLE,NOT AVAILABLE,df22a112-e62a-4607-8c70-d22a89b1a7d6,PROLIFIC,11-Feb-2021 14:33:47,1173,46447,ebfd2fb3-63c1-43f3-88d2-3b4f153e48d5,I think it is impossible for (a/an) toaster to be cold.,I think it is impossible for (a/an) water to be dry.,I think it is impossible for (a/an) rose to be white.,5_scalar_heat-set_extension_full_range,https://app.prolific.co/submissions/complete?cc=135DD3C8,Agree or disagree (run5_scalar_heat-set_extension_full_range-experiment_scalar-batch1-70-70),410024,25411000-566b-4cee-a9cb-3ee0fc122b71,2021-02-11 14:33:47,1418.922,2021-02-11 13:25:09.172000,2021-02-11 13:48:48.094000,3.0,false,impossible,cold,toaster,../data/prolific_output/run5_scalar_heat-group_scalar_heat/qu70-s_qu3-batch1.csv
qu70-s_qu3-batch1.csv-1,1,NOT AVAILABLE,NOT AVAILABLE,ba2e5d60-1be5-4160-8883-d9dc1d2a590c,PROLIFIC,11-Feb-2021 14:57:55,1173,46447,ebfd2fb3-63c1-43f3-88d2-3b4f153e48d5,I think it is impossible for (a/an) toaster to be cold.,I think it is impossible for (a/an) water to be dry.,I think it is impossible for (a/an) rose to be white.,5_scalar_heat-set_extension_full_range,https://app.prolific.co/submissions/complete?cc=135DD3C8,Agree or disagree (run5_scalar_heat-set_extension_full_range-experiment_scalar-batch1-70-70),410409,26c66207-142a-4ab7-b84c-d29ded60f57d,2021-02-11 14:57:55,506.867,2021-02-11 13:55:38.597000,2021-02-11 14:04:05.464000,4.0,false,impossible,cold,toaster,../data/prolific_output/run5_scalar_heat-group_scalar_heat/qu70-s_qu3-batch1.csv
qu70-s_qu3-batch1.csv-1,1,NOT AVAILABLE,NOT AVAILABLE,f2b79ec4-328b-4811-ad4e-e541da2cb058,PROLIFIC,11-Feb-2021 14:11:45,1173,46448,8a24d16b-81b0-4d87-a78c-463c196fe40c,You can find (a/an) toaster which is cold. (A/an) toaster is usually either cold or not cold. It cannot be a bit more or less cold.,You can find (a/an) pea which is frozen. (A/an) pea is usually either frozen or not frozen. It cannot be a bit more or less frozen.,You can find (a/an) soup which is salty. (A/an) soup is usually either salty or not salty. It cannot be a bit more or less salty.,5_scalar_heat-set_extension_full_range,https://app.prolific.co/submissions/complete?cc=135DD3C8,Agree or disagree (run5_scalar_heat-set_extension_full_range-experiment_scalar-batch1-70-70),409417,65c8e78a-d5dc-4329-9e72-9b3cf050b61e,2021-02-11 14:11:45,538.269,2021-02-11 13:10:15.124000,2021-02-11 13:19:13.393000,8.0,false,variability_limited,cold,toaster,../data/prolific_output/run5_scalar_heat-group_scalar_heat/qu70-s_qu3-batch1.csv
qu70-s_qu3-batch1.csv-1,1,NOT AVAILABLE,NOT AVAILABLE,011937c5-478d-4bcd-af78-a9232b3a0158,PROLIFIC,11-Feb-2021 15:45:22,1173,46448,8a24d16b-81b0-4d87-a78c-463c196fe40c,You can find (a/an) toaster which is cold. (A/an) toaster is usually either cold or not cold. It cannot be a bit more or less cold.,You can find (a/an) pea which is frozen. (A/an) pea is usually either frozen or not frozen. It cannot be a bit more or less frozen.,You can find (a/an) soup which is salty. (A/an) soup is usually either salty or not salty. It cannot be a bit more or less salty.,5_scalar_heat-set_extension_full_range,https://app.prolific.co/submissions/complete?cc=135DD3C8,Agree or disagree (run5_scalar_heat-set_extension_full_range-experiment_scalar-batch1-70-70),410703,1c166bea-17ae-4891-8909-f538d28c6964,2021-02-11 15:45:22,1856.165,2021-02-11 14:14:37.373000,2021-02-11 14:45:33.538000,6.0,false,variability_limited,cold,toaster,../data/prolific_output/run5_scalar_heat-group_scalar_heat/qu70-s_qu3-batch1.csv
qu70-s_qu3-batch1.csv-1,1,NOT AVAILABLE,NOT AVAILABLE,8713bc47-83eb-4eb4-a7fb-ac15b44a0c3a,PROLIFIC,11-Feb-2021 13:56:04,1173,46448,8a24d16b-81b0-4d87-a78c-463c196fe40c,You can find (a/an) toaster which is cold. (A/an) toaster is usually either cold or not cold. It cannot be a bit more or less cold.,You can find (a/an) pea which is frozen. (A/an) pea is usually either frozen or not frozen. It cannot be a bit more or less frozen.,You can find (a/an) soup which is salty. (A/an) soup is usually either salty or not salty. It cannot be a bit more or less salty.,5_scalar_heat-set_extension_full_range,https://app.prolific.co/submissions/complete?cc=135DD3C8,Agree or disagree (run5_scalar_heat-set_extension_full_range-experiment_scalar-batch1-70-70),408970,d4995e7a-c94e-4ddd-bf44-ad89585d16e3,2021-02-11 13:56:04,627.838,2021-02-11 12:52:40.305000,2021-02-11 13:03:08.143000,2.0,false,variability_limited,cold,toaster,../data/prolific_output/run5_scalar_heat-group_scalar_heat/qu70-s_qu3-batch1.csv
qu70-s_qu3-batch1.csv-1,1,NOT AVAILABLE,NOT AVAILABLE,44d44641-22cf-456b-99ee-e83419d5c276,PROLIFIC,11-Feb-2021 14:08:57,1173,46448,8a24d16b-81b0-4d87-a78c-463c196fe40c,You can find (a/an) toaster which is cold. (A/an) toaster is usually either cold or not cold. It cannot be a bit more or less cold.,You can find (a/an) pea which is frozen. (A/an) pea is usually either frozen or not frozen. It cannot be a bit more or less frozen.,You can find (a/an) soup which is salty. (A/an) soup is usually either salty or not salty. It cannot be a bit more or less salty.,5_scalar_heat-set_extension_full_range,https://app.prolific.co/submissions/complete?cc=135DD3C8,Agree or disagree (run5_scalar_heat-set_extension_full_range-experiment_scalar-batch1-70-70),409309,fcf2bf49-dde6-4f99-a6d5-1331d1420dd6,2021-02-11 14:08:57,305.684,2021-02-11 13:05:35.161000,2021-02-11 13:10:40.845000,3.0,false,variability_limited,cold,toaster,../data/prolific_output/run5_scalar_heat-group_scalar_heat/qu70-s_qu3-batch1.csv
qu70-s_qu3-batch1.csv-1,1,NOT AVAILABLE,NOT AVAILABLE,01eeb5d1-2a5f-45c4-ba39-ddbf24954839,PROLIFIC,11-Feb-2021 14:51:51,1173,46448,8a24d16b-81b0-4d87-a78c-463c196fe40c,You can find (a/an) toaster which is cold. (A/an) toaster is usually either cold or not cold. It cannot be a bit more or less cold.,You can find (a/an) pea which is frozen. (A/an) pea is usually either frozen or not frozen. It cannot be a bit more or less frozen.,You can find (a/an) soup which is salty. (A/an) soup is usually either salty or not salty. It cannot be a bit more or less salty.,5_scalar_heat-set_extension_full_range,https://app.prolific.co/submissions/complete?cc=135DD3C8,Agree or disagree (run5_scalar_heat-set_extension_full_range-experiment_scalar-batch1-70-70),410245,58f60e4d-392b-4b74-be53-133d2cd5709f,2021-02-11 14:51:51,814.511,2021-02-11 13:43:15.871000,2021-02-11 13:56:50.382000,44.0,true,variability_limited,cold,toaster,../data/prolific_output/run5_scalar_heat-group_scalar_heat/qu70-s_qu3-batch1.csv
qu70-s_qu3-batch1.csv-1,1,NOT AVAILABLE,NOT AVAILABLE,4d7f576e-160c-4416-8a0b-7548a4d8bb97,PROLIFIC,11-Feb-2021 14:20:18,1173,46448,8a24d16b-81b0-4d87-a78c-463c196fe40c,You can find (a/an) toaster which is cold. (A/an) toaster is usually either cold or not cold. It cannot be a bit more or less cold.,You can find (a/an) pea which is frozen. (A/an) pea is usually either frozen or not frozen. It cannot be a bit more or less frozen.,You can find (a/an) soup which is salty. (A/an) soup is usually either salty or not salty. It cannot be a bit more or less salty.,5_scalar_heat-set_extension_full_range,https://app.prolific.co/submissions/complete?cc=135DD3C8,Agree or disagree (run5_scalar_heat-set_extension_full_range-experiment_scalar-batch1-70-70),409779,3d2daa82-49ec-42fb-aaf3-2d9120a8769e,2021-02-11 14:20:18,419.382,2021-02-11 13:13:40.482000,2021-02-11 13:20:39.864000,4.0,false,variability_limited,cold,toaster,../data/prolific_output/run5_scalar_heat-group_scalar_heat/qu70-s_qu3-batch1.csv
qu70-s_qu3-batch1.csv-1,1,NOT AVAILABLE,NOT AVAILABLE,3c6e8c47-52b6-40dc-912b-32b6599fd0ce,PROLIFIC,11-Feb-2021 14:01:42,1173,46448,8a24d16b-81b0-4d87-a78c-463c196fe40c,You can find (a/an) toaster which is cold. (A/an) toaster is usually either cold or not cold. It cannot be a bit more or less cold.,You can find (a/an) pea which is frozen. (A/an) pea is usually either frozen or not frozen. It cannot be a bit more or less frozen.,You can find (a/an) soup which is salty. (A/an) soup is usually either salty or not salty. It cannot be a bit more or less salty.,5_scalar_heat-set_extension_full_range,https://app.prolific.co/submissions/complete?cc=135DD3C8,Agree or disagree (run5_scalar_heat-set_extension_full_range-experiment_scalar-batch1-70-70),409168,e8595693-bd6d-4f45-bea8-084386232070,2021-02-11 14:01:42,756.898,2021-02-11 12:49:10.608000,2021-02-11 13:01:47.506000,25.506,false,variability_limited,cold,toaster,../data/prolific_output/run5_scalar_heat-group_scalar_heat/qu70-s_qu3-batch1.csv
qu70-s_qu3-batch1.csv-1,1,NOT AVAILABLE,NOT AVAILABLE,df22a112-e62a-4607-8c70-d22a89b1a7d6,PROLIFIC,11-Feb-2021 14:38:05,1173,46448,8a24d16b-81b0-4d87-a78c-463c196fe40c,You can find (a/an) toaster which is cold. (A/an) toaster is usually either cold or not cold. It cannot be a bit more or less cold.,You can find (a/an) pea which is frozen. (A/an) pea is usually either frozen or not frozen. It cannot be a bit more or less frozen.,You can find (a/an) soup which is salty. (A/an) soup is usually either salty or not salty. It cannot be a bit more or less salty.,5_scalar_heat-set_extension_full_range,https://app.prolific.co/submissions/complete?cc=135DD3C8,Agree or disagree (run5_scalar_heat-set_extension_full_range-experiment_scalar-batch1-70-70),410075,29d6a82d-cf62-41f2-9a81-d988a54ada57,2021-02-11 14:38:05,1418.922,2021-02-11 13:25:09.172000,2021-02-11 13:48:48.094000,7.0,false,variability_limited,cold,toaster,../data/prolific_output/run5_scalar_heat-group_scalar_heat/qu70-s_qu3-batch1.csv
qu70-s_qu3-batch1.csv-1,1,NOT AVAILABLE,NOT AVAILABLE,ba2e5d60-1be5-4160-8883-d9dc1d2a590c,PROLIFIC,11-Feb-2021 14:58:39,1173,46448,8a24d16b-81b0-4d87-a78c-463c196fe40c,You can find (a/an) toaster which is cold. (A/an) toaster is usually either cold or not cold. It cannot be a bit more or less cold.,You can find (a/an) pea which is frozen. (A/an) pea is usually either frozen or not frozen. It cannot be a bit more or less frozen.,You can find (a/an) soup which is salty. (A/an) soup is usually either salty or not salty. It cannot be a bit more or less salty.,5_scalar_heat-set_extension_full_range,https://app.prolific.co/submissions/complete?cc=135DD3C8,Agree or disagree (run5_scalar_heat-set_extension_full_range-experiment_scalar-batch1-70-70),410416,653c76fe-4ede-4b40-b482-bd2b4b553a18,2021-02-11 14:58:39,506.867,2021-02-11 13:55:38.597000,2021-02-11 14:04:05.464000,5.0,false,variability_limited,cold,toaster,../data/prolific_output/run5_scalar_heat-group_scalar_heat/qu70-s_qu3-batch1.csv
qu70-s_qu3-batch1.csv-1,1,NOT AVAILABLE,NOT AVAILABLE,f2b79ec4-328b-4811-ad4e-e541da2cb058,PROLIFIC,11-Feb-2021 14:16:12,1173,46449,00fc9965-7c1c-4865-88ec-de3491af5a53,"I think (a/an) toaster can be cold, but this is rare or uncommon.","I think (a/an) chocolate can be salty, but this is rare or uncommon.","I think (a/an) cherry can be salty, but this is rare or uncommon.",5_scalar_heat-set_extension_full_range,https://app.prolific.co/submissions/complete?cc=135DD3C8,Agree or disagree (run5_scalar_heat-set_extension_full_range-experiment_scalar-batch1-70-70),409606,921fc01e-e7f0-499e-a773-319b265ae788,2021-02-11 14:16:12,538.269,2021-02-11 13:10:15.124000,2021-02-11 13:19:13.393000,3.0,false,rare,cold,toaster,../data/prolific_output/run5_scalar_heat-group_scalar_heat/qu70-s_qu3-batch1.csv
qu70-s_qu3-batch1.csv-1,1,NOT AVAILABLE,NOT AVAILABLE,011937c5-478d-4bcd-af78-a9232b3a0158,PROLIFIC,11-Feb-2021 15:32:26,1173,46449,00fc9965-7c1c-4865-88ec-de3491af5a53,"I think (a/an) toaster can be cold, but this is rare or uncommon.","I think (a/an) chocolate can be salty, but this is rare or uncommon.","I think (a/an) cherry can be salty, but this is rare or uncommon.",5_scalar_heat-set_extension_full_range,https://app.prolific.co/submissions/complete?cc=135DD3C8,Agree or disagree (run5_scalar_heat-set_extension_full_range-experiment_scalar-batch1-70-70),410622,0f7663d2-9c19-4999-960c-921a6108276a,2021-02-11 15:32:26,1856.165,2021-02-11 14:14:37.373000,2021-02-11 14:45:33.538000,6.0,false,rare,cold,toaster,../data/prolific_output/run5_scalar_heat-group_scalar_heat/qu70-s_qu3-batch1.csv
qu70-s_qu3-batch1.csv-1,1,NOT AVAILABLE,NOT AVAILABLE,8713bc47-83eb-4eb4-a7fb-ac15b44a0c3a,PROLIFIC,11-Feb-2021 13:56:13,1173,46449,00fc9965-7c1c-4865-88ec-de3491af5a53,"I think (a/an) toaster can be cold, but this is rare or uncommon.","I think (a/an) chocolate can be salty, but this is rare or uncommon.","I think (a/an) cherry can be salty, but this is rare or uncommon.",5_scalar_heat-set_extension_full_range,https://app.prolific.co/submissions/complete?cc=135DD3C8,Agree or disagree (run5_scalar_heat-set_extension_full_range-experiment_scalar-batch1-70-70),408978,3b52cdb1-5fc8-4a02-8a95-db249d03181d,2021-02-11 13:56:13,627.838,2021-02-11 12:52:40.305000,2021-02-11 13:03:08.143000,1.0,false,rare,cold,toaster,../data/prolific_output/run5_scalar_heat-group_scalar_heat/qu70-s_qu3-batch1.csv
qu70-s_qu3-batch1.csv-1,1,NOT AVAILABLE,NOT AVAILABLE,44d44641-22cf-456b-99ee-e83419d5c276,PROLIFIC,11-Feb-2021 14:08:03,1173,46449,00fc9965-7c1c-4865-88ec-de3491af5a53,"I think (a/an) toaster can be cold, but this is rare or uncommon.","I think (a/an) chocolate can be salty, but this is rare or uncommon.","I think (a/an) cherry can be salty, but this is rare or uncommon.",5_scalar_heat-set_extension_full_range,https://app.prolific.co/submissions/complete?cc=135DD3C8,Agree or disagree (run5_scalar_heat-set_extension_full_range-experiment_scalar-batch1-70-70),409284,9cff61ef-44cc-461d-b11a-558b1569798e,2021-02-11 14:08:03,305.684,2021-02-11 13:05:35.161000,2021-02-11 13:10:40.845000,2.0,false,rare,cold,toaster,../data/prolific_output/run5_scalar_heat-group_scalar_heat/qu70-s_qu3-batch1.csv
qu70-s_qu3-batch1.csv-1,1,NOT AVAILABLE,NOT AVAILABLE,01eeb5d1-2a5f-45c4-ba39-ddbf24954839,PROLIFIC,11-Feb-2021 14:52:34,1173,46449,00fc9965-7c1c-4865-88ec-de3491af5a53,"I think (a/an) toaster can be cold, but this is rare or uncommon.","I think (a/an) chocolate can be salty, but this is rare or uncommon.","I think (a/an) cherry can be salty, but this is rare or uncommon.",5_scalar_heat-set_extension_full_range,https://app.prolific.co/submissions/complete?cc=135DD3C8,Agree or disagree (run5_scalar_heat-set_extension_full_range-experiment_scalar-batch1-70-70),410260,3b130634-572b-4044-9bbd-51646671b794,2021-02-11 14:52:34,814.511,2021-02-11 13:43:15.871000,2021-02-11 13:56:50.382000,15.0,false,rare,cold,toaster,../data/prolific_output/run5_scalar_heat-group_scalar_heat/qu70-s_qu3-batch1.csv
qu70-s_qu3-batch1.csv-1,1,NOT AVAILABLE,NOT AVAILABLE,4d7f576e-160c-4416-8a0b-7548a4d8bb97,PROLIFIC,11-Feb-2021 14:15:35,1173,46449,00fc9965-7c1c-4865-88ec-de3491af5a53,"I think (a/an) toaster can be cold, but this is rare or uncommon.","I think (a/an) chocolate can be salty, but this is rare or uncommon.","I think (a/an) cherry can be salty, but this is rare or uncommon.",5_scalar_heat-set_extension_full_range,https://app.prolific.co/submissions/complete?cc=135DD3C8,Agree or disagree (run5_scalar_heat-set_extension_full_range-experiment_scalar-batch1-70-70),409569,25d9def8-050d-4576-b3bd-8a2139bee0d0,2021-02-11 14:15:35,419.382,2021-02-11 13:13:40.482000,2021-02-11 13:20:39.864000,4.0,true,rare,cold,toaster,../data/prolific_output/run5_scalar_heat-group_scalar_heat/qu70-s_qu3-batch1.csv
qu70-s_qu3-batch1.csv-1,1,NOT AVAILABLE,NOT AVAILABLE,3c6e8c47-52b6-40dc-912b-32b6599fd0ce,PROLIFIC,11-Feb-2021 13:58:44,1173,46449,00fc9965-7c1c-4865-88ec-de3491af5a53,"I think (a/an) toaster can be cold, but this is rare or uncommon.","I think (a/an) chocolate can be salty, but this is rare or uncommon.","I think (a/an) cherry can be salty, but this is rare or uncommon.",5_scalar_heat-set_extension_full_range,https://app.prolific.co/submissions/complete?cc=135DD3C8,Agree or disagree (run5_scalar_heat-set_extension_full_range-experiment_scalar-batch1-70-70),409081,0bd144a5-dc1d-48d5-92f1-0693ed5dd2a5,2021-02-11 13:58:44,756.898,2021-02-11 12:49:10.608000,2021-02-11 13:01:47.506000,2.0,true,rare,cold,toaster,../data/prolific_output/run5_scalar_heat-group_scalar_heat/qu70-s_qu3-batch1.csv
qu70-s_qu3-batch1.csv-1,1,NOT AVAILABLE,NOT AVAILABLE,df22a112-e62a-4607-8c70-d22a89b1a7d6,PROLIFIC,11-Feb-2021 14:28:44,1173,46449,00fc9965-7c1c-4865-88ec-de3491af5a53,"I think (a/an) toaster can be cold, but this is rare or uncommon.","I think (a/an) chocolate can be salty, but this is rare or uncommon.","I think (a/an) cherry can be salty, but this is rare or uncommon.",5_scalar_heat-set_extension_full_range,https://app.prolific.co/submissions/complete?cc=135DD3C8,Agree or disagree (run5_scalar_heat-set_extension_full_range-experiment_scalar-batch1-70-70),409888,2239a826-8f99-4087-aa64-794220dd8bbe,2021-02-11 14:28:44,1418.922,2021-02-11 13:25:09.172000,2021-02-11 13:48:48.094000,6.0,false,rare,cold,toaster,../data/prolific_output/run5_scalar_heat-group_scalar_heat/qu70-s_qu3-batch1.csv
qu70-s_qu3-batch1.csv-1,1,NOT AVAILABLE,NOT AVAILABLE,ba2e5d60-1be5-4160-8883-d9dc1d2a590c,PROLIFIC,11-Feb-2021 15:01:27,1173,46449,00fc9965-7c1c-4865-88ec-de3491af5a53,"I think (a/an) toaster can be cold, but this is rare or uncommon.","I think (a/an) chocolate can be salty, but this is rare or uncommon.","I think (a/an) cherry can be salty, but this is rare or uncommon.",5_scalar_heat-set_extension_full_range,https://app.prolific.co/submissions/complete?cc=135DD3C8,Agree or disagree (run5_scalar_heat-set_extension_full_range-experiment_scalar-batch1-70-70),410455,9078c853-b74b-4779-a754-01903d71d961,2021-02-11 15:01:27,506.867,2021-02-11 13:55:38.597000,2021-02-11 14:04:05.464000,9.0,false,rare,cold,toaster,../data/prolific_output/run5_scalar_heat-group_scalar_heat/qu70-s_qu3-batch1.csv
qu70-s_qu3-batch1.csv-1,1,NOT AVAILABLE,NOT AVAILABLE,f2b79ec4-328b-4811-ad4e-e541da2cb058,PROLIFIC,11-Feb-2021 14:15:19,1173,46450,9f53967d-9e58-42cd-9f1c-deba52aa7efd,"I could say (a/an) toaster is cold, but I would most certainly not mean it literally.","I could say (a/an) anger is hot, but I would most certainly not mean it literally.
I could say (a/an) person is cold, but I would most certainly not mean it literally.
I could say (a/an) story is dark, but I would most certainly not mean it literally.","I could say (a/an) fire is hot, but I would most certainly not mean it literally.
I could say (a/an) stone is heavy, but I would most certainly not mean it literally.
I could say (a/an) argument is liquid, but I would most certainly not mean it literally.",5_scalar_heat-set_extension_full_range,https://app.prolific.co/submissions/complete?cc=135DD3C8,Agree or disagree (run5_scalar_heat-set_extension_full_range-experiment_scalar-batch1-70-70),409551,750bc398-9f6b-49df-a3c6-c84a010aadda,2021-02-11 14:15:19,538.269,2021-02-11 13:10:15.124000,2021-02-11 13:19:13.393000,3.0,true,creative,cold,toaster,../data/prolific_output/run5_scalar_heat-group_scalar_heat/qu70-s_qu3-batch1.csv
qu70-s_qu3-batch1.csv-1,1,NOT AVAILABLE,NOT AVAILABLE,011937c5-478d-4bcd-af78-a9232b3a0158,PROLIFIC,11-Feb-2021 15:35:26,1173,46450,9f53967d-9e58-42cd-9f1c-deba52aa7efd,"I could say (a/an) toaster is cold, but I would most certainly not mean it literally.","I could say (a/an) anger is hot, but I would most certainly not mean it literally.
I could say (a/an) person is cold, but I would most certainly not mean it literally.
I could say (a/an) story is dark, but I would most certainly not mean it literally.","I could say (a/an) fire is hot, but I would most certainly not mean it literally.
I could say (a/an) stone is heavy, but I would most certainly not mean it literally.
I could say (a/an) argument is liquid, but I would most certainly not mean it literally.",5_scalar_heat-set_extension_full_range,https://app.prolific.co/submissions/complete?cc=135DD3C8,Agree or disagree (run5_scalar_heat-set_extension_full_range-experiment_scalar-batch1-70-70),410641,6b80b0bf-b149-4369-bb58-f98acb487945,2021-02-11 15:35:26,1856.165,2021-02-11 14:14:37.373000,2021-02-11 14:45:33.538000,3.0,false,creative,cold,toaster,../data/prolific_output/run5_scalar_heat-group_scalar_heat/qu70-s_qu3-batch1.csv
qu70-s_qu3-batch1.csv-1,1,NOT AVAILABLE,NOT AVAILABLE,8713bc47-83eb-4eb4-a7fb-ac15b44a0c3a,PROLIFIC,11-Feb-2021 14:00:21,1173,46450,9f53967d-9e58-42cd-9f1c-deba52aa7efd,"I could say (a/an) toaster is cold, but I would most certainly not mean it literally.","I could say (a/an) anger is hot, but I would most certainly not mean it literally.
I could say (a/an) person is cold, but I would most certainly not mean it literally.
I could say (a/an) story is dark, but I would most certainly not mean it literally.","I could say (a/an) fire is hot, but I would most certainly not mean it literally.
I could say (a/an) stone is heavy, but I would most certainly not mean it literally.
I could say (a/an) argument is liquid, but I would most certainly not mean it literally.",5_scalar_heat-set_extension_full_range,https://app.prolific.co/submissions/complete?cc=135DD3C8,Agree or disagree (run5_scalar_heat-set_extension_full_range-experiment_scalar-batch1-70-70),409139,e2f56c64-17a0-4adb-8a61-3b3fcb8a363d,2021-02-11 14:00:21,627.838,2021-02-11 12:52:40.305000,2021-02-11 13:03:08.143000,10.0,false,creative,cold,toaster,../data/prolific_output/run5_scalar_heat-group_scalar_heat/qu70-s_qu3-batch1.csv
qu70-s_qu3-batch1.csv-1,1,NOT AVAILABLE,NOT AVAILABLE,44d44641-22cf-456b-99ee-e83419d5c276,PROLIFIC,11-Feb-2021 14:06:26,1173,46450,9f53967d-9e58-42cd-9f1c-deba52aa7efd,"I could say (a/an) toaster is cold, but I would most certainly not mean it literally.","I could say (a/an) anger is hot, but I would most certainly not mean it literally.
I could say (a/an) person is cold, but I would most certainly not mean it literally.
I could say (a/an) story is dark, but I would most certainly not mean it literally.","I could say (a/an) fire is hot, but I would most certainly not mean it literally.
I could say (a/an) stone is heavy, but I would most certainly not mean it literally.
I could say (a/an) argument is liquid, but I would most certainly not mean it literally.",5_scalar_heat-set_extension_full_range,https://app.prolific.co/submissions/complete?cc=135DD3C8,Agree or disagree (run5_scalar_heat-set_extension_full_range-experiment_scalar-batch1-70-70),409238,63329f6d-9998-46c7-87e2-80406905085b,2021-02-11 14:06:26,305.684,2021-02-11 13:05:35.161000,2021-02-11 13:10:40.845000,3.0,false,creative,cold,toaster,../data/prolific_output/run5_scalar_heat-group_scalar_heat/qu70-s_qu3-batch1.csv
qu70-s_qu3-batch1.csv-1,1,NOT AVAILABLE,NOT AVAILABLE,01eeb5d1-2a5f-45c4-ba39-ddbf24954839,PROLIFIC,11-Feb-2021 14:49:13,1173,46450,9f53967d-9e58-42cd-9f1c-deba52aa7efd,"I could say (a/an) toaster is cold, but I would most certainly not mean it literally.","I could say (a/an) anger is hot, but I would most certainly not mean it literally.
I could say (a/an) person is cold, but I would most certainly not mean it literally.
I could say (a/an) story is dark, but I would most certainly not mean it literally.","I could say (a/an) fire is hot, but I would most certainly not mean it literally.
I could say (a/an) stone is heavy, but I would most certainly not mean it literally.
I could say (a/an) argument is liquid, but I would most certainly not mean it literally.",5_scalar_heat-set_extension_full_range,https://app.prolific.co/submissions/complete?cc=135DD3C8,Agree or disagree (run5_scalar_heat-set_extension_full_range-experiment_scalar-batch1-70-70),410222,438d462e-d93d-4ea5-9f17-a678159040a7,2021-02-11 14:49:13,814.511,2021-02-11 13:43:15.871000,2021-02-11 13:56:50.382000,15.0,true,creative,cold,toaster,../data/prolific_output/run5_scalar_heat-group_scalar_heat/qu70-s_qu3-batch1.csv
qu70-s_qu3-batch1.csv-1,1,NOT AVAILABLE,NOT AVAILABLE,4d7f576e-160c-4416-8a0b-7548a4d8bb97,PROLIFIC,11-Feb-2021 14:15:54,1173,46450,9f53967d-9e58-42cd-9f1c-deba52aa7efd,"I could say (a/an) toaster is cold, but I would most certainly not mean it literally.","I could say (a/an) anger is hot, but I would most certainly not mean it literally.
I could say (a/an) person is cold, but I would most certainly not mean it literally.
I could say (a/an) story is dark, but I would most certainly not mean it literally.","I could say (a/an) fire is hot, but I would most certainly not mean it literally.
I could say (a/an) stone is heavy, but I would most certainly not mean it literally.
I could say (a/an) argument is liquid, but I would most certainly not mean it literally.",5_scalar_heat-set_extension_full_range,https://app.prolific.co/submissions/complete?cc=135DD3C8,Agree or disagree (run5_scalar_heat-set_extension_full_range-experiment_scalar-batch1-70-70),409586,a6e72dba-7189-4c52-873b-781bc1ef47cf,2021-02-11 14:15:54,419.382,2021-02-11 13:13:40.482000,2021-02-11 13:20:39.864000,6.0,false,creative,cold,toaster,../data/prolific_output/run5_scalar_heat-group_scalar_heat/qu70-s_qu3-batch1.csv
qu70-s_qu3-batch1.csv-1,1,NOT AVAILABLE,NOT AVAILABLE,3c6e8c47-52b6-40dc-912b-32b6599fd0ce,PROLIFIC,11-Feb-2021 13:52:09,1173,46450,9f53967d-9e58-42cd-9f1c-deba52aa7efd,"I could say (a/an) toaster is cold, but I would most certainly not mean it literally.","I could say (a/an) anger is hot, but I would most certainly not mean it literally.
I could say (a/an) person is cold, but I would most certainly not mean it literally.
I could say (a/an) story is dark, but I would most certainly not mean it literally.","I could say (a/an) fire is hot, but I would most certainly not mean it literally.
I could say (a/an) stone is heavy, but I would most certainly not mean it literally.
I could say (a/an) argument is liquid, but I would most certainly not mean it literally.",5_scalar_heat-set_extension_full_range,https://app.prolific.co/submissions/complete?cc=135DD3C8,Agree or disagree (run5_scalar_heat-set_extension_full_range-experiment_scalar-batch1-70-70),408810,3dce42de-a9d9-4c7f-94de-6cbf2ce1b3eb,2021-02-11 13:52:09,756.898,2021-02-11 12:49:10.608000,2021-02-11 13:01:47.506000,10.0,true,creative,cold,toaster,../data/prolific_output/run5_scalar_heat-group_scalar_heat/qu70-s_qu3-batch1.csv
qu70-s_qu3-batch1.csv-1,1,NOT AVAILABLE,NOT AVAILABLE,df22a112-e62a-4607-8c70-d22a89b1a7d6,PROLIFIC,11-Feb-2021 14:40:48,1173,46450,9f53967d-9e58-42cd-9f1c-deba52aa7efd,"I could say (a/an) toaster is cold, but I would most certainly not mean it literally.","I could say (a/an) anger is hot, but I would most certainly not mean it literally.
I could say (a/an) person is cold, but I would most certainly not mean it literally.
I could say (a/an) story is dark, but I would most certainly not mean it literally.","I could say (a/an) fire is hot, but I would most certainly not mean it literally.
I could say (a/an) stone is heavy, but I would most certainly not mean it literally.
I could say (a/an) argument is liquid, but I would most certainly not mean it literally.",5_scalar_heat-set_extension_full_range,https://app.prolific.co/submissions/complete?cc=135DD3C8,Agree or disagree (run5_scalar_heat-set_extension_full_range-experiment_scalar-batch1-70-70),410103,00ffcdc1-ce9e-4e52-b936-7548e4801e74,2021-02-11 14:40:48,1418.922,2021-02-11 13:25:09.172000,2021-02-11 13:48:48.094000,55.0,false,creative,cold,toaster,../data/prolific_output/run5_scalar_heat-group_scalar_heat/qu70-s_qu3-batch1.csv
qu70-s_qu3-batch1.csv-1,1,NOT AVAILABLE,NOT AVAILABLE,ba2e5d60-1be5-4160-8883-d9dc1d2a590c,PROLIFIC,11-Feb-2021 15:03:42,1173,46450,9f53967d-9e58-42cd-9f1c-deba52aa7efd,"I could say (a/an) toaster is cold, but I would most certainly not mean it literally.","I could say (a/an) anger is hot, but I would most certainly not mean it literally.
I could say (a/an) person is cold, but I would most certainly not mean it literally.
I could say (a/an) story is dark, but I would most certainly not mean it literally.","I could say (a/an) fire is hot, but I would most certainly not mean it literally.
I could say (a/an) stone is heavy, but I would most certainly not mean it literally.
I could say (a/an) argument is liquid, but I would most certainly not mean it literally.",5_scalar_heat-set_extension_full_range,https://app.prolific.co/submissions/complete?cc=135DD3C8,Agree or disagree (run5_scalar_heat-set_extension_full_range-experiment_scalar-batch1-70-70),410483,a3fe9708-c949-41cb-8d2f-ea36e0fbbfb8,2021-02-11 15:03:42,506.867,2021-02-11 13:55:38.597000,2021-02-11 14:04:05.464000,3.0,false,creative,cold,toaster,../data/prolific_output/run5_scalar_heat-group_scalar_heat/qu70-s_qu3-batch1.csv
qu70-s_qu3-batch1.csv-1,1,NOT AVAILABLE,NOT AVAILABLE,f2b79ec4-328b-4811-ad4e-e541da2cb058,PROLIFIC,11-Feb-2021 14:11:25,1173,46451,6f342928-9f4d-48b4-8db9-33ce8e225377,"Usually, (a/an) toaster is not cold, but there could be a highly unusual situation in which (a/an) toaster is cold.","Usually, (a/an) clock is not melting, but there could be a highly unusual situation in which (a/an) clock is melting.","Usually, (a/an) ice cream is not melting, but there could be a highly unusual situation in which (a/an) ice cream is melting.",5_scalar_heat-set_extension_full_range,https://app.prolific.co/submissions/complete?cc=135DD3C8,Agree or disagree (run5_scalar_heat-set_extension_full_range-experiment_scalar-batch1-70-70),409410,e7eef321-ffb4-4b7e-a93c-eb2485293afa,2021-02-11 14:11:25,538.269,2021-02-11 13:10:15.124000,2021-02-11 13:19:13.393000,2.0,false,unusual,cold,toaster,../data/prolific_output/run5_scalar_heat-group_scalar_heat/qu70-s_qu3-batch1.csv
qu70-s_qu3-batch1.csv-1,1,NOT AVAILABLE,NOT AVAILABLE,011937c5-478d-4bcd-af78-a9232b3a0158,PROLIFIC,11-Feb-2021 15:34:25,1173,46451,6f342928-9f4d-48b4-8db9-33ce8e225377,"Usually, (a/an) toaster is not cold, but there could be a highly unusual situation in which (a/an) toaster is cold.","Usually, (a/an) clock is not melting, but there could be a highly unusual situation in which (a/an) clock is melting.","Usually, (a/an) ice cream is not melting, but there could be a highly unusual situation in which (a/an) ice cream is melting.",5_scalar_heat-set_extension_full_range,https://app.prolific.co/submissions/complete?cc=135DD3C8,Agree or disagree (run5_scalar_heat-set_extension_full_range-experiment_scalar-batch1-70-70),410637,115fdda5-19a2-4eac-93a2-4ac6ef147552,2021-02-11 15:34:25,1856.165,2021-02-11 14:14:37.373000,2021-02-11 14:45:33.538000,23.0,false,unusual,cold,toaster,../data/prolific_output/run5_scalar_heat-group_scalar_heat/qu70-s_qu3-batch1.csv
qu70-s_qu3-batch1.csv-1,1,NOT AVAILABLE,NOT AVAILABLE,8713bc47-83eb-4eb4-a7fb-ac15b44a0c3a,PROLIFIC,11-Feb-2021 13:59:51,1173,46451,6f342928-9f4d-48b4-8db9-33ce8e225377,"Usually, (a/an) toaster is not cold, but there could be a highly unusual situation in which (a/an) toaster is cold.","Usually, (a/an) clock is not melting, but there could be a highly unusual situation in which (a/an) clock is melting.","Usually, (a/an) ice cream is not melting, but there could be a highly unusual situation in which (a/an) ice cream is melting.",5_scalar_heat-set_extension_full_range,https://app.prolific.co/submissions/complete?cc=135DD3C8,Agree or disagree (run5_scalar_heat-set_extension_full_range-experiment_scalar-batch1-70-70),409124,665ba52f-0637-4975-ab4b-921fd4ff58ff,2021-02-11 13:59:51,627.838,2021-02-11 12:52:40.305000,2021-02-11 13:03:08.143000,5.0,false,unusual,cold,toaster,../data/prolific_output/run5_scalar_heat-group_scalar_heat/qu70-s_qu3-batch1.csv
qu70-s_qu3-batch1.csv-1,1,NOT AVAILABLE,NOT AVAILABLE,44d44641-22cf-456b-99ee-e83419d5c276,PROLIFIC,11-Feb-2021 14:07:01,1173,46451,6f342928-9f4d-48b4-8db9-33ce8e225377,"Usually, (a/an) toaster is not cold, but there could be a highly unusual situation in which (a/an) toaster is cold.","Usually, (a/an) clock is not melting, but there could be a highly unusual situation in which (a/an) clock is melting.","Usually, (a/an) ice cream is not melting, but there could be a highly unusual situation in which (a/an) ice cream is melting.",5_scalar_heat-set_extension_full_range,https://app.prolific.co/submissions/complete?cc=135DD3C8,Agree or disagree (run5_scalar_heat-set_extension_full_range-experiment_scalar-batch1-70-70),409255,237b42c9-9171-43e2-a33f-8dc665741917,2021-02-11 14:07:01,305.684,2021-02-11 13:05:35.161000,2021-02-11 13:10:40.845000,6.0,false,unusual,cold,toaster,../data/prolific_output/run5_scalar_heat-group_scalar_heat/qu70-s_qu3-batch1.csv
qu70-s_qu3-batch1.csv-1,1,NOT AVAILABLE,NOT AVAILABLE,01eeb5d1-2a5f-45c4-ba39-ddbf24954839,PROLIFIC,11-Feb-2021 14:52:19,1173,46451,6f342928-9f4d-48b4-8db9-33ce8e225377,"Usually, (a/an) toaster is not cold, but there could be a highly unusual situation in which (a/an) toaster is cold.","Usually, (a/an) clock is not melting, but there could be a highly unusual situation in which (a/an) clock is melting.","Usually, (a/an) ice cream is not melting, but there could be a highly unusual situation in which (a/an) ice cream is melting.",5_scalar_heat-set_extension_full_range,https://app.prolific.co/submissions/complete?cc=135DD3C8,Agree or disagree (run5_scalar_heat-set_extension_full_range-experiment_scalar-batch1-70-70),410256,6d33d3f4-2b50-409b-aad1-f1498ffb1343,2021-02-11 14:52:19,814.511,2021-02-11 13:43:15.871000,2021-02-11 13:56:50.382000,25.0,false,unusual,cold,toaster,../data/prolific_output/run5_scalar_heat-group_scalar_heat/qu70-s_qu3-batch1.csv
qu70-s_qu3-batch1.csv-1,1,NOT AVAILABLE,NOT AVAILABLE,4d7f576e-160c-4416-8a0b-7548a4d8bb97,PROLIFIC,11-Feb-2021 14:15:31,1173,46451,6f342928-9f4d-48b4-8db9-33ce8e225377,"Usually, (a/an) toaster is not cold, but there could be a highly unusual situation in which (a/an) toaster is cold.","Usually, (a/an) clock is not melting, but there could be a highly unusual situation in which (a/an) clock is melting.","Usually, (a/an) ice cream is not melting, but there could be a highly unusual situation in which (a/an) ice cream is melting.",5_scalar_heat-set_extension_full_range,https://app.prolific.co/submissions/complete?cc=135DD3C8,Agree or disagree (run5_scalar_heat-set_extension_full_range-experiment_scalar-batch1-70-70),409565,564a22ff-36c6-435e-9ba6-2282b9504a80,2021-02-11 14:15:31,419.382,2021-02-11 13:13:40.482000,2021-02-11 13:20:39.864000,2.0,true,unusual,cold,toaster,../data/prolific_output/run5_scalar_heat-group_scalar_heat/qu70-s_qu3-batch1.csv
qu70-s_qu3-batch1.csv-1,1,NOT AVAILABLE,NOT AVAILABLE,3c6e8c47-52b6-40dc-912b-32b6599fd0ce,PROLIFIC,11-Feb-2021 13:55:01,1173,46451,6f342928-9f4d-48b4-8db9-33ce8e225377,"Usually, (a/an) toaster is not cold, but there could be a highly unusual situation in which (a/an) toaster is cold.","Usually, (a/an) clock is not melting, but there could be a highly unusual situation in which (a/an) clock is melting.","Usually, (a/an) ice cream is not melting, but there could be a highly unusual situation in which (a/an) ice cream is melting.",5_scalar_heat-set_extension_full_range,https://app.prolific.co/submissions/complete?cc=135DD3C8,Agree or disagree (run5_scalar_heat-set_extension_full_range-experiment_scalar-batch1-70-70),408928,4b25002e-bfb5-4c2d-8ff6-f4a1b1538087,2021-02-11 13:55:01,756.898,2021-02-11 12:49:10.608000,2021-02-11 13:01:47.506000,4.0,true,unusual,cold,toaster,../data/prolific_output/run5_scalar_heat-group_scalar_heat/qu70-s_qu3-batch1.csv
qu70-s_qu3-batch1.csv-1,1,NOT AVAILABLE,NOT AVAILABLE,df22a112-e62a-4607-8c70-d22a89b1a7d6,PROLIFIC,11-Feb-2021 14:47:37,1173,46451,6f342928-9f4d-48b4-8db9-33ce8e225377,"Usually, (a/an) toaster is not cold, but there could be a highly unusual situation in which (a/an) toaster is cold.","Usually, (a/an) clock is not melting, but there could be a highly unusual situation in which (a/an) clock is melting.","Usually, (a/an) ice cream is not melting, but there could be a highly unusual situation in which (a/an) ice cream is melting.",5_scalar_heat-set_extension_full_range,https://app.prolific.co/submissions/complete?cc=135DD3C8,Agree or disagree (run5_scalar_heat-set_extension_full_range-experiment_scalar-batch1-70-70),410190,df3e5056-94d0-451a-bf6b-d333fcecf108,2021-02-11 14:47:37,1418.922,2021-02-11 13:25:09.172000,2021-02-11 13:48:48.094000,4.0,false,unusual,cold,toaster,../data/prolific_output/run5_scalar_heat-group_scalar_heat/qu70-s_qu3-batch1.csv
qu70-s_qu3-batch1.csv-1,1,NOT AVAILABLE,NOT AVAILABLE,ba2e5d60-1be5-4160-8883-d9dc1d2a590c,PROLIFIC,11-Feb-2021 15:03:31,1173,46451,6f342928-9f4d-48b4-8db9-33ce8e225377,"Usually, (a/an) toaster is not cold, but there could be a highly unusual situation in which (a/an) toaster is cold.","Usually, (a/an) clock is not melting, but there could be a highly unusual situation in which (a/an) clock is melting.","Usually, (a/an) ice cream is not melting, but there could be a highly unusual situation in which (a/an) ice cream is melting.",5_scalar_heat-set_extension_full_range,https://app.prolific.co/submissions/complete?cc=135DD3C8,Agree or disagree (run5_scalar_heat-set_extension_full_range-experiment_scalar-batch1-70-70),410480,9897eb99-a307-4f2f-8967-d665a314fd77,2021-02-11 15:03:31,506.867,2021-02-11 13:55:38.597000,2021-02-11 14:04:05.464000,8.0,false,unusual,cold,toaster,../data/prolific_output/run5_scalar_heat-group_scalar_heat/qu70-s_qu3-batch1.csv
qu70-s_qu3-batch1.csv-1,1,NOT AVAILABLE,NOT AVAILABLE,f2b79ec4-328b-4811-ad4e-e541da2cb058,PROLIFIC,11-Feb-2021 14:10:41,1173,46452,ed3cacf7-cd9b-4312-a05a-7837f7b78a96,``Toaster'' is one of the first things which come to mind when I hear ``cold' because (a/an) toaster is a typical example of things which are cold'. ,``Snow'' is one of the first things which come to mind when I hear ``white' because (a/an) snow is a typical example of things which are white'. ,``Water'' is one of the first things which come to mind when I hear ``grey' because (a/an) water is a typical example of things which are grey'. ,5_scalar_heat-set_extension_full_range,https://app.prolific.co/submissions/complete?cc=135DD3C8,Agree or disagree (run5_scalar_heat-set_extension_full_range-experiment_scalar-batch1-70-70),409386,2d9bbf6e-62cb-4759-bb70-b0e35649c258,2021-02-11 14:10:41,538.269,2021-02-11 13:10:15.124000,2021-02-11 13:19:13.393000,3.0,false,typical_of_property,cold,toaster,../data/prolific_output/run5_scalar_heat-group_scalar_heat/qu70-s_qu3-batch1.csv
qu70-s_qu3-batch1.csv-1,1,NOT AVAILABLE,NOT AVAILABLE,011937c5-478d-4bcd-af78-a9232b3a0158,PROLIFIC,11-Feb-2021 15:33:22,1173,46452,ed3cacf7-cd9b-4312-a05a-7837f7b78a96,``Toaster'' is one of the first things which come to mind when I hear ``cold' because (a/an) toaster is a typical example of things which are cold'. ,``Snow'' is one of the first things which come to mind when I hear ``white' because (a/an) snow is a typical example of things which are white'. ,``Water'' is one of the first things which come to mind when I hear ``grey' because (a/an) water is a typical example of things which are grey'. ,5_scalar_heat-set_extension_full_range,https://app.prolific.co/submissions/complete?cc=135DD3C8,Agree or disagree (run5_scalar_heat-set_extension_full_range-experiment_scalar-batch1-70-70),410631,09e36193-906a-4858-b3d3-e20dc7ae6aec,2021-02-11 15:33:22,1856.165,2021-02-11 14:14:37.373000,2021-02-11 14:45:33.538000,2.0,false,typical_of_property,cold,toaster,../data/prolific_output/run5_scalar_heat-group_scalar_heat/qu70-s_qu3-batch1.csv
qu70-s_qu3-batch1.csv-1,1,NOT AVAILABLE,NOT AVAILABLE,8713bc47-83eb-4eb4-a7fb-ac15b44a0c3a,PROLIFIC,11-Feb-2021 14:01:11,1173,46452,ed3cacf7-cd9b-4312-a05a-7837f7b78a96,``Toaster'' is one of the first things which come to mind when I hear ``cold' because (a/an) toaster is a typical example of things which are cold'. ,``Snow'' is one of the first things which come to mind when I hear ``white' because (a/an) snow is a typical example of things which are white'. ,``Water'' is one of the first things which come to mind when I hear ``grey' because (a/an) water is a typical example of things which are grey'. ,5_scalar_heat-set_extension_full_range,https://app.prolific.co/submissions/complete?cc=135DD3C8,Agree or disagree (run5_scalar_heat-set_extension_full_range-experiment_scalar-batch1-70-70),409156,d0d986ef-df2f-4934-b549-1852922dba6a,2021-02-11 14:01:11,627.838,2021-02-11 12:52:40.305000,2021-02-11 13:03:08.143000,2.0,false,typical_of_property,cold,toaster,../data/prolific_output/run5_scalar_heat-group_scalar_heat/qu70-s_qu3-batch1.csv
qu70-s_qu3-batch1.csv-1,1,NOT AVAILABLE,NOT AVAILABLE,44d44641-22cf-456b-99ee-e83419d5c276,PROLIFIC,11-Feb-2021 14:07:35,1173,46452,ed3cacf7-cd9b-4312-a05a-7837f7b78a96,``Toaster'' is one of the first things which come to mind when I hear ``cold' because (a/an) toaster is a typical example of things which are cold'. ,``Snow'' is one of the first things which come to mind when I hear ``white' because (a/an) snow is a typical example of things which are white'. ,``Water'' is one of the first things which come to mind when I hear ``grey' because (a/an) water is a typical example of things which are grey'. ,5_scalar_heat-set_extension_full_range,https://app.prolific.co/submissions/complete?cc=135DD3C8,Agree or disagree (run5_scalar_heat-set_extension_full_range-experiment_scalar-batch1-70-70),409265,38eaa28a-82f7-4d87-be13-27d000157499,2021-02-11 14:07:35,305.684,2021-02-11 13:05:35.161000,2021-02-11 13:10:40.845000,3.0,false,typical_of_property,cold,toaster,../data/prolific_output/run5_scalar_heat-group_scalar_heat/qu70-s_qu3-batch1.csv
qu70-s_qu3-batch1.csv-1,1,NOT AVAILABLE,NOT AVAILABLE,01eeb5d1-2a5f-45c4-ba39-ddbf24954839,PROLIFIC,11-Feb-2021 14:49:53,1173,46452,ed3cacf7-cd9b-4312-a05a-7837f7b78a96,``Toaster'' is one of the first things which come to mind when I hear ``cold' because (a/an) toaster is a typical example of things which are cold'. ,``Snow'' is one of the first things which come to mind when I hear ``white' because (a/an) snow is a typical example of things which are white'. ,``Water'' is one of the first things which come to mind when I hear ``grey' because (a/an) water is a typical example of things which are grey'. ,5_scalar_heat-set_extension_full_range,https://app.prolific.co/submissions/complete?cc=135DD3C8,Agree or disagree (run5_scalar_heat-set_extension_full_range-experiment_scalar-batch1-70-70),410229,2b84b82e-7de2-4ffa-8838-d61d0afe3483,2021-02-11 14:49:53,814.511,2021-02-11 13:43:15.871000,2021-02-11 13:56:50.382000,4.0,false,typical_of_property,cold,toaster,../data/prolific_output/run5_scalar_heat-group_scalar_heat/qu70-s_qu3-batch1.csv
qu70-s_qu3-batch1.csv-1,1,NOT AVAILABLE,NOT AVAILABLE,4d7f576e-160c-4416-8a0b-7548a4d8bb97,PROLIFIC,11-Feb-2021 14:15:06,1173,46452,ed3cacf7-cd9b-4312-a05a-7837f7b78a96,``Toaster'' is one of the first things which come to mind when I hear ``cold' because (a/an) toaster is a typical example of things which are cold'. ,``Snow'' is one of the first things which come to mind when I hear ``white' because (a/an) snow is a typical example of things which are white'. ,``Water'' is one of the first things which come to mind when I hear ``grey' because (a/an) water is a typical example of things which are grey'. ,5_scalar_heat-set_extension_full_range,https://app.prolific.co/submissions/complete?cc=135DD3C8,Agree or disagree (run5_scalar_heat-set_extension_full_range-experiment_scalar-batch1-70-70),409537,42872778-3152-420c-9e8f-46c2996e227a,2021-02-11 14:15:06,419.382,2021-02-11 13:13:40.482000,2021-02-11 13:20:39.864000,3.0,false,typical_of_property,cold,toaster,../data/prolific_output/run5_scalar_heat-group_scalar_heat/qu70-s_qu3-batch1.csv
qu70-s_qu3-batch1.csv-1,1,NOT AVAILABLE,NOT AVAILABLE,3c6e8c47-52b6-40dc-912b-32b6599fd0ce,PROLIFIC,11-Feb-2021 13:54:14,1173,46452,ed3cacf7-cd9b-4312-a05a-7837f7b78a96,``Toaster'' is one of the first things which come to mind when I hear ``cold' because (a/an) toaster is a typical example of things which are cold'. ,``Snow'' is one of the first things which come to mind when I hear ``white' because (a/an) snow is a typical example of things which are white'. ,``Water'' is one of the first things which come to mind when I hear ``grey' because (a/an) water is a typical example of things which are grey'. ,5_scalar_heat-set_extension_full_range,https://app.prolific.co/submissions/complete?cc=135DD3C8,Agree or disagree (run5_scalar_heat-set_extension_full_range-experiment_scalar-batch1-70-70),408895,cb635c1b-0668-4210-8fe3-61e8d9aa9585,2021-02-11 13:54:14,756.898,2021-02-11 12:49:10.608000,2021-02-11 13:01:47.506000,4.0,false,typical_of_property,cold,toaster,../data/prolific_output/run5_scalar_heat-group_scalar_heat/qu70-s_qu3-batch1.csv
qu70-s_qu3-batch1.csv-1,1,NOT AVAILABLE,NOT AVAILABLE,df22a112-e62a-4607-8c70-d22a89b1a7d6,PROLIFIC,11-Feb-2021 14:45:34,1173,46452,ed3cacf7-cd9b-4312-a05a-7837f7b78a96,``Toaster'' is one of the first things which come to mind when I hear ``cold' because (a/an) toaster is a typical example of things which are cold'. ,``Snow'' is one of the first things which come to mind when I hear ``white' because (a/an) snow is a typical example of things which are white'. ,``Water'' is one of the first things which come to mind when I hear ``grey' because (a/an) water is a typical example of things which are grey'. ,5_scalar_heat-set_extension_full_range,https://app.prolific.co/submissions/complete?cc=135DD3C8,Agree or disagree (run5_scalar_heat-set_extension_full_range-experiment_scalar-batch1-70-70),410143,ae57c7b1-5bc6-4c51-86b3-ee09556b153b,2021-02-11 14:45:34,1418.922,2021-02-11 13:25:09.172000,2021-02-11 13:48:48.094000,7.0,false,typical_of_property,cold,toaster,../data/prolific_output/run5_scalar_heat-group_scalar_heat/qu70-s_qu3-batch1.csv
qu70-s_qu3-batch1.csv-1,1,NOT AVAILABLE,NOT AVAILABLE,ba2e5d60-1be5-4160-8883-d9dc1d2a590c,PROLIFIC,11-Feb-2021 15:00:21,1173,46452,ed3cacf7-cd9b-4312-a05a-7837f7b78a96,``Toaster'' is one of the first things which come to mind when I hear ``cold' because (a/an) toaster is a typical example of things which are cold'. ,``Snow'' is one of the first things which come to mind when I hear ``white' because (a/an) snow is a typical example of things which are white'. ,``Water'' is one of the first things which come to mind when I hear ``grey' because (a/an) water is a typical example of things which are grey'. ,5_scalar_heat-set_extension_full_range,https://app.prolific.co/submissions/complete?cc=135DD3C8,Agree or disagree (run5_scalar_heat-set_extension_full_range-experiment_scalar-batch1-70-70),410441,112647dd-96a8-4117-a83d-932e709f254b,2021-02-11 15:00:21,506.867,2021-02-11 13:55:38.597000,2021-02-11 14:04:05.464000,5.0,false,typical_of_property,cold,toaster,../data/prolific_output/run5_scalar_heat-group_scalar_heat/qu70-s_qu3-batch1.csv
qu70-s_qu3-batch1.csv-1,1,NOT AVAILABLE,NOT AVAILABLE,f2b79ec4-328b-4811-ad4e-e541da2cb058,PROLIFIC,11-Feb-2021 14:18:49,1173,46453,0b6dd8f6-76c1-4b4d-8e3a-898bb3c84fef,``Cold'' is one for the first things which come to mind when I hear ``toaster' because cold is one of the typical temperatures of (a/an) toaster'.,``Spicy'' is one for the first things which come to mind when I hear ``chili_pepper' because spicy is one of the typical tastes of (a/an) chili_pepper'.,``Sweet'' is one for the first things which come to mind when I hear ``spinach' because sweet is one of the typical tastes of (a/an) spinach'.,5_scalar_heat-set_extension_full_range,https://app.prolific.co/submissions/complete?cc=135DD3C8,Agree or disagree (run5_scalar_heat-set_extension_full_range-experiment_scalar-batch1-70-70),409728,d83d3494-cfc9-4d22-a929-6263613176f8,2021-02-11 14:18:49,538.269,2021-02-11 13:10:15.124000,2021-02-11 13:19:13.393000,4.0,false,typical_of_concept,cold,toaster,../data/prolific_output/run5_scalar_heat-group_scalar_heat/qu70-s_qu3-batch1.csv
qu70-s_qu3-batch1.csv-1,1,NOT AVAILABLE,NOT AVAILABLE,011937c5-478d-4bcd-af78-a9232b3a0158,PROLIFIC,11-Feb-2021 15:35:39,1173,46453,0b6dd8f6-76c1-4b4d-8e3a-898bb3c84fef,``Cold'' is one for the first things which come to mind when I hear ``toaster' because cold is one of the typical temperatures of (a/an) toaster'.,``Spicy'' is one for the first things which come to mind when I hear ``chili_pepper' because spicy is one of the typical tastes of (a/an) chili_pepper'.,``Sweet'' is one for the first things which come to mind when I hear ``spinach' because sweet is one of the typical tastes of (a/an) spinach'.,5_scalar_heat-set_extension_full_range,https://app.prolific.co/submissions/complete?cc=135DD3C8,Agree or disagree (run5_scalar_heat-set_extension_full_range-experiment_scalar-batch1-70-70),410644,5c3c3448-26a3-4303-bacb-323a86c426e7,2021-02-11 15:35:39,1856.165,2021-02-11 14:14:37.373000,2021-02-11 14:45:33.538000,6.0,false,typical_of_concept,cold,toaster,../data/prolific_output/run5_scalar_heat-group_scalar_heat/qu70-s_qu3-batch1.csv
qu70-s_qu3-batch1.csv-1,1,NOT AVAILABLE,NOT AVAILABLE,8713bc47-83eb-4eb4-a7fb-ac15b44a0c3a,PROLIFIC,11-Feb-2021 13:59:46,1173,46453,0b6dd8f6-76c1-4b4d-8e3a-898bb3c84fef,``Cold'' is one for the first things which come to mind when I hear ``toaster' because cold is one of the typical temperatures of (a/an) toaster'.,``Spicy'' is one for the first things which come to mind when I hear ``chili_pepper' because spicy is one of the typical tastes of (a/an) chili_pepper'.,``Sweet'' is one for the first things which come to mind when I hear ``spinach' because sweet is one of the typical tastes of (a/an) spinach'.,5_scalar_heat-set_extension_full_range,https://app.prolific.co/submissions/complete?cc=135DD3C8,Agree or disagree (run5_scalar_heat-set_extension_full_range-experiment_scalar-batch1-70-70),409122,1d8332b6-d669-49df-ada0-4982815daf4a,2021-02-11 13:59:46,627.838,2021-02-11 12:52:40.305000,2021-02-11 13:03:08.143000,2.0,false,typical_of_concept,cold,toaster,../data/prolific_output/run5_scalar_heat-group_scalar_heat/qu70-s_qu3-batch1.csv
qu70-s_qu3-batch1.csv-1,1,NOT AVAILABLE,NOT AVAILABLE,44d44641-22cf-456b-99ee-e83419d5c276,PROLIFIC,11-Feb-2021 14:06:37,1173,46453,0b6dd8f6-76c1-4b4d-8e3a-898bb3c84fef,``Cold'' is one for the first things which come to mind when I hear ``toaster' because cold is one of the typical temperatures of (a/an) toaster'.,``Spicy'' is one for the first things which come to mind when I hear ``chili_pepper' because spicy is one of the typical tastes of (a/an) chili_pepper'.,``Sweet'' is one for the first things which come to mind when I hear ``spinach' because sweet is one of the typical tastes of (a/an) spinach'.,5_scalar_heat-set_extension_full_range,https://app.prolific.co/submissions/complete?cc=135DD3C8,Agree or disagree (run5_scalar_heat-set_extension_full_range-experiment_scalar-batch1-70-70),409242,41448f44-ce7b-4fe6-8163-6fbea65f8c4c,2021-02-11 14:06:37,305.684,2021-02-11 13:05:35.161000,2021-02-11 13:10:40.845000,3.0,false,typical_of_concept,cold,toaster,../data/prolific_output/run5_scalar_heat-group_scalar_heat/qu70-s_qu3-batch1.csv
qu70-s_qu3-batch1.csv-1,1,NOT AVAILABLE,NOT AVAILABLE,01eeb5d1-2a5f-45c4-ba39-ddbf24954839,PROLIFIC,11-Feb-2021 14:49:28,1173,46453,0b6dd8f6-76c1-4b4d-8e3a-898bb3c84fef,``Cold'' is one for the first things which come to mind when I hear ``toaster' because cold is one of the typical temperatures of (a/an) toaster'.,``Spicy'' is one for the first things which come to mind when I hear ``chili_pepper' because spicy is one of the typical tastes of (a/an) chili_pepper'.,``Sweet'' is one for the first things which come to mind when I hear ``spinach' because sweet is one of the typical tastes of (a/an) spinach'.,5_scalar_heat-set_extension_full_range,https://app.prolific.co/submissions/complete?cc=135DD3C8,Agree or disagree (run5_scalar_heat-set_extension_full_range-experiment_scalar-batch1-70-70),410225,c6188caf-1c54-4f0a-97a7-63b6d64ccf60,2021-02-11 14:49:28,814.511,2021-02-11 13:43:15.871000,2021-02-11 13:56:50.382000,11.0,false,typical_of_concept,cold,toaster,../data/prolific_output/run5_scalar_heat-group_scalar_heat/qu70-s_qu3-batch1.csv
qu70-s_qu3-batch1.csv-1,1,NOT AVAILABLE,NOT AVAILABLE,4d7f576e-160c-4416-8a0b-7548a4d8bb97,PROLIFIC,11-Feb-2021 14:14:48,1173,46453,0b6dd8f6-76c1-4b4d-8e3a-898bb3c84fef,``Cold'' is one for the first things which come to mind when I hear ``toaster' because cold is one of the typical temperatures of (a/an) toaster'.,``Spicy'' is one for the first things which come to mind when I hear ``chili_pepper' because spicy is one of the typical tastes of (a/an) chili_pepper'.,``Sweet'' is one for the first things which come to mind when I hear ``spinach' because sweet is one of the typical tastes of (a/an) spinach'.,5_scalar_heat-set_extension_full_range,https://app.prolific.co/submissions/complete?cc=135DD3C8,Agree or disagree (run5_scalar_heat-set_extension_full_range-experiment_scalar-batch1-70-70),409523,5fa8e818-78bd-4cdd-a14b-f79be1ca25b1,2021-02-11 14:14:48,419.382,2021-02-11 13:13:40.482000,2021-02-11 13:20:39.864000,3.0,false,typical_of_concept,cold,toaster,../data/prolific_output/run5_scalar_heat-group_scalar_heat/qu70-s_qu3-batch1.csv
qu70-s_qu3-batch1.csv-1,1,NOT AVAILABLE,NOT AVAILABLE,3c6e8c47-52b6-40dc-912b-32b6599fd0ce,PROLIFIC,11-Feb-2021 13:54:35,1173,46453,0b6dd8f6-76c1-4b4d-8e3a-898bb3c84fef,``Cold'' is one for the first things which come to mind when I hear ``toaster' because cold is one of the typical temperatures of (a/an) toaster'.,``Spicy'' is one for the first things which come to mind when I hear ``chili_pepper' because spicy is one of the typical tastes of (a/an) chili_pepper'.,``Sweet'' is one for the first things which come to mind when I hear ``spinach' because sweet is one of the typical tastes of (a/an) spinach'.,5_scalar_heat-set_extension_full_range,https://app.prolific.co/submissions/complete?cc=135DD3C8,Agree or disagree (run5_scalar_heat-set_extension_full_range-experiment_scalar-batch1-70-70),408911,f9d30dbc-e374-479a-b029-e5193c9f32e5,2021-02-11 13:54:35,756.898,2021-02-11 12:49:10.608000,2021-02-11 13:01:47.506000,4.0,false,typical_of_concept,cold,toaster,../data/prolific_output/run5_scalar_heat-group_scalar_heat/qu70-s_qu3-batch1.csv
qu70-s_qu3-batch1.csv-1,1,NOT AVAILABLE,NOT AVAILABLE,df22a112-e62a-4607-8c70-d22a89b1a7d6,PROLIFIC,11-Feb-2021 14:39:53,1173,46453,0b6dd8f6-76c1-4b4d-8e3a-898bb3c84fef,``Cold'' is one for the first things which come to mind when I hear ``toaster' because cold is one of the typical temperatures of (a/an) toaster'.,``Spicy'' is one for the first things which come to mind when I hear ``chili_pepper' because spicy is one of the typical tastes of (a/an) chili_pepper'.,``Sweet'' is one for the first things which come to mind when I hear ``spinach' because sweet is one of the typical tastes of (a/an) spinach'.,5_scalar_heat-set_extension_full_range,https://app.prolific.co/submissions/complete?cc=135DD3C8,Agree or disagree (run5_scalar_heat-set_extension_full_range-experiment_scalar-batch1-70-70),410098,9c970797-f7c5-4d8b-aaa2-470e71c07abd,2021-02-11 14:39:53,1418.922,2021-02-11 13:25:09.172000,2021-02-11 13:48:48.094000,2.0,false,typical_of_concept,cold,toaster,../data/prolific_output/run5_scalar_heat-group_scalar_heat/qu70-s_qu3-batch1.csv
qu70-s_qu3-batch1.csv-1,1,NOT AVAILABLE,NOT AVAILABLE,ba2e5d60-1be5-4160-8883-d9dc1d2a590c,PROLIFIC,11-Feb-2021 15:00:40,1173,46453,0b6dd8f6-76c1-4b4d-8e3a-898bb3c84fef,``Cold'' is one for the first things which come to mind when I hear ``toaster' because cold is one of the typical temperatures of (a/an) toaster'.,``Spicy'' is one for the first things which come to mind when I hear ``chili_pepper' because spicy is one of the typical tastes of (a/an) chili_pepper'.,``Sweet'' is one for the first things which come to mind when I hear ``spinach' because sweet is one of the typical tastes of (a/an) spinach'.,5_scalar_heat-set_extension_full_range,https://app.prolific.co/submissions/complete?cc=135DD3C8,Agree or disagree (run5_scalar_heat-set_extension_full_range-experiment_scalar-batch1-70-70),410446,2da7b26b-0ee6-43d8-bbeb-69714bdb93e1,2021-02-11 15:00:40,506.867,2021-02-11 13:55:38.597000,2021-02-11 14:04:05.464000,3.0,false,typical_of_concept,cold,toaster,../data/prolific_output/run5_scalar_heat-group_scalar_heat/qu70-s_qu3-batch1.csv
qu70-s_qu3-batch1.csv-1,1,NOT AVAILABLE,NOT AVAILABLE,f2b79ec4-328b-4811-ad4e-e541da2cb058,PROLIFIC,11-Feb-2021 14:18:57,1173,46454,0a1b9d32-19db-4fb7-990b-d2f433caa4f4,"You can find (a/an) toaster which is cold. (A/an) toaster is usually either cold, a bit more or less cold or the opposite of cold.","You can find (a/an) knife which is sharp. (A/an) knife is usually either sharp, a bit more or less sharp or the opposite of sharp.","You can find (a/an) substance which is solid. (A/an) substance is usually either solid, a bit more or less solid or the opposite of solid.",5_scalar_heat-set_extension_full_range,https://app.prolific.co/submissions/complete?cc=135DD3C8,Agree or disagree (run5_scalar_heat-set_extension_full_range-experiment_scalar-batch1-70-70),409735,14fe6f65-3cb3-44d0-b7f2-d65bad5c3f88,2021-02-11 14:18:57,538.269,2021-02-11 13:10:15.124000,2021-02-11 13:19:13.393000,2.0,false,variability_open,cold,toaster,../data/prolific_output/run5_scalar_heat-group_scalar_heat/qu70-s_qu3-batch1.csv
qu70-s_qu3-batch1.csv-1,1,NOT AVAILABLE,NOT AVAILABLE,011937c5-478d-4bcd-af78-a9232b3a0158,PROLIFIC,11-Feb-2021 15:37:54,1173,46454,0a1b9d32-19db-4fb7-990b-d2f433caa4f4,"You can find (a/an) toaster which is cold. (A/an) toaster is usually either cold, a bit more or less cold or the opposite of cold.","You can find (a/an) knife which is sharp. (A/an) knife is usually either sharp, a bit more or less sharp or the opposite of sharp.","You can find (a/an) substance which is solid. (A/an) substance is usually either solid, a bit more or less solid or the opposite of solid.",5_scalar_heat-set_extension_full_range,https://app.prolific.co/submissions/complete?cc=135DD3C8,Agree or disagree (run5_scalar_heat-set_extension_full_range-experiment_scalar-batch1-70-70),410654,915ae353-8d20-492a-89cc-6faae9beea73,2021-02-11 15:37:54,1856.165,2021-02-11 14:14:37.373000,2021-02-11 14:45:33.538000,30.0,true,variability_open,cold,toaster,../data/prolific_output/run5_scalar_heat-group_scalar_heat/qu70-s_qu3-batch1.csv
qu70-s_qu3-batch1.csv-1,1,NOT AVAILABLE,NOT AVAILABLE,8713bc47-83eb-4eb4-a7fb-ac15b44a0c3a,PROLIFIC,11-Feb-2021 13:58:03,1173,46454,0a1b9d32-19db-4fb7-990b-d2f433caa4f4,"You can find (a/an) toaster which is cold. (A/an) toaster is usually either cold, a bit more or less cold or the opposite of cold.","You can find (a/an) knife which is sharp. (A/an) knife is usually either sharp, a bit more or less sharp or the opposite of sharp.","You can find (a/an) substance which is solid. (A/an) substance is usually either solid, a bit more or less solid or the opposite of solid.",5_scalar_heat-set_extension_full_range,https://app.prolific.co/submissions/complete?cc=135DD3C8,Agree or disagree (run5_scalar_heat-set_extension_full_range-experiment_scalar-batch1-70-70),409053,35f2ae95-bbed-4454-80ba-eedb9344616b,2021-02-11 13:58:03,627.838,2021-02-11 12:52:40.305000,2021-02-11 13:03:08.143000,6.0,false,variability_open,cold,toaster,../data/prolific_output/run5_scalar_heat-group_scalar_heat/qu70-s_qu3-batch1.csv
qu70-s_qu3-batch1.csv-1,1,NOT AVAILABLE,NOT AVAILABLE,44d44641-22cf-456b-99ee-e83419d5c276,PROLIFIC,11-Feb-2021 14:10:20,1173,46454,0a1b9d32-19db-4fb7-990b-d2f433caa4f4,"You can find (a/an) toaster which is cold. (A/an) toaster is usually either cold, a bit more or less cold or the opposite of cold.","You can find (a/an) knife which is sharp. (A/an) knife is usually either sharp, a bit more or less sharp or the opposite of sharp.","You can find (a/an) substance which is solid. (A/an) substance is usually either solid, a bit more or less solid or the opposite of solid.",5_scalar_heat-set_extension_full_range,https://app.prolific.co/submissions/complete?cc=135DD3C8,Agree or disagree (run5_scalar_heat-set_extension_full_range-experiment_scalar-batch1-70-70),409369,b86589ee-4041-412d-805a-8b71d89f106b,2021-02-11 14:10:20,305.684,2021-02-11 13:05:35.161000,2021-02-11 13:10:40.845000,4.0,true,variability_open,cold,toaster,../data/prolific_output/run5_scalar_heat-group_scalar_heat/qu70-s_qu3-batch1.csv
qu70-s_qu3-batch1.csv-1,1,NOT AVAILABLE,NOT AVAILABLE,01eeb5d1-2a5f-45c4-ba39-ddbf24954839,PROLIFIC,11-Feb-2021 14:56:29,1173,46454,0a1b9d32-19db-4fb7-990b-d2f433caa4f4,"You can find (a/an) toaster which is cold. (A/an) toaster is usually either cold, a bit more or less cold or the opposite of cold.","You can find (a/an) knife which is sharp. (A/an) knife is usually either sharp, a bit more or less sharp or the opposite of sharp.","You can find (a/an) substance which is solid. (A/an) substance is usually either solid, a bit more or less solid or the opposite of solid.",5_scalar_heat-set_extension_full_range,https://app.prolific.co/submissions/complete?cc=135DD3C8,Agree or disagree (run5_scalar_heat-set_extension_full_range-experiment_scalar-batch1-70-70),410382,cd85f129-b3e1-4ab9-8f22-1b4b4cbd9a25,2021-02-11 14:56:29,814.511,2021-02-11 13:43:15.871000,2021-02-11 13:56:50.382000,4.0,false,variability_open,cold,toaster,../data/prolific_output/run5_scalar_heat-group_scalar_heat/qu70-s_qu3-batch1.csv
qu70-s_qu3-batch1.csv-1,1,NOT AVAILABLE,NOT AVAILABLE,4d7f576e-160c-4416-8a0b-7548a4d8bb97,PROLIFIC,11-Feb-2021 14:19:56,1173,46454,0a1b9d32-19db-4fb7-990b-d2f433caa4f4,"You can find (a/an) toaster which is cold. (A/an) toaster is usually either cold, a bit more or less cold or the opposite of cold.","You can find (a/an) knife which is sharp. (A/an) knife is usually either sharp, a bit more or less sharp or the opposite of sharp.","You can find (a/an) substance which is solid. (A/an) substance is usually either solid, a bit more or less solid or the opposite of solid.",5_scalar_heat-set_extension_full_range,https://app.prolific.co/submissions/complete?cc=135DD3C8,Agree or disagree (run5_scalar_heat-set_extension_full_range-experiment_scalar-batch1-70-70),409765,e5089122-dd0d-4e45-bfa4-3c625e7ef5bd,2021-02-11 14:19:56,419.382,2021-02-11 13:13:40.482000,2021-02-11 13:20:39.864000,8.0,true,variability_open,cold,toaster,../data/prolific_output/run5_scalar_heat-group_scalar_heat/qu70-s_qu3-batch1.csv
qu70-s_qu3-batch1.csv-1,1,NOT AVAILABLE,NOT AVAILABLE,3c6e8c47-52b6-40dc-912b-32b6599fd0ce,PROLIFIC,11-Feb-2021 13:59:51,1173,46454,0a1b9d32-19db-4fb7-990b-d2f433caa4f4,"You can find (a/an) toaster which is cold. (A/an) toaster is usually either cold, a bit more or less cold or the opposite of cold.","You can find (a/an) knife which is sharp. (A/an) knife is usually either sharp, a bit more or less sharp or the opposite of sharp.","You can find (a/an) substance which is solid. (A/an) substance is usually either solid, a bit more or less solid or the opposite of solid.",5_scalar_heat-set_extension_full_range,https://app.prolific.co/submissions/complete?cc=135DD3C8,Agree or disagree (run5_scalar_heat-set_extension_full_range-experiment_scalar-batch1-70-70),409125,ae15fc45-d374-4be1-a956-30ab60b5c91c,2021-02-11 13:59:51,756.898,2021-02-11 12:49:10.608000,2021-02-11 13:01:47.506000,8.0,false,variability_open,cold,toaster,../data/prolific_output/run5_scalar_heat-group_scalar_heat/qu70-s_qu3-batch1.csv
qu70-s_qu3-batch1.csv-1,1,NOT AVAILABLE,NOT AVAILABLE,df22a112-e62a-4607-8c70-d22a89b1a7d6,PROLIFIC,11-Feb-2021 14:29:47,1173,46454,0a1b9d32-19db-4fb7-990b-d2f433caa4f4,"You can find (a/an) toaster which is cold. (A/an) toaster is usually either cold, a bit more or less cold or the opposite of cold.","You can find (a/an) knife which is sharp. (A/an) knife is usually either sharp, a bit more or less sharp or the opposite of sharp.","You can find (a/an) substance which is solid. (A/an) substance is usually either solid, a bit more or less solid or the opposite of solid.",5_scalar_heat-set_extension_full_range,https://app.prolific.co/submissions/complete?cc=135DD3C8,Agree or disagree (run5_scalar_heat-set_extension_full_range-experiment_scalar-batch1-70-70),409919,edd71aa5-5250-4638-9903-c9da0bb0bc3b,2021-02-11 14:29:47,1418.922,2021-02-11 13:25:09.172000,2021-02-11 13:48:48.094000,10.0,true,variability_open,cold,toaster,../data/prolific_output/run5_scalar_heat-group_scalar_heat/qu70-s_qu3-batch1.csv
qu70-s_qu3-batch1.csv-1,1,NOT AVAILABLE,NOT AVAILABLE,ba2e5d60-1be5-4160-8883-d9dc1d2a590c,PROLIFIC,11-Feb-2021 15:02:05,1173,46454,0a1b9d32-19db-4fb7-990b-d2f433caa4f4,"You can find (a/an) toaster which is cold. (A/an) toaster is usually either cold, a bit more or less cold or the opposite of cold.","You can find (a/an) knife which is sharp. (A/an) knife is usually either sharp, a bit more or less sharp or the opposite of sharp.","You can find (a/an) substance which is solid. (A/an) substance is usually either solid, a bit more or less solid or the opposite of solid.",5_scalar_heat-set_extension_full_range,https://app.prolific.co/submissions/complete?cc=135DD3C8,Agree or disagree (run5_scalar_heat-set_extension_full_range-experiment_scalar-batch1-70-70),410464,610e6ecd-151c-4f2d-9f5a-da04abe25d57,2021-02-11 15:02:05,506.867,2021-02-11 13:55:38.597000,2021-02-11 14:04:05.464000,4.0,true,variability_open,cold,toaster,../data/prolific_output/run5_scalar_heat-group_scalar_heat/qu70-s_qu3-batch1.csv
qu70-s_qu3-batch1.csv-1,1,NOT AVAILABLE,NOT AVAILABLE,f2b79ec4-328b-4811-ad4e-e541da2cb058,PROLIFIC,11-Feb-2021 14:12:33,1173,46455,8bfc733e-6be8-4fa1-8a34-62571a351d07,"I think (a/an) vapor can be warm, but this is rare or uncommon.","I think (a/an) cake can be spicy, but this is rare or uncommon.","I think (a/an) window can be transparent, but this is rare or uncommon.",5_scalar_heat-set_extension_full_range,https://app.prolific.co/submissions/complete?cc=135DD3C8,Agree or disagree (run5_scalar_heat-set_extension_full_range-experiment_scalar-batch1-70-70),409443,a1ccd0fc-8865-40c8-bb55-8035146af6b8,2021-02-11 14:12:33,538.269,2021-02-11 13:10:15.124000,2021-02-11 13:19:13.393000,8.0,false,rare,warm,vapor,../data/prolific_output/run5_scalar_heat-group_scalar_heat/qu70-s_qu3-batch1.csv
qu70-s_qu3-batch1.csv-1,1,NOT AVAILABLE,NOT AVAILABLE,011937c5-478d-4bcd-af78-a9232b3a0158,PROLIFIC,11-Feb-2021 15:37:24,1173,46455,8bfc733e-6be8-4fa1-8a34-62571a351d07,"I think (a/an) vapor can be warm, but this is rare or uncommon.","I think (a/an) cake can be spicy, but this is rare or uncommon.","I think (a/an) window can be transparent, but this is rare or uncommon.",5_scalar_heat-set_extension_full_range,https://app.prolific.co/submissions/complete?cc=135DD3C8,Agree or disagree (run5_scalar_heat-set_extension_full_range-experiment_scalar-batch1-70-70),410653,3b81bb16-2452-4a68-8615-67f7f3d1b01f,2021-02-11 15:37:24,1856.165,2021-02-11 14:14:37.373000,2021-02-11 14:45:33.538000,1.0,false,rare,warm,vapor,../data/prolific_output/run5_scalar_heat-group_scalar_heat/qu70-s_qu3-batch1.csv
qu70-s_qu3-batch1.csv-1,1,NOT AVAILABLE,NOT AVAILABLE,8713bc47-83eb-4eb4-a7fb-ac15b44a0c3a,PROLIFIC,11-Feb-2021 13:56:26,1173,46455,8bfc733e-6be8-4fa1-8a34-62571a351d07,"I think (a/an) vapor can be warm, but this is rare or uncommon.","I think (a/an) cake can be spicy, but this is rare or uncommon.","I think (a/an) window can be transparent, but this is rare or uncommon.",5_scalar_heat-set_extension_full_range,https://app.prolific.co/submissions/complete?cc=135DD3C8,Agree or disagree (run5_scalar_heat-set_extension_full_range-experiment_scalar-batch1-70-70),408985,30aec81b-1f76-4a9b-8718-ace247aad9ee,2021-02-11 13:56:26,627.838,2021-02-11 12:52:40.305000,2021-02-11 13:03:08.143000,9.0,false,rare,warm,vapor,../data/prolific_output/run5_scalar_heat-group_scalar_heat/qu70-s_qu3-batch1.csv
qu70-s_qu3-batch1.csv-1,1,NOT AVAILABLE,NOT AVAILABLE,44d44641-22cf-456b-99ee-e83419d5c276,PROLIFIC,11-Feb-2021 14:06:02,1173,46455,8bfc733e-6be8-4fa1-8a34-62571a351d07,"I think (a/an) vapor can be warm, but this is rare or uncommon.","I think (a/an) cake can be spicy, but this is rare or uncommon.","I think (a/an) window can be transparent, but this is rare or uncommon.",5_scalar_heat-set_extension_full_range,https://app.prolific.co/submissions/complete?cc=135DD3C8,Agree or disagree (run5_scalar_heat-set_extension_full_range-experiment_scalar-batch1-70-70),409223,5dd45038-42cf-4433-9620-a0fd217c3ae1,2021-02-11 14:06:02,305.684,2021-02-11 13:05:35.161000,2021-02-11 13:10:40.845000,6.0,true,rare,warm,vapor,../data/prolific_output/run5_scalar_heat-group_scalar_heat/qu70-s_qu3-batch1.csv
qu70-s_qu3-batch1.csv-1,1,NOT AVAILABLE,NOT AVAILABLE,01eeb5d1-2a5f-45c4-ba39-ddbf24954839,PROLIFIC,11-Feb-2021 14:48:40,1173,46455,8bfc733e-6be8-4fa1-8a34-62571a351d07,"I think (a/an) vapor can be warm, but this is rare or uncommon.","I think (a/an) cake can be spicy, but this is rare or uncommon.","I think (a/an) window can be transparent, but this is rare or uncommon.",5_scalar_heat-set_extension_full_range,https://app.prolific.co/submissions/complete?cc=135DD3C8,Agree or disagree (run5_scalar_heat-set_extension_full_range-experiment_scalar-batch1-70-70),410209,255c149e-872c-46fd-87b3-79e55f2bc77c,2021-02-11 14:48:40,814.511,2021-02-11 13:43:15.871000,2021-02-11 13:56:50.382000,7.0,false,rare,warm,vapor,../data/prolific_output/run5_scalar_heat-group_scalar_heat/qu70-s_qu3-batch1.csv
qu70-s_qu3-batch1.csv-1,1,NOT AVAILABLE,NOT AVAILABLE,4d7f576e-160c-4416-8a0b-7548a4d8bb97,PROLIFIC,11-Feb-2021 14:18:02,1173,46455,8bfc733e-6be8-4fa1-8a34-62571a351d07,"I think (a/an) vapor can be warm, but this is rare or uncommon.","I think (a/an) cake can be spicy, but this is rare or uncommon.","I think (a/an) window can be transparent, but this is rare or uncommon.",5_scalar_heat-set_extension_full_range,https://app.prolific.co/submissions/complete?cc=135DD3C8,Agree or disagree (run5_scalar_heat-set_extension_full_range-experiment_scalar-batch1-70-70),409685,5d1b5f8c-d459-4c8e-8188-63b1b3097b08,2021-02-11 14:18:02,419.382,2021-02-11 13:13:40.482000,2021-02-11 13:20:39.864000,3.0,false,rare,warm,vapor,../data/prolific_output/run5_scalar_heat-group_scalar_heat/qu70-s_qu3-batch1.csv
qu70-s_qu3-batch1.csv-1,1,NOT AVAILABLE,NOT AVAILABLE,3c6e8c47-52b6-40dc-912b-32b6599fd0ce,PROLIFIC,11-Feb-2021 13:56:08,1173,46455,8bfc733e-6be8-4fa1-8a34-62571a351d07,"I think (a/an) vapor can be warm, but this is rare or uncommon.","I think (a/an) cake can be spicy, but this is rare or uncommon.","I think (a/an) window can be transparent, but this is rare or uncommon.",5_scalar_heat-set_extension_full_range,https://app.prolific.co/submissions/complete?cc=135DD3C8,Agree or disagree (run5_scalar_heat-set_extension_full_range-experiment_scalar-batch1-70-70),408972,08bd59a1-cbd4-4970-b05f-e4bcc6e49e9c,2021-02-11 13:56:08,756.898,2021-02-11 12:49:10.608000,2021-02-11 13:01:47.506000,59.0,false,rare,warm,vapor,../data/prolific_output/run5_scalar_heat-group_scalar_heat/qu70-s_qu3-batch1.csv
qu70-s_qu3-batch1.csv-1,1,NOT AVAILABLE,NOT AVAILABLE,df22a112-e62a-4607-8c70-d22a89b1a7d6,PROLIFIC,11-Feb-2021 14:37:56,1173,46455,8bfc733e-6be8-4fa1-8a34-62571a351d07,"I think (a/an) vapor can be warm, but this is rare or uncommon.","I think (a/an) cake can be spicy, but this is rare or uncommon.","I think (a/an) window can be transparent, but this is rare or uncommon.",5_scalar_heat-set_extension_full_range,https://app.prolific.co/submissions/complete?cc=135DD3C8,Agree or disagree (run5_scalar_heat-set_extension_full_range-experiment_scalar-batch1-70-70),410072,79ee07cf-1c23-4dda-bc6f-7dbb27998600,2021-02-11 14:37:56,1418.922,2021-02-11 13:25:09.172000,2021-02-11 13:48:48.094000,9.0,false,rare,warm,vapor,../data/prolific_output/run5_scalar_heat-group_scalar_heat/qu70-s_qu3-batch1.csv
qu70-s_qu3-batch1.csv-1,1,NOT AVAILABLE,NOT AVAILABLE,ba2e5d60-1be5-4160-8883-d9dc1d2a590c,PROLIFIC,11-Feb-2021 15:03:53,1173,46455,8bfc733e-6be8-4fa1-8a34-62571a351d07,"I think (a/an) vapor can be warm, but this is rare or uncommon.","I think (a/an) cake can be spicy, but this is rare or uncommon.","I think (a/an) window can be transparent, but this is rare or uncommon.",5_scalar_heat-set_extension_full_range,https://app.prolific.co/submissions/complete?cc=135DD3C8,Agree or disagree (run5_scalar_heat-set_extension_full_range-experiment_scalar-batch1-70-70),410485,658cb47e-8e6d-43ac-b3d4-c406cdf5815e,2021-02-11 15:03:53,506.867,2021-02-11 13:55:38.597000,2021-02-11 14:04:05.464000,6.0,false,rare,warm,vapor,../data/prolific_output/run5_scalar_heat-group_scalar_heat/qu70-s_qu3-batch1.csv
qu70-s_qu3-batch1.csv-1,1,NOT AVAILABLE,NOT AVAILABLE,f2b79ec4-328b-4811-ad4e-e541da2cb058,PROLIFIC,11-Feb-2021 14:19:08,1173,46456,760fc42b-21df-4c0d-a35f-07bc9929a529,"Usually, (a/an) vapor is not warm, but there could be a highly unusual situation in which (a/an) vapor is warm.","Usually, (a/an) table is not furry, but there could be a highly unusual situation in which (a/an) table is furry.","Usually, (a/an) cat is not furry, but there could be a highly unusual situation in which (a/an) cat is furry.",5_scalar_heat-set_extension_full_range,https://app.prolific.co/submissions/complete?cc=135DD3C8,Agree or disagree (run5_scalar_heat-set_extension_full_range-experiment_scalar-batch1-70-70),409743,e65311ed-3e6c-45a3-87e5-3c253a6d5920,2021-02-11 14:19:08,538.269,2021-02-11 13:10:15.124000,2021-02-11 13:19:13.393000,8.393,false,unusual,warm,vapor,../data/prolific_output/run5_scalar_heat-group_scalar_heat/qu70-s_qu3-batch1.csv
qu70-s_qu3-batch1.csv-1,1,NOT AVAILABLE,NOT AVAILABLE,011937c5-478d-4bcd-af78-a9232b3a0158,PROLIFIC,11-Feb-2021 15:37:23,1173,46456,760fc42b-21df-4c0d-a35f-07bc9929a529,"Usually, (a/an) vapor is not warm, but there could be a highly unusual situation in which (a/an) vapor is warm.","Usually, (a/an) table is not furry, but there could be a highly unusual situation in which (a/an) table is furry.","Usually, (a/an) cat is not furry, but there could be a highly unusual situation in which (a/an) cat is furry.",5_scalar_heat-set_extension_full_range,https://app.prolific.co/submissions/complete?cc=135DD3C8,Agree or disagree (run5_scalar_heat-set_extension_full_range-experiment_scalar-batch1-70-70),410652,086c95ad-d5fc-496b-84f9-552c60cafdee,2021-02-11 15:37:23,1856.165,2021-02-11 14:14:37.373000,2021-02-11 14:45:33.538000,3.0,false,unusual,warm,vapor,../data/prolific_output/run5_scalar_heat-group_scalar_heat/qu70-s_qu3-batch1.csv
qu70-s_qu3-batch1.csv-1,1,NOT AVAILABLE,NOT AVAILABLE,8713bc47-83eb-4eb4-a7fb-ac15b44a0c3a,PROLIFIC,11-Feb-2021 13:56:12,1173,46456,760fc42b-21df-4c0d-a35f-07bc9929a529,"Usually, (a/an) vapor is not warm, but there could be a highly unusual situation in which (a/an) vapor is warm.","Usually, (a/an) table is not furry, but there could be a highly unusual situation in which (a/an) table is furry.","Usually, (a/an) cat is not furry, but there could be a highly unusual situation in which (a/an) cat is furry.",5_scalar_heat-set_extension_full_range,https://app.prolific.co/submissions/complete?cc=135DD3C8,Agree or disagree (run5_scalar_heat-set_extension_full_range-experiment_scalar-batch1-70-70),408975,e71220e1-f64f-4fcc-a99b-67f46fa6df42,2021-02-11 13:56:12,627.838,2021-02-11 12:52:40.305000,2021-02-11 13:03:08.143000,8.0,false,unusual,warm,vapor,../data/prolific_output/run5_scalar_heat-group_scalar_heat/qu70-s_qu3-batch1.csv
qu70-s_qu3-batch1.csv-1,1,NOT AVAILABLE,NOT AVAILABLE,44d44641-22cf-456b-99ee-e83419d5c276,PROLIFIC,11-Feb-2021 14:07:41,1173,46456,760fc42b-21df-4c0d-a35f-07bc9929a529,"Usually, (a/an) vapor is not warm, but there could be a highly unusual situation in which (a/an) vapor is warm.","Usually, (a/an) table is not furry, but there could be a highly unusual situation in which (a/an) table is furry.","Usually, (a/an) cat is not furry, but there could be a highly unusual situation in which (a/an) cat is furry.",5_scalar_heat-set_extension_full_range,https://app.prolific.co/submissions/complete?cc=135DD3C8,Agree or disagree (run5_scalar_heat-set_extension_full_range-experiment_scalar-batch1-70-70),409269,998cea0c-3712-46bb-bfb2-aecdd5b43d34,2021-02-11 14:07:41,305.684,2021-02-11 13:05:35.161000,2021-02-11 13:10:40.845000,3.0,true,unusual,warm,vapor,../data/prolific_output/run5_scalar_heat-group_scalar_heat/qu70-s_qu3-batch1.csv
qu70-s_qu3-batch1.csv-1,1,NOT AVAILABLE,NOT AVAILABLE,01eeb5d1-2a5f-45c4-ba39-ddbf24954839,PROLIFIC,11-Feb-2021 14:50:45,1173,46456,760fc42b-21df-4c0d-a35f-07bc9929a529,"Usually, (a/an) vapor is not warm, but there could be a highly unusual situation in which (a/an) vapor is warm.","Usually, (a/an) table is not furry, but there could be a highly unusual situation in which (a/an) table is furry.","Usually, (a/an) cat is not furry, but there could be a highly unusual situation in which (a/an) cat is furry.",5_scalar_heat-set_extension_full_range,https://app.prolific.co/submissions/complete?cc=135DD3C8,Agree or disagree (run5_scalar_heat-set_extension_full_range-experiment_scalar-batch1-70-70),410239,50e57e35-fcdb-4627-ad4c-45dc48afc6fa,2021-02-11 14:50:45,814.511,2021-02-11 13:43:15.871000,2021-02-11 13:56:50.382000,10.0,false,unusual,warm,vapor,../data/prolific_output/run5_scalar_heat-group_scalar_heat/qu70-s_qu3-batch1.csv
qu70-s_qu3-batch1.csv-1,1,NOT AVAILABLE,NOT AVAILABLE,4d7f576e-160c-4416-8a0b-7548a4d8bb97,PROLIFIC,11-Feb-2021 14:19:03,1173,46456,760fc42b-21df-4c0d-a35f-07bc9929a529,"Usually, (a/an) vapor is not warm, but there could be a highly unusual situation in which (a/an) vapor is warm.","Usually, (a/an) table is not furry, but there could be a highly unusual situation in which (a/an) table is furry.","Usually, (a/an) cat is not furry, but there could be a highly unusual situation in which (a/an) cat is furry.",5_scalar_heat-set_extension_full_range,https://app.prolific.co/submissions/complete?cc=135DD3C8,Agree or disagree (run5_scalar_heat-set_extension_full_range-experiment_scalar-batch1-70-70),409739,fc663b86-2667-45d2-af44-c6d12d8ef8ea,2021-02-11 14:19:03,419.382,2021-02-11 13:13:40.482000,2021-02-11 13:20:39.864000,3.0,false,unusual,warm,vapor,../data/prolific_output/run5_scalar_heat-group_scalar_heat/qu70-s_qu3-batch1.csv
qu70-s_qu3-batch1.csv-1,1,NOT AVAILABLE,NOT AVAILABLE,3c6e8c47-52b6-40dc-912b-32b6599fd0ce,PROLIFIC,11-Feb-2021 14:00:06,1173,46456,760fc42b-21df-4c0d-a35f-07bc9929a529,"Usually, (a/an) vapor is not warm, but there could be a highly unusual situation in which (a/an) vapor is warm.","Usually, (a/an) table is not furry, but there could be a highly unusual situation in which (a/an) table is furry.","Usually, (a/an) cat is not furry, but there could be a highly unusual situation in which (a/an) cat is furry.",5_scalar_heat-set_extension_full_range,https://app.prolific.co/submissions/complete?cc=135DD3C8,Agree or disagree (run5_scalar_heat-set_extension_full_range-experiment_scalar-batch1-70-70),409133,1cbe6aa1-f368-4d45-af19-9595e4758e14,2021-02-11 14:00:06,756.898,2021-02-11 12:49:10.608000,2021-02-11 13:01:47.506000,5.0,true,unusual,warm,vapor,../data/prolific_output/run5_scalar_heat-group_scalar_heat/qu70-s_qu3-batch1.csv
qu70-s_qu3-batch1.csv-1,1,NOT AVAILABLE,NOT AVAILABLE,df22a112-e62a-4607-8c70-d22a89b1a7d6,PROLIFIC,11-Feb-2021 14:33:03,1173,46456,760fc42b-21df-4c0d-a35f-07bc9929a529,"Usually, (a/an) vapor is not warm, but there could be a highly unusual situation in which (a/an) vapor is warm.","Usually, (a/an) table is not furry, but there could be a highly unusual situation in which (a/an) table is furry.","Usually, (a/an) cat is not furry, but there could be a highly unusual situation in which (a/an) cat is furry.",5_scalar_heat-set_extension_full_range,https://app.prolific.co/submissions/complete?cc=135DD3C8,Agree or disagree (run5_scalar_heat-set_extension_full_range-experiment_scalar-batch1-70-70),410000,6ef1322c-f60b-4282-be59-7610b7c22908,2021-02-11 14:33:03,1418.922,2021-02-11 13:25:09.172000,2021-02-11 13:48:48.094000,16.0,false,unusual,warm,vapor,../data/prolific_output/run5_scalar_heat-group_scalar_heat/qu70-s_qu3-batch1.csv
qu70-s_qu3-batch1.csv-1,1,NOT AVAILABLE,NOT AVAILABLE,ba2e5d60-1be5-4160-8883-d9dc1d2a590c,PROLIFIC,11-Feb-2021 14:59:45,1173,46456,760fc42b-21df-4c0d-a35f-07bc9929a529,"Usually, (a/an) vapor is not warm, but there could be a highly unusual situation in which (a/an) vapor is warm.","Usually, (a/an) table is not furry, but there could be a highly unusual situation in which (a/an) table is furry.","Usually, (a/an) cat is not furry, but there could be a highly unusual situation in which (a/an) cat is furry.",5_scalar_heat-set_extension_full_range,https://app.prolific.co/submissions/complete?cc=135DD3C8,Agree or disagree (run5_scalar_heat-set_extension_full_range-experiment_scalar-batch1-70-70),410432,c626408f-4c7f-42c8-973f-84dd0f49a7b3,2021-02-11 14:59:45,506.867,2021-02-11 13:55:38.597000,2021-02-11 14:04:05.464000,3.0,false,unusual,warm,vapor,../data/prolific_output/run5_scalar_heat-group_scalar_heat/qu70-s_qu3-batch1.csv
qu70-s_qu3-batch1.csv-1,1,NOT AVAILABLE,NOT AVAILABLE,f2b79ec4-328b-4811-ad4e-e541da2cb058,PROLIFIC,11-Feb-2021 14:15:10,1173,46457,87ba638c-d665-4e9e-8a7c-29a1f3ee8673,"You can find (a/an) vapor which is warm. (A/an) vapor is usually either warm, a bit more or less warm or the opposite of warm.","You can find (a/an) chocolate which is bitter. (A/an) chocolate is usually either bitter, a bit more or less bitter or the opposite of bitter.","You can find (a/an) diamond which is soft. (A/an) diamond is usually either soft, a bit more or less soft or the opposite of soft.",5_scalar_heat-set_extension_full_range,https://app.prolific.co/submissions/complete?cc=135DD3C8,Agree or disagree (run5_scalar_heat-set_extension_full_range-experiment_scalar-batch1-70-70),409539,c9702aa8-e241-42b5-ae72-638b36841dc8,2021-02-11 14:15:10,538.269,2021-02-11 13:10:15.124000,2021-02-11 13:19:13.393000,5.0,true,variability_open,warm,vapor,../data/prolific_output/run5_scalar_heat-group_scalar_heat/qu70-s_qu3-batch1.csv
qu70-s_qu3-batch1.csv-1,1,NOT AVAILABLE,NOT AVAILABLE,011937c5-478d-4bcd-af78-a9232b3a0158,PROLIFIC,11-Feb-2021 15:35:30,1173,46457,87ba638c-d665-4e9e-8a7c-29a1f3ee8673,"You can find (a/an) vapor which is warm. (A/an) vapor is usually either warm, a bit more or less warm or the opposite of warm.","You can find (a/an) chocolate which is bitter. (A/an) chocolate is usually either bitter, a bit more or less bitter or the opposite of bitter.","You can find (a/an) diamond which is soft. (A/an) diamond is usually either soft, a bit more or less soft or the opposite of soft.",5_scalar_heat-set_extension_full_range,https://app.prolific.co/submissions/complete?cc=135DD3C8,Agree or disagree (run5_scalar_heat-set_extension_full_range-experiment_scalar-batch1-70-70),410642,91c8406f-2bf5-441d-b579-dde05bd34015,2021-02-11 15:35:30,1856.165,2021-02-11 14:14:37.373000,2021-02-11 14:45:33.538000,4.0,true,variability_open,warm,vapor,../data/prolific_output/run5_scalar_heat-group_scalar_heat/qu70-s_qu3-batch1.csv
qu70-s_qu3-batch1.csv-1,1,NOT AVAILABLE,NOT AVAILABLE,8713bc47-83eb-4eb4-a7fb-ac15b44a0c3a,PROLIFIC,11-Feb-2021 14:02:47,1173,46457,87ba638c-d665-4e9e-8a7c-29a1f3ee8673,"You can find (a/an) vapor which is warm. (A/an) vapor is usually either warm, a bit more or less warm or the opposite of warm.","You can find (a/an) chocolate which is bitter. (A/an) chocolate is usually either bitter, a bit more or less bitter or the opposite of bitter.","You can find (a/an) diamond which is soft. (A/an) diamond is usually either soft, a bit more or less soft or the opposite of soft.",5_scalar_heat-set_extension_full_range,https://app.prolific.co/submissions/complete?cc=135DD3C8,Agree or disagree (run5_scalar_heat-set_extension_full_range-experiment_scalar-batch1-70-70),409180,41f1161e-6322-4560-8308-ec9748e15f45,2021-02-11 14:02:47,627.838,2021-02-11 12:52:40.305000,2021-02-11 13:03:08.143000,57.0,true,variability_open,warm,vapor,../data/prolific_output/run5_scalar_heat-group_scalar_heat/qu70-s_qu3-batch1.csv
qu70-s_qu3-batch1.csv-1,1,NOT AVAILABLE,NOT AVAILABLE,44d44641-22cf-456b-99ee-e83419d5c276,PROLIFIC,11-Feb-2021 14:09:38,1173,46457,87ba638c-d665-4e9e-8a7c-29a1f3ee8673,"You can find (a/an) vapor which is warm. (A/an) vapor is usually either warm, a bit more or less warm or the opposite of warm.","You can find (a/an) chocolate which is bitter. (A/an) chocolate is usually either bitter, a bit more or less bitter or the opposite of bitter.","You can find (a/an) diamond which is soft. (A/an) diamond is usually either soft, a bit more or less soft or the opposite of soft.",5_scalar_heat-set_extension_full_range,https://app.prolific.co/submissions/complete?cc=135DD3C8,Agree or disagree (run5_scalar_heat-set_extension_full_range-experiment_scalar-batch1-70-70),409341,6de93918-04a7-4300-87eb-5d0290ef9b58,2021-02-11 14:09:38,305.684,2021-02-11 13:05:35.161000,2021-02-11 13:10:40.845000,7.0,true,variability_open,warm,vapor,../data/prolific_output/run5_scalar_heat-group_scalar_heat/qu70-s_qu3-batch1.csv
qu70-s_qu3-batch1.csv-1,1,NOT AVAILABLE,NOT AVAILABLE,01eeb5d1-2a5f-45c4-ba39-ddbf24954839,PROLIFIC,11-Feb-2021 14:53:24,1173,46457,87ba638c-d665-4e9e-8a7c-29a1f3ee8673,"You can find (a/an) vapor which is warm. (A/an) vapor is usually either warm, a bit more or less warm or the opposite of warm.","You can find (a/an) chocolate which is bitter. (A/an) chocolate is usually either bitter, a bit more or less bitter or the opposite of bitter.","You can find (a/an) diamond which is soft. (A/an) diamond is usually either soft, a bit more or less soft or the opposite of soft.",5_scalar_heat-set_extension_full_range,https://app.prolific.co/submissions/complete?cc=135DD3C8,Agree or disagree (run5_scalar_heat-set_extension_full_range-experiment_scalar-batch1-70-70),410281,a70ed7b9-abe0-4f75-ba79-f969b54b5d81,2021-02-11 14:53:24,814.511,2021-02-11 13:43:15.871000,2021-02-11 13:56:50.382000,6.0,true,variability_open,warm,vapor,../data/prolific_output/run5_scalar_heat-group_scalar_heat/qu70-s_qu3-batch1.csv
qu70-s_qu3-batch1.csv-1,1,NOT AVAILABLE,NOT AVAILABLE,4d7f576e-160c-4416-8a0b-7548a4d8bb97,PROLIFIC,11-Feb-2021 14:14:56,1173,46457,87ba638c-d665-4e9e-8a7c-29a1f3ee8673,"You can find (a/an) vapor which is warm. (A/an) vapor is usually either warm, a bit more or less warm or the opposite of warm.","You can find (a/an) chocolate which is bitter. (A/an) chocolate is usually either bitter, a bit more or less bitter or the opposite of bitter.","You can find (a/an) diamond which is soft. (A/an) diamond is usually either soft, a bit more or less soft or the opposite of soft.",5_scalar_heat-set_extension_full_range,https://app.prolific.co/submissions/complete?cc=135DD3C8,Agree or disagree (run5_scalar_heat-set_extension_full_range-experiment_scalar-batch1-70-70),409527,f0a6ba7c-5ca5-4435-b83a-c79bf0dc949a,2021-02-11 14:14:56,419.382,2021-02-11 13:13:40.482000,2021-02-11 13:20:39.864000,8.0,false,variability_open,warm,vapor,../data/prolific_output/run5_scalar_heat-group_scalar_heat/qu70-s_qu3-batch1.csv
qu70-s_qu3-batch1.csv-1,1,NOT AVAILABLE,NOT AVAILABLE,3c6e8c47-52b6-40dc-912b-32b6599fd0ce,PROLIFIC,11-Feb-2021 13:59:31,1173,46457,87ba638c-d665-4e9e-8a7c-29a1f3ee8673,"You can find (a/an) vapor which is warm. (A/an) vapor is usually either warm, a bit more or less warm or the opposite of warm.","You can find (a/an) chocolate which is bitter. (A/an) chocolate is usually either bitter, a bit more or less bitter or the opposite of bitter.","You can find (a/an) diamond which is soft. (A/an) diamond is usually either soft, a bit more or less soft or the opposite of soft.",5_scalar_heat-set_extension_full_range,https://app.prolific.co/submissions/complete?cc=135DD3C8,Agree or disagree (run5_scalar_heat-set_extension_full_range-experiment_scalar-batch1-70-70),409112,6c1b255c-168e-47e9-971f-04c1f4bf83c7,2021-02-11 13:59:31,756.898,2021-02-11 12:49:10.608000,2021-02-11 13:01:47.506000,8.0,true,variability_open,warm,vapor,../data/prolific_output/run5_scalar_heat-group_scalar_heat/qu70-s_qu3-batch1.csv
qu70-s_qu3-batch1.csv-1,1,NOT AVAILABLE,NOT AVAILABLE,df22a112-e62a-4607-8c70-d22a89b1a7d6,PROLIFIC,11-Feb-2021 14:44:40,1173,46457,87ba638c-d665-4e9e-8a7c-29a1f3ee8673,"You can find (a/an) vapor which is warm. (A/an) vapor is usually either warm, a bit more or less warm or the opposite of warm.","You can find (a/an) chocolate which is bitter. (A/an) chocolate is usually either bitter, a bit more or less bitter or the opposite of bitter.","You can find (a/an) diamond which is soft. (A/an) diamond is usually either soft, a bit more or less soft or the opposite of soft.",5_scalar_heat-set_extension_full_range,https://app.prolific.co/submissions/complete?cc=135DD3C8,Agree or disagree (run5_scalar_heat-set_extension_full_range-experiment_scalar-batch1-70-70),410135,96c1cda6-4edb-4b93-87f3-b027a13a84e7,2021-02-11 14:44:40,1418.922,2021-02-11 13:25:09.172000,2021-02-11 13:48:48.094000,53.0,false,variability_open,warm,vapor,../data/prolific_output/run5_scalar_heat-group_scalar_heat/qu70-s_qu3-batch1.csv
qu70-s_qu3-batch1.csv-1,1,NOT AVAILABLE,NOT AVAILABLE,ba2e5d60-1be5-4160-8883-d9dc1d2a590c,PROLIFIC,11-Feb-2021 14:57:08,1173,46457,87ba638c-d665-4e9e-8a7c-29a1f3ee8673,"You can find (a/an) vapor which is warm. (A/an) vapor is usually either warm, a bit more or less warm or the opposite of warm.","You can find (a/an) chocolate which is bitter. (A/an) chocolate is usually either bitter, a bit more or less bitter or the opposite of bitter.","You can find (a/an) diamond which is soft. (A/an) diamond is usually either soft, a bit more or less soft or the opposite of soft.",5_scalar_heat-set_extension_full_range,https://app.prolific.co/submissions/complete?cc=135DD3C8,Agree or disagree (run5_scalar_heat-set_extension_full_range-experiment_scalar-batch1-70-70),410391,e1d46bc1-6f4d-4521-b32e-145804ab420d,2021-02-11 14:57:08,506.867,2021-02-11 13:55:38.597000,2021-02-11 14:04:05.464000,28.0,true,variability_open,warm,vapor,../data/prolific_output/run5_scalar_heat-group_scalar_heat/qu70-s_qu3-batch1.csv
qu70-s_qu3-batch1.csv-1,1,NOT AVAILABLE,NOT AVAILABLE,f2b79ec4-328b-4811-ad4e-e541da2cb058,PROLIFIC,11-Feb-2021 14:12:01,1173,46458,629a0dc6-c899-452d-b793-3a269b1c1be1,"I could say (a/an) vapor is warm, but I would most certainly not mean it literally.","I could say (a/an) anger is hot, but I would most certainly not mean it literally.
I could say (a/an) person is cold, but I would most certainly not mean it literally.
I could say (a/an) story is dark, but I would most certainly not mean it literally.","I could say (a/an) fire is hot, but I would most certainly not mean it literally.
I could say (a/an) stone is heavy, but I would most certainly not mean it literally.
I could say (a/an) argument is liquid, but I would most certainly not mean it literally.",5_scalar_heat-set_extension_full_range,https://app.prolific.co/submissions/complete?cc=135DD3C8,Agree or disagree (run5_scalar_heat-set_extension_full_range-experiment_scalar-batch1-70-70),409429,d8658558-273e-457a-8589-f0453a5e6172,2021-02-11 14:12:01,538.269,2021-02-11 13:10:15.124000,2021-02-11 13:19:13.393000,2.0,false,creative,warm,vapor,../data/prolific_output/run5_scalar_heat-group_scalar_heat/qu70-s_qu3-batch1.csv
qu70-s_qu3-batch1.csv-1,1,NOT AVAILABLE,NOT AVAILABLE,011937c5-478d-4bcd-af78-a9232b3a0158,PROLIFIC,11-Feb-2021 15:42:16,1173,46458,629a0dc6-c899-452d-b793-3a269b1c1be1,"I could say (a/an) vapor is warm, but I would most certainly not mean it literally.","I could say (a/an) anger is hot, but I would most certainly not mean it literally.
I could say (a/an) person is cold, but I would most certainly not mean it literally.
I could say (a/an) story is dark, but I would most certainly not mean it literally.","I could say (a/an) fire is hot, but I would most certainly not mean it literally.
I could say (a/an) stone is heavy, but I would most certainly not mean it literally.
I could say (a/an) argument is liquid, but I would most certainly not mean it literally.",5_scalar_heat-set_extension_full_range,https://app.prolific.co/submissions/complete?cc=135DD3C8,Agree or disagree (run5_scalar_heat-set_extension_full_range-experiment_scalar-batch1-70-70),410666,8ef403f1-e2a9-4bd0-a737-596e28f7d37c,2021-02-11 15:42:16,1856.165,2021-02-11 14:14:37.373000,2021-02-11 14:45:33.538000,3.0,false,creative,warm,vapor,../data/prolific_output/run5_scalar_heat-group_scalar_heat/qu70-s_qu3-batch1.csv
qu70-s_qu3-batch1.csv-1,1,NOT AVAILABLE,NOT AVAILABLE,8713bc47-83eb-4eb4-a7fb-ac15b44a0c3a,PROLIFIC,11-Feb-2021 13:56:53,1173,46458,629a0dc6-c899-452d-b793-3a269b1c1be1,"I could say (a/an) vapor is warm, but I would most certainly not mean it literally.","I could say (a/an) anger is hot, but I would most certainly not mean it literally.
I could say (a/an) person is cold, but I would most certainly not mean it literally.
I could say (a/an) story is dark, but I would most certainly not mean it literally.","I could say (a/an) fire is hot, but I would most certainly not mean it literally.
I could say (a/an) stone is heavy, but I would most certainly not mean it literally.
I could say (a/an) argument is liquid, but I would most certainly not mean it literally.",5_scalar_heat-set_extension_full_range,https://app.prolific.co/submissions/complete?cc=135DD3C8,Agree or disagree (run5_scalar_heat-set_extension_full_range-experiment_scalar-batch1-70-70),408998,89025b2a-7034-4ae4-baa1-cc1d80a74db9,2021-02-11 13:56:53,627.838,2021-02-11 12:52:40.305000,2021-02-11 13:03:08.143000,23.0,false,creative,warm,vapor,../data/prolific_output/run5_scalar_heat-group_scalar_heat/qu70-s_qu3-batch1.csv
qu70-s_qu3-batch1.csv-1,1,NOT AVAILABLE,NOT AVAILABLE,44d44641-22cf-456b-99ee-e83419d5c276,PROLIFIC,11-Feb-2021 14:07:14,1173,46458,629a0dc6-c899-452d-b793-3a269b1c1be1,"I could say (a/an) vapor is warm, but I would most certainly not mean it literally.","I could say (a/an) anger is hot, but I would most certainly not mean it literally.
I could say (a/an) person is cold, but I would most certainly not mean it literally.
I could say (a/an) story is dark, but I would most certainly not mean it literally.","I could say (a/an) fire is hot, but I would most certainly not mean it literally.
I could say (a/an) stone is heavy, but I would most certainly not mean it literally.
I could say (a/an) argument is liquid, but I would most certainly not mean it literally.",5_scalar_heat-set_extension_full_range,https://app.prolific.co/submissions/complete?cc=135DD3C8,Agree or disagree (run5_scalar_heat-set_extension_full_range-experiment_scalar-batch1-70-70),409260,dbf00ed6-49e2-4d4a-8c46-b23d056e6a86,2021-02-11 14:07:14,305.684,2021-02-11 13:05:35.161000,2021-02-11 13:10:40.845000,3.0,false,creative,warm,vapor,../data/prolific_output/run5_scalar_heat-group_scalar_heat/qu70-s_qu3-batch1.csv
qu70-s_qu3-batch1.csv-1,1,NOT AVAILABLE,NOT AVAILABLE,01eeb5d1-2a5f-45c4-ba39-ddbf24954839,PROLIFIC,11-Feb-2021 14:49:17,1173,46458,629a0dc6-c899-452d-b793-3a269b1c1be1,"I could say (a/an) vapor is warm, but I would most certainly not mean it literally.","I could say (a/an) anger is hot, but I would most certainly not mean it literally.
I could say (a/an) person is cold, but I would most certainly not mean it literally.
I could say (a/an) story is dark, but I would most certainly not mean it literally.","I could say (a/an) fire is hot, but I would most certainly not mean it literally.
I could say (a/an) stone is heavy, but I would most certainly not mean it literally.
I could say (a/an) argument is liquid, but I would most certainly not mean it literally.",5_scalar_heat-set_extension_full_range,https://app.prolific.co/submissions/complete?cc=135DD3C8,Agree or disagree (run5_scalar_heat-set_extension_full_range-experiment_scalar-batch1-70-70),410224,eab610d6-ead1-44b2-8dcd-ce112592629b,2021-02-11 14:49:17,814.511,2021-02-11 13:43:15.871000,2021-02-11 13:56:50.382000,4.0,false,creative,warm,vapor,../data/prolific_output/run5_scalar_heat-group_scalar_heat/qu70-s_qu3-batch1.csv
qu70-s_qu3-batch1.csv-1,1,NOT AVAILABLE,NOT AVAILABLE,4d7f576e-160c-4416-8a0b-7548a4d8bb97,PROLIFIC,11-Feb-2021 14:13:58,1173,46458,629a0dc6-c899-452d-b793-3a269b1c1be1,"I could say (a/an) vapor is warm, but I would most certainly not mean it literally.","I could say (a/an) anger is hot, but I would most certainly not mean it literally.
I could say (a/an) person is cold, but I would most certainly not mean it literally.
I could say (a/an) story is dark, but I would most certainly not mean it literally.","I could say (a/an) fire is hot, but I would most certainly not mean it literally.
I could say (a/an) stone is heavy, but I would most certainly not mean it literally.
I could say (a/an) argument is liquid, but I would most certainly not mean it literally.",5_scalar_heat-set_extension_full_range,https://app.prolific.co/submissions/complete?cc=135DD3C8,Agree or disagree (run5_scalar_heat-set_extension_full_range-experiment_scalar-batch1-70-70),409489,e9fa2af4-bb17-420d-9917-d7adff746abf,2021-02-11 14:13:58,419.382,2021-02-11 13:13:40.482000,2021-02-11 13:20:39.864000,3.0,false,creative,warm,vapor,../data/prolific_output/run5_scalar_heat-group_scalar_heat/qu70-s_qu3-batch1.csv
qu70-s_qu3-batch1.csv-1,1,NOT AVAILABLE,NOT AVAILABLE,3c6e8c47-52b6-40dc-912b-32b6599fd0ce,PROLIFIC,11-Feb-2021 13:59:23,1173,46458,629a0dc6-c899-452d-b793-3a269b1c1be1,"I could say (a/an) vapor is warm, but I would most certainly not mean it literally.","I could say (a/an) anger is hot, but I would most certainly not mean it literally.
I could say (a/an) person is cold, but I would most certainly not mean it literally.
I could say (a/an) story is dark, but I would most certainly not mean it literally.","I could say (a/an) fire is hot, but I would most certainly not mean it literally.
I could say (a/an) stone is heavy, but I would most certainly not mean it literally.
I could say (a/an) argument is liquid, but I would most certainly not mean it literally.",5_scalar_heat-set_extension_full_range,https://app.prolific.co/submissions/complete?cc=135DD3C8,Agree or disagree (run5_scalar_heat-set_extension_full_range-experiment_scalar-batch1-70-70),409107,96b1942e-cfd2-4d9a-a303-47557a646fd2,2021-02-11 13:59:23,756.898,2021-02-11 12:49:10.608000,2021-02-11 13:01:47.506000,3.0,false,creative,warm,vapor,../data/prolific_output/run5_scalar_heat-group_scalar_heat/qu70-s_qu3-batch1.csv
qu70-s_qu3-batch1.csv-1,1,NOT AVAILABLE,NOT AVAILABLE,df22a112-e62a-4607-8c70-d22a89b1a7d6,PROLIFIC,11-Feb-2021 14:39:12,1173,46458,629a0dc6-c899-452d-b793-3a269b1c1be1,"I could say (a/an) vapor is warm, but I would most certainly not mean it literally.","I could say (a/an) anger is hot, but I would most certainly not mean it literally.
I could say (a/an) person is cold, but I would most certainly not mean it literally.
I could say (a/an) story is dark, but I would most certainly not mean it literally.","I could say (a/an) fire is hot, but I would most certainly not mean it literally.
I could say (a/an) stone is heavy, but I would most certainly not mean it literally.
I could say (a/an) argument is liquid, but I would most certainly not mean it literally.",5_scalar_heat-set_extension_full_range,https://app.prolific.co/submissions/complete?cc=135DD3C8,Agree or disagree (run5_scalar_heat-set_extension_full_range-experiment_scalar-batch1-70-70),410085,c314c949-b3f7-4e03-ba30-f359fb5bad13,2021-02-11 14:39:12,1418.922,2021-02-11 13:25:09.172000,2021-02-11 13:48:48.094000,5.0,true,creative,warm,vapor,../data/prolific_output/run5_scalar_heat-group_scalar_heat/qu70-s_qu3-batch1.csv
qu70-s_qu3-batch1.csv-1,1,NOT AVAILABLE,NOT AVAILABLE,ba2e5d60-1be5-4160-8883-d9dc1d2a590c,PROLIFIC,11-Feb-2021 14:59:02,1173,46458,629a0dc6-c899-452d-b793-3a269b1c1be1,"I could say (a/an) vapor is warm, but I would most certainly not mean it literally.","I could say (a/an) anger is hot, but I would most certainly not mean it literally.
I could say (a/an) person is cold, but I would most certainly not mean it literally.
I could say (a/an) story is dark, but I would most certainly not mean it literally.","I could say (a/an) fire is hot, but I would most certainly not mean it literally.
I could say (a/an) stone is heavy, but I would most certainly not mean it literally.
I could say (a/an) argument is liquid, but I would most certainly not mean it literally.",5_scalar_heat-set_extension_full_range,https://app.prolific.co/submissions/complete?cc=135DD3C8,Agree or disagree (run5_scalar_heat-set_extension_full_range-experiment_scalar-batch1-70-70),410423,4a5a884c-0914-4e78-bd29-2a55e7d121b3,2021-02-11 14:59:02,506.867,2021-02-11 13:55:38.597000,2021-02-11 14:04:05.464000,4.0,false,creative,warm,vapor,../data/prolific_output/run5_scalar_heat-group_scalar_heat/qu70-s_qu3-batch1.csv
qu70-s_qu3-batch1.csv-1,1,NOT AVAILABLE,NOT AVAILABLE,f2b79ec4-328b-4811-ad4e-e541da2cb058,PROLIFIC,11-Feb-2021 14:18:21,1173,46459,14f078ca-1c54-4dc7-bd74-e77229e24924,I know that (a/an) vapor is warm as most or all other things similar to (a/an) vapor are warm. ,I know that (a/an) merlot is alcoholic as most or all other things similar to (a/an) merlot are alcoholic. ,I know that (a/an) lemonade is alcoholic as most or all other things similar to (a/an) lemonade are alcoholic. ,5_scalar_heat-set_extension_full_range,https://app.prolific.co/submissions/complete?cc=135DD3C8,Agree or disagree (run5_scalar_heat-set_extension_full_range-experiment_scalar-batch1-70-70),409702,6530fd0b-3e09-4c1a-b372-f494e74750fd,2021-02-11 14:18:21,538.269,2021-02-11 13:10:15.124000,2021-02-11 13:19:13.393000,2.0,true,implied_category,warm,vapor,../data/prolific_output/run5_scalar_heat-group_scalar_heat/qu70-s_qu3-batch1.csv
qu70-s_qu3-batch1.csv-1,1,NOT AVAILABLE,NOT AVAILABLE,011937c5-478d-4bcd-af78-a9232b3a0158,PROLIFIC,11-Feb-2021 15:35:33,1173,46459,14f078ca-1c54-4dc7-bd74-e77229e24924,I know that (a/an) vapor is warm as most or all other things similar to (a/an) vapor are warm. ,I know that (a/an) merlot is alcoholic as most or all other things similar to (a/an) merlot are alcoholic. ,I know that (a/an) lemonade is alcoholic as most or all other things similar to (a/an) lemonade are alcoholic. ,5_scalar_heat-set_extension_full_range,https://app.prolific.co/submissions/complete?cc=135DD3C8,Agree or disagree (run5_scalar_heat-set_extension_full_range-experiment_scalar-batch1-70-70),410643,c480e22e-05d5-4f11-9053-675a5e63da9d,2021-02-11 15:35:33,1856.165,2021-02-11 14:14:37.373000,2021-02-11 14:45:33.538000,3.0,true,implied_category,warm,vapor,../data/prolific_output/run5_scalar_heat-group_scalar_heat/qu70-s_qu3-batch1.csv
qu70-s_qu3-batch1.csv-1,1,NOT AVAILABLE,NOT AVAILABLE,8713bc47-83eb-4eb4-a7fb-ac15b44a0c3a,PROLIFIC,11-Feb-2021 13:56:30,1173,46459,14f078ca-1c54-4dc7-bd74-e77229e24924,I know that (a/an) vapor is warm as most or all other things similar to (a/an) vapor are warm. ,I know that (a/an) merlot is alcoholic as most or all other things similar to (a/an) merlot are alcoholic. ,I know that (a/an) lemonade is alcoholic as most or all other things similar to (a/an) lemonade are alcoholic. ,5_scalar_heat-set_extension_full_range,https://app.prolific.co/submissions/complete?cc=135DD3C8,Agree or disagree (run5_scalar_heat-set_extension_full_range-experiment_scalar-batch1-70-70),408987,565d833d-f4e1-4d22-8345-01fc14de1242,2021-02-11 13:56:30,627.838,2021-02-11 12:52:40.305000,2021-02-11 13:03:08.143000,2.0,false,implied_category,warm,vapor,../data/prolific_output/run5_scalar_heat-group_scalar_heat/qu70-s_qu3-batch1.csv
qu70-s_qu3-batch1.csv-1,1,NOT AVAILABLE,NOT AVAILABLE,44d44641-22cf-456b-99ee-e83419d5c276,PROLIFIC,11-Feb-2021 14:07:52,1173,46459,14f078ca-1c54-4dc7-bd74-e77229e24924,I know that (a/an) vapor is warm as most or all other things similar to (a/an) vapor are warm. ,I know that (a/an) merlot is alcoholic as most or all other things similar to (a/an) merlot are alcoholic. ,I know that (a/an) lemonade is alcoholic as most or all other things similar to (a/an) lemonade are alcoholic. ,5_scalar_heat-set_extension_full_range,https://app.prolific.co/submissions/complete?cc=135DD3C8,Agree or disagree (run5_scalar_heat-set_extension_full_range-experiment_scalar-batch1-70-70),409278,24a9c0c2-0be2-4208-a978-62497168df47,2021-02-11 14:07:52,305.684,2021-02-11 13:05:35.161000,2021-02-11 13:10:40.845000,2.0,false,implied_category,warm,vapor,../data/prolific_output/run5_scalar_heat-group_scalar_heat/qu70-s_qu3-batch1.csv
qu70-s_qu3-batch1.csv-1,1,NOT AVAILABLE,NOT AVAILABLE,01eeb5d1-2a5f-45c4-ba39-ddbf24954839,PROLIFIC,11-Feb-2021 14:56:06,1173,46459,14f078ca-1c54-4dc7-bd74-e77229e24924,I know that (a/an) vapor is warm as most or all other things similar to (a/an) vapor are warm. ,I know that (a/an) merlot is alcoholic as most or all other things similar to (a/an) merlot are alcoholic. ,I know that (a/an) lemonade is alcoholic as most or all other things similar to (a/an) lemonade are alcoholic. ,5_scalar_heat-set_extension_full_range,https://app.prolific.co/submissions/complete?cc=135DD3C8,Agree or disagree (run5_scalar_heat-set_extension_full_range-experiment_scalar-batch1-70-70),410375,1198b72d-f881-48f0-a59d-122f7b572c94,2021-02-11 14:56:06,814.511,2021-02-11 13:43:15.871000,2021-02-11 13:56:50.382000,4.0,true,implied_category,warm,vapor,../data/prolific_output/run5_scalar_heat-group_scalar_heat/qu70-s_qu3-batch1.csv
qu70-s_qu3-batch1.csv-1,1,NOT AVAILABLE,NOT AVAILABLE,4d7f576e-160c-4416-8a0b-7548a4d8bb97,PROLIFIC,11-Feb-2021 14:13:55,1173,46459,14f078ca-1c54-4dc7-bd74-e77229e24924,I know that (a/an) vapor is warm as most or all other things similar to (a/an) vapor are warm. ,I know that (a/an) merlot is alcoholic as most or all other things similar to (a/an) merlot are alcoholic. ,I know that (a/an) lemonade is alcoholic as most or all other things similar to (a/an) lemonade are alcoholic. ,5_scalar_heat-set_extension_full_range,https://app.prolific.co/submissions/complete?cc=135DD3C8,Agree or disagree (run5_scalar_heat-set_extension_full_range-experiment_scalar-batch1-70-70),409487,ac96a6aa-d532-48a0-941e-5015fbdf3c1e,2021-02-11 14:13:55,419.382,2021-02-11 13:13:40.482000,2021-02-11 13:20:39.864000,14.518,true,implied_category,warm,vapor,../data/prolific_output/run5_scalar_heat-group_scalar_heat/qu70-s_qu3-batch1.csv
qu70-s_qu3-batch1.csv-1,1,NOT AVAILABLE,NOT AVAILABLE,3c6e8c47-52b6-40dc-912b-32b6599fd0ce,PROLIFIC,11-Feb-2021 13:58:03,1173,46459,14f078ca-1c54-4dc7-bd74-e77229e24924,I know that (a/an) vapor is warm as most or all other things similar to (a/an) vapor are warm. ,I know that (a/an) merlot is alcoholic as most or all other things similar to (a/an) merlot are alcoholic. ,I know that (a/an) lemonade is alcoholic as most or all other things similar to (a/an) lemonade are alcoholic. ,5_scalar_heat-set_extension_full_range,https://app.prolific.co/submissions/complete?cc=135DD3C8,Agree or disagree (run5_scalar_heat-set_extension_full_range-experiment_scalar-batch1-70-70),409054,cd52ad8d-3db6-41b9-be90-b8584b30ca40,2021-02-11 13:58:03,756.898,2021-02-11 12:49:10.608000,2021-02-11 13:01:47.506000,8.0,false,implied_category,warm,vapor,../data/prolific_output/run5_scalar_heat-group_scalar_heat/qu70-s_qu3-batch1.csv
qu70-s_qu3-batch1.csv-1,1,NOT AVAILABLE,NOT AVAILABLE,df22a112-e62a-4607-8c70-d22a89b1a7d6,PROLIFIC,11-Feb-2021 14:29:16,1173,46459,14f078ca-1c54-4dc7-bd74-e77229e24924,I know that (a/an) vapor is warm as most or all other things similar to (a/an) vapor are warm. ,I know that (a/an) merlot is alcoholic as most or all other things similar to (a/an) merlot are alcoholic. ,I know that (a/an) lemonade is alcoholic as most or all other things similar to (a/an) lemonade are alcoholic. ,5_scalar_heat-set_extension_full_range,https://app.prolific.co/submissions/complete?cc=135DD3C8,Agree or disagree (run5_scalar_heat-set_extension_full_range-experiment_scalar-batch1-70-70),409899,514c6565-5533-4578-a16d-61a7c2f835ee,2021-02-11 14:29:16,1418.922,2021-02-11 13:25:09.172000,2021-02-11 13:48:48.094000,6.0,false,implied_category,warm,vapor,../data/prolific_output/run5_scalar_heat-group_scalar_heat/qu70-s_qu3-batch1.csv
qu70-s_qu3-batch1.csv-1,1,NOT AVAILABLE,NOT AVAILABLE,ba2e5d60-1be5-4160-8883-d9dc1d2a590c,PROLIFIC,11-Feb-2021 14:59:49,1173,46459,14f078ca-1c54-4dc7-bd74-e77229e24924,I know that (a/an) vapor is warm as most or all other things similar to (a/an) vapor are warm. ,I know that (a/an) merlot is alcoholic as most or all other things similar to (a/an) merlot are alcoholic. ,I know that (a/an) lemonade is alcoholic as most or all other things similar to (a/an) lemonade are alcoholic. ,5_scalar_heat-set_extension_full_range,https://app.prolific.co/submissions/complete?cc=135DD3C8,Agree or disagree (run5_scalar_heat-set_extension_full_range-experiment_scalar-batch1-70-70),410433,c66e6e0f-97de-45c3-b99e-dc5c576adfd6,2021-02-11 14:59:49,506.867,2021-02-11 13:55:38.597000,2021-02-11 14:04:05.464000,4.0,true,implied_category,warm,vapor,../data/prolific_output/run5_scalar_heat-group_scalar_heat/qu70-s_qu3-batch1.csv
qu70-s_qu3-batch1.csv-1,1,NOT AVAILABLE,NOT AVAILABLE,f2b79ec4-328b-4811-ad4e-e541da2cb058,PROLIFIC,11-Feb-2021 14:19:03,1173,46460,ee28df9d-e515-4792-b575-c2b404bcca18,``Warm'' is one for the first things which come to mind when I hear ``vapor' because warm is one of the typical qualities of (a/an) vapor'.,``Spicy'' is one for the first things which come to mind when I hear ``chili_pepper' because spicy is one of the typical tastes of (a/an) chili_pepper'.,``Sweet'' is one for the first things which come to mind when I hear ``spinach' because sweet is one of the typical tastes of (a/an) spinach'.,5_scalar_heat-set_extension_full_range,https://app.prolific.co/submissions/complete?cc=135DD3C8,Agree or disagree (run5_scalar_heat-set_extension_full_range-experiment_scalar-batch1-70-70),409740,cfb727f8-e88c-4e90-bdba-9cb76e907dd7,2021-02-11 14:19:03,538.269,2021-02-11 13:10:15.124000,2021-02-11 13:19:13.393000,3.0,true,typical_of_concept,warm,vapor,../data/prolific_output/run5_scalar_heat-group_scalar_heat/qu70-s_qu3-batch1.csv
qu70-s_qu3-batch1.csv-1,1,NOT AVAILABLE,NOT AVAILABLE,011937c5-478d-4bcd-af78-a9232b3a0158,PROLIFIC,11-Feb-2021 15:33:08,1173,46460,ee28df9d-e515-4792-b575-c2b404bcca18,``Warm'' is one for the first things which come to mind when I hear ``vapor' because warm is one of the typical qualities of (a/an) vapor'.,``Spicy'' is one for the first things which come to mind when I hear ``chili_pepper' because spicy is one of the typical tastes of (a/an) chili_pepper'.,``Sweet'' is one for the first things which come to mind when I hear ``spinach' because sweet is one of the typical tastes of (a/an) spinach'.,5_scalar_heat-set_extension_full_range,https://app.prolific.co/submissions/complete?cc=135DD3C8,Agree or disagree (run5_scalar_heat-set_extension_full_range-experiment_scalar-batch1-70-70),410627,4eba0730-4186-4709-a110-f315dcda3575,2021-02-11 15:33:08,1856.165,2021-02-11 14:14:37.373000,2021-02-11 14:45:33.538000,3.0,true,typical_of_concept,warm,vapor,../data/prolific_output/run5_scalar_heat-group_scalar_heat/qu70-s_qu3-batch1.csv
qu70-s_qu3-batch1.csv-1,1,NOT AVAILABLE,NOT AVAILABLE,8713bc47-83eb-4eb4-a7fb-ac15b44a0c3a,PROLIFIC,11-Feb-2021 13:58:51,1173,46460,ee28df9d-e515-4792-b575-c2b404bcca18,``Warm'' is one for the first things which come to mind when I hear ``vapor' because warm is one of the typical qualities of (a/an) vapor'.,``Spicy'' is one for the first things which come to mind when I hear ``chili_pepper' because spicy is one of the typical tastes of (a/an) chili_pepper'.,``Sweet'' is one for the first things which come to mind when I hear ``spinach' because sweet is one of the typical tastes of (a/an) spinach'.,5_scalar_heat-set_extension_full_range,https://app.prolific.co/submissions/complete?cc=135DD3C8,Agree or disagree (run5_scalar_heat-set_extension_full_range-experiment_scalar-batch1-70-70),409086,78fc6efc-0e6a-49d0-8c97-36e3d7af6543,2021-02-11 13:58:51,627.838,2021-02-11 12:52:40.305000,2021-02-11 13:03:08.143000,4.0,false,typical_of_concept,warm,vapor,../data/prolific_output/run5_scalar_heat-group_scalar_heat/qu70-s_qu3-batch1.csv
qu70-s_qu3-batch1.csv-1,1,NOT AVAILABLE,NOT AVAILABLE,44d44641-22cf-456b-99ee-e83419d5c276,PROLIFIC,11-Feb-2021 14:07:29,1173,46460,ee28df9d-e515-4792-b575-c2b404bcca18,``Warm'' is one for the first things which come to mind when I hear ``vapor' because warm is one of the typical qualities of (a/an) vapor'.,``Spicy'' is one for the first things which come to mind when I hear ``chili_pepper' because spicy is one of the typical tastes of (a/an) chili_pepper'.,``Sweet'' is one for the first things which come to mind when I hear ``spinach' because sweet is one of the typical tastes of (a/an) spinach'.,5_scalar_heat-set_extension_full_range,https://app.prolific.co/submissions/complete?cc=135DD3C8,Agree or disagree (run5_scalar_heat-set_extension_full_range-experiment_scalar-batch1-70-70),409263,81278896-6122-4531-98bf-b78f2f324d9e,2021-02-11 14:07:29,305.684,2021-02-11 13:05:35.161000,2021-02-11 13:10:40.845000,2.0,false,typical_of_concept,warm,vapor,../data/prolific_output/run5_scalar_heat-group_scalar_heat/qu70-s_qu3-batch1.csv
qu70-s_qu3-batch1.csv-1,1,NOT AVAILABLE,NOT AVAILABLE,01eeb5d1-2a5f-45c4-ba39-ddbf24954839,PROLIFIC,11-Feb-2021 14:46:50,1173,46460,ee28df9d-e515-4792-b575-c2b404bcca18,``Warm'' is one for the first things which come to mind when I hear ``vapor' because warm is one of the typical qualities of (a/an) vapor'.,``Spicy'' is one for the first things which come to mind when I hear ``chili_pepper' because spicy is one of the typical tastes of (a/an) chili_pepper'.,``Sweet'' is one for the first things which come to mind when I hear ``spinach' because sweet is one of the typical tastes of (a/an) spinach'.,5_scalar_heat-set_extension_full_range,https://app.prolific.co/submissions/complete?cc=135DD3C8,Agree or disagree (run5_scalar_heat-set_extension_full_range-experiment_scalar-batch1-70-70),410163,f830acce-4fcf-454d-a2d3-d6f960f258a3,2021-02-11 14:46:50,814.511,2021-02-11 13:43:15.871000,2021-02-11 13:56:50.382000,50.0,true,typical_of_concept,warm,vapor,../data/prolific_output/run5_scalar_heat-group_scalar_heat/qu70-s_qu3-batch1.csv
qu70-s_qu3-batch1.csv-1,1,NOT AVAILABLE,NOT AVAILABLE,4d7f576e-160c-4416-8a0b-7548a4d8bb97,PROLIFIC,11-Feb-2021 14:14:45,1173,46460,ee28df9d-e515-4792-b575-c2b404bcca18,``Warm'' is one for the first things which come to mind when I hear ``vapor' because warm is one of the typical qualities of (a/an) vapor'.,``Spicy'' is one for the first things which come to mind when I hear ``chili_pepper' because spicy is one of the typical tastes of (a/an) chili_pepper'.,``Sweet'' is one for the first things which come to mind when I hear ``spinach' because sweet is one of the typical tastes of (a/an) spinach'.,5_scalar_heat-set_extension_full_range,https://app.prolific.co/submissions/complete?cc=135DD3C8,Agree or disagree (run5_scalar_heat-set_extension_full_range-experiment_scalar-batch1-70-70),409519,8f67a31e-5ba7-4be4-83ed-b04444e63780,2021-02-11 14:14:45,419.382,2021-02-11 13:13:40.482000,2021-02-11 13:20:39.864000,3.0,true,typical_of_concept,warm,vapor,../data/prolific_output/run5_scalar_heat-group_scalar_heat/qu70-s_qu3-batch1.csv
qu70-s_qu3-batch1.csv-1,1,NOT AVAILABLE,NOT AVAILABLE,3c6e8c47-52b6-40dc-912b-32b6599fd0ce,PROLIFIC,11-Feb-2021 13:59:56,1173,46460,ee28df9d-e515-4792-b575-c2b404bcca18,``Warm'' is one for the first things which come to mind when I hear ``vapor' because warm is one of the typical qualities of (a/an) vapor'.,``Spicy'' is one for the first things which come to mind when I hear ``chili_pepper' because spicy is one of the typical tastes of (a/an) chili_pepper'.,``Sweet'' is one for the first things which come to mind when I hear ``spinach' because sweet is one of the typical tastes of (a/an) spinach'.,5_scalar_heat-set_extension_full_range,https://app.prolific.co/submissions/complete?cc=135DD3C8,Agree or disagree (run5_scalar_heat-set_extension_full_range-experiment_scalar-batch1-70-70),409128,c9753491-40d9-4bae-925a-6aab1a73e49a,2021-02-11 13:59:56,756.898,2021-02-11 12:49:10.608000,2021-02-11 13:01:47.506000,5.0,false,typical_of_concept,warm,vapor,../data/prolific_output/run5_scalar_heat-group_scalar_heat/qu70-s_qu3-batch1.csv
qu70-s_qu3-batch1.csv-1,1,NOT AVAILABLE,NOT AVAILABLE,df22a112-e62a-4607-8c70-d22a89b1a7d6,PROLIFIC,11-Feb-2021 14:37:35,1173,46460,ee28df9d-e515-4792-b575-c2b404bcca18,``Warm'' is one for the first things which come to mind when I hear ``vapor' because warm is one of the typical qualities of (a/an) vapor'.,``Spicy'' is one for the first things which come to mind when I hear ``chili_pepper' because spicy is one of the typical tastes of (a/an) chili_pepper'.,``Sweet'' is one for the first things which come to mind when I hear ``spinach' because sweet is one of the typical tastes of (a/an) spinach'.,5_scalar_heat-set_extension_full_range,https://app.prolific.co/submissions/complete?cc=135DD3C8,Agree or disagree (run5_scalar_heat-set_extension_full_range-experiment_scalar-batch1-70-70),410064,4e657121-6981-4e50-bebe-7e12f026ae76,2021-02-11 14:37:35,1418.922,2021-02-11 13:25:09.172000,2021-02-11 13:48:48.094000,210.0,false,typical_of_concept,warm,vapor,../data/prolific_output/run5_scalar_heat-group_scalar_heat/qu70-s_qu3-batch1.csv
qu70-s_qu3-batch1.csv-1,1,NOT AVAILABLE,NOT AVAILABLE,ba2e5d60-1be5-4160-8883-d9dc1d2a590c,PROLIFIC,11-Feb-2021 15:02:56,1173,46460,ee28df9d-e515-4792-b575-c2b404bcca18,``Warm'' is one for the first things which come to mind when I hear ``vapor' because warm is one of the typical qualities of (a/an) vapor'.,``Spicy'' is one for the first things which come to mind when I hear ``chili_pepper' because spicy is one of the typical tastes of (a/an) chili_pepper'.,``Sweet'' is one for the first things which come to mind when I hear ``spinach' because sweet is one of the typical tastes of (a/an) spinach'.,5_scalar_heat-set_extension_full_range,https://app.prolific.co/submissions/complete?cc=135DD3C8,Agree or disagree (run5_scalar_heat-set_extension_full_range-experiment_scalar-batch1-70-70),410475,27649fb5-ba0f-48fb-99a6-e086596bc3f1,2021-02-11 15:02:56,506.867,2021-02-11 13:55:38.597000,2021-02-11 14:04:05.464000,6.0,true,typical_of_concept,warm,vapor,../data/prolific_output/run5_scalar_heat-group_scalar_heat/qu70-s_qu3-batch1.csv
qu70-s_qu3-batch1.csv-1,1,NOT AVAILABLE,NOT AVAILABLE,f2b79ec4-328b-4811-ad4e-e541da2cb058,PROLIFIC,11-Feb-2021 14:12:25,1173,46461,db27ac8f-eff9-477b-8cbb-e6c59a72bbbe,I think it is impossible for (a/an) vapor to be warm.,I think it is impossible for (a/an) flame to be frozen.,I think it is impossible for (a/an) book to be light.,5_scalar_heat-set_extension_full_range,https://app.prolific.co/submissions/complete?cc=135DD3C8,Agree or disagree (run5_scalar_heat-set_extension_full_range-experiment_scalar-batch1-70-70),409439,fcc6c518-3ca8-458e-818a-de69734329a2,2021-02-11 14:12:25,538.269,2021-02-11 13:10:15.124000,2021-02-11 13:19:13.393000,3.0,false,impossible,warm,vapor,../data/prolific_output/run5_scalar_heat-group_scalar_heat/qu70-s_qu3-batch1.csv
qu70-s_qu3-batch1.csv-1,1,NOT AVAILABLE,NOT AVAILABLE,011937c5-478d-4bcd-af78-a9232b3a0158,PROLIFIC,11-Feb-2021 15:44:34,1173,46461,db27ac8f-eff9-477b-8cbb-e6c59a72bbbe,I think it is impossible for (a/an) vapor to be warm.,I think it is impossible for (a/an) flame to be frozen.,I think it is impossible for (a/an) book to be light.,5_scalar_heat-set_extension_full_range,https://app.prolific.co/submissions/complete?cc=135DD3C8,Agree or disagree (run5_scalar_heat-set_extension_full_range-experiment_scalar-batch1-70-70),410692,79248b6c-c8d1-47b2-91f9-306732583022,2021-02-11 15:44:34,1856.165,2021-02-11 14:14:37.373000,2021-02-11 14:45:33.538000,8.0,false,impossible,warm,vapor,../data/prolific_output/run5_scalar_heat-group_scalar_heat/qu70-s_qu3-batch1.csv
qu70-s_qu3-batch1.csv-1,1,NOT AVAILABLE,NOT AVAILABLE,8713bc47-83eb-4eb4-a7fb-ac15b44a0c3a,PROLIFIC,11-Feb-2021 13:57:26,1173,46461,db27ac8f-eff9-477b-8cbb-e6c59a72bbbe,I think it is impossible for (a/an) vapor to be warm.,I think it is impossible for (a/an) flame to be frozen.,I think it is impossible for (a/an) book to be light.,5_scalar_heat-set_extension_full_range,https://app.prolific.co/submissions/complete?cc=135DD3C8,Agree or disagree (run5_scalar_heat-set_extension_full_range-experiment_scalar-batch1-70-70),409025,34d66ebe-9327-4a4b-9d9d-6638be0ecdbd,2021-02-11 13:57:26,627.838,2021-02-11 12:52:40.305000,2021-02-11 13:03:08.143000,3.0,false,impossible,warm,vapor,../data/prolific_output/run5_scalar_heat-group_scalar_heat/qu70-s_qu3-batch1.csv
qu70-s_qu3-batch1.csv-1,1,NOT AVAILABLE,NOT AVAILABLE,44d44641-22cf-456b-99ee-e83419d5c276,PROLIFIC,11-Feb-2021 14:06:29,1173,46461,db27ac8f-eff9-477b-8cbb-e6c59a72bbbe,I think it is impossible for (a/an) vapor to be warm.,I think it is impossible for (a/an) flame to be frozen.,I think it is impossible for (a/an) book to be light.,5_scalar_heat-set_extension_full_range,https://app.prolific.co/submissions/complete?cc=135DD3C8,Agree or disagree (run5_scalar_heat-set_extension_full_range-experiment_scalar-batch1-70-70),409240,b8f66dc3-ad7a-411d-98e9-8a7b7bca22e9,2021-02-11 14:06:29,305.684,2021-02-11 13:05:35.161000,2021-02-11 13:10:40.845000,3.0,false,impossible,warm,vapor,../data/prolific_output/run5_scalar_heat-group_scalar_heat/qu70-s_qu3-batch1.csv
qu70-s_qu3-batch1.csv-1,1,NOT AVAILABLE,NOT AVAILABLE,01eeb5d1-2a5f-45c4-ba39-ddbf24954839,PROLIFIC,11-Feb-2021 14:47:28,1173,46461,db27ac8f-eff9-477b-8cbb-e6c59a72bbbe,I think it is impossible for (a/an) vapor to be warm.,I think it is impossible for (a/an) flame to be frozen.,I think it is impossible for (a/an) book to be light.,5_scalar_heat-set_extension_full_range,https://app.prolific.co/submissions/complete?cc=135DD3C8,Agree or disagree (run5_scalar_heat-set_extension_full_range-experiment_scalar-batch1-70-70),410184,e48325f9-baa7-4b80-be2a-b60948b1d12d,2021-02-11 14:47:28,814.511,2021-02-11 13:43:15.871000,2021-02-11 13:56:50.382000,33.0,false,impossible,warm,vapor,../data/prolific_output/run5_scalar_heat-group_scalar_heat/qu70-s_qu3-batch1.csv
qu70-s_qu3-batch1.csv-1,1,NOT AVAILABLE,NOT AVAILABLE,4d7f576e-160c-4416-8a0b-7548a4d8bb97,PROLIFIC,11-Feb-2021 14:20:36,1173,46461,db27ac8f-eff9-477b-8cbb-e6c59a72bbbe,I think it is impossible for (a/an) vapor to be warm.,I think it is impossible for (a/an) flame to be frozen.,I think it is impossible for (a/an) book to be light.,5_scalar_heat-set_extension_full_range,https://app.prolific.co/submissions/complete?cc=135DD3C8,Agree or disagree (run5_scalar_heat-set_extension_full_range-experiment_scalar-batch1-70-70),409784,dad49671-a428-47ab-a380-74a40589f19e,2021-02-11 14:20:36,419.382,2021-02-11 13:13:40.482000,2021-02-11 13:20:39.864000,14.864,false,impossible,warm,vapor,../data/prolific_output/run5_scalar_heat-group_scalar_heat/qu70-s_qu3-batch1.csv
qu70-s_qu3-batch1.csv-1,1,NOT AVAILABLE,NOT AVAILABLE,3c6e8c47-52b6-40dc-912b-32b6599fd0ce,PROLIFIC,11-Feb-2021 13:59:15,1173,46461,db27ac8f-eff9-477b-8cbb-e6c59a72bbbe,I think it is impossible for (a/an) vapor to be warm.,I think it is impossible for (a/an) flame to be frozen.,I think it is impossible for (a/an) book to be light.,5_scalar_heat-set_extension_full_range,https://app.prolific.co/submissions/complete?cc=135DD3C8,Agree or disagree (run5_scalar_heat-set_extension_full_range-experiment_scalar-batch1-70-70),409102,917d6460-dddd-4d18-a036-23066722bbf7,2021-02-11 13:59:15,756.898,2021-02-11 12:49:10.608000,2021-02-11 13:01:47.506000,3.0,false,impossible,warm,vapor,../data/prolific_output/run5_scalar_heat-group_scalar_heat/qu70-s_qu3-batch1.csv
qu70-s_qu3-batch1.csv-1,1,NOT AVAILABLE,NOT AVAILABLE,df22a112-e62a-4607-8c70-d22a89b1a7d6,PROLIFIC,11-Feb-2021 14:46:47,1173,46461,db27ac8f-eff9-477b-8cbb-e6c59a72bbbe,I think it is impossible for (a/an) vapor to be warm.,I think it is impossible for (a/an) flame to be frozen.,I think it is impossible for (a/an) book to be light.,5_scalar_heat-set_extension_full_range,https://app.prolific.co/submissions/complete?cc=135DD3C8,Agree or disagree (run5_scalar_heat-set_extension_full_range-experiment_scalar-batch1-70-70),410162,a3c03489-1b1b-4d26-a358-7ba58bc13ba7,2021-02-11 14:46:47,1418.922,2021-02-11 13:25:09.172000,2021-02-11 13:48:48.094000,4.0,true,impossible,warm,vapor,../data/prolific_output/run5_scalar_heat-group_scalar_heat/qu70-s_qu3-batch1.csv
qu70-s_qu3-batch1.csv-1,1,NOT AVAILABLE,NOT AVAILABLE,ba2e5d60-1be5-4160-8883-d9dc1d2a590c,PROLIFIC,11-Feb-2021 15:00:06,1173,46461,db27ac8f-eff9-477b-8cbb-e6c59a72bbbe,I think it is impossible for (a/an) vapor to be warm.,I think it is impossible for (a/an) flame to be frozen.,I think it is impossible for (a/an) book to be light.,5_scalar_heat-set_extension_full_range,https://app.prolific.co/submissions/complete?cc=135DD3C8,Agree or disagree (run5_scalar_heat-set_extension_full_range-experiment_scalar-batch1-70-70),410437,4dc2498d-18d7-4763-b42d-adef94d88e34,2021-02-11 15:00:06,506.867,2021-02-11 13:55:38.597000,2021-02-11 14:04:05.464000,4.0,false,impossible,warm,vapor,../data/prolific_output/run5_scalar_heat-group_scalar_heat/qu70-s_qu3-batch1.csv
qu70-s_qu3-batch1.csv-1,1,NOT AVAILABLE,NOT AVAILABLE,f2b79ec4-328b-4811-ad4e-e541da2cb058,PROLIFIC,11-Feb-2021 14:10:46,1173,46462,4479367e-60dd-44e9-8e59-bb90b244dc05,You can find (a/an) vapor which is warm. (A/an) vapor is usually either warm or not warm. It cannot be a bit more or less warm.,You can find (a/an) substance which is liquid. (A/an) substance is usually either liquid or not liquid. It cannot be a bit more or less liquid.,You can find (a/an) knife which is sharp. (A/an) knife is usually either sharp or not sharp. It cannot be a bit more or less sharp.,5_scalar_heat-set_extension_full_range,https://app.prolific.co/submissions/complete?cc=135DD3C8,Agree or disagree (run5_scalar_heat-set_extension_full_range-experiment_scalar-batch1-70-70),409388,193669ac-0d2d-4be0-8f06-1208589c9c04,2021-02-11 14:10:46,538.269,2021-02-11 13:10:15.124000,2021-02-11 13:19:13.393000,2.0,true,variability_limited,warm,vapor,../data/prolific_output/run5_scalar_heat-group_scalar_heat/qu70-s_qu3-batch1.csv
qu70-s_qu3-batch1.csv-1,1,NOT AVAILABLE,NOT AVAILABLE,011937c5-478d-4bcd-af78-a9232b3a0158,PROLIFIC,11-Feb-2021 15:33:52,1173,46462,4479367e-60dd-44e9-8e59-bb90b244dc05,You can find (a/an) vapor which is warm. (A/an) vapor is usually either warm or not warm. It cannot be a bit more or less warm.,You can find (a/an) substance which is liquid. (A/an) substance is usually either liquid or not liquid. It cannot be a bit more or less liquid.,You can find (a/an) knife which is sharp. (A/an) knife is usually either sharp or not sharp. It cannot be a bit more or less sharp.,5_scalar_heat-set_extension_full_range,https://app.prolific.co/submissions/complete?cc=135DD3C8,Agree or disagree (run5_scalar_heat-set_extension_full_range-experiment_scalar-batch1-70-70),410635,aef4ca51-912e-406b-bcca-5a8c172fcc8b,2021-02-11 15:33:52,1856.165,2021-02-11 14:14:37.373000,2021-02-11 14:45:33.538000,5.0,false,variability_limited,warm,vapor,../data/prolific_output/run5_scalar_heat-group_scalar_heat/qu70-s_qu3-batch1.csv
qu70-s_qu3-batch1.csv-1,1,NOT AVAILABLE,NOT AVAILABLE,8713bc47-83eb-4eb4-a7fb-ac15b44a0c3a,PROLIFIC,11-Feb-2021 14:01:34,1173,46462,4479367e-60dd-44e9-8e59-bb90b244dc05,You can find (a/an) vapor which is warm. (A/an) vapor is usually either warm or not warm. It cannot be a bit more or less warm.,You can find (a/an) substance which is liquid. (A/an) substance is usually either liquid or not liquid. It cannot be a bit more or less liquid.,You can find (a/an) knife which is sharp. (A/an) knife is usually either sharp or not sharp. It cannot be a bit more or less sharp.,5_scalar_heat-set_extension_full_range,https://app.prolific.co/submissions/complete?cc=135DD3C8,Agree or disagree (run5_scalar_heat-set_extension_full_range-experiment_scalar-batch1-70-70),409165,afc57e0a-d7b8-4837-952c-824d401b2cc3,2021-02-11 14:01:34,627.838,2021-02-11 12:52:40.305000,2021-02-11 13:03:08.143000,6.0,false,variability_limited,warm,vapor,../data/prolific_output/run5_scalar_heat-group_scalar_heat/qu70-s_qu3-batch1.csv
qu70-s_qu3-batch1.csv-1,1,NOT AVAILABLE,NOT AVAILABLE,44d44641-22cf-456b-99ee-e83419d5c276,PROLIFIC,11-Feb-2021 14:07:55,1173,46462,4479367e-60dd-44e9-8e59-bb90b244dc05,You can find (a/an) vapor which is warm. (A/an) vapor is usually either warm or not warm. It cannot be a bit more or less warm.,You can find (a/an) substance which is liquid. (A/an) substance is usually either liquid or not liquid. It cannot be a bit more or less liquid.,You can find (a/an) knife which is sharp. (A/an) knife is usually either sharp or not sharp. It cannot be a bit more or less sharp.,5_scalar_heat-set_extension_full_range,https://app.prolific.co/submissions/complete?cc=135DD3C8,Agree or disagree (run5_scalar_heat-set_extension_full_range-experiment_scalar-batch1-70-70),409281,0804989a-cb43-4fbc-a0fe-de41b08855ac,2021-02-11 14:07:55,305.684,2021-02-11 13:05:35.161000,2021-02-11 13:10:40.845000,3.0,false,variability_limited,warm,vapor,../data/prolific_output/run5_scalar_heat-group_scalar_heat/qu70-s_qu3-batch1.csv
qu70-s_qu3-batch1.csv-1,1,NOT AVAILABLE,NOT AVAILABLE,01eeb5d1-2a5f-45c4-ba39-ddbf24954839,PROLIFIC,11-Feb-2021 14:56:19,1173,46462,4479367e-60dd-44e9-8e59-bb90b244dc05,You can find (a/an) vapor which is warm. (A/an) vapor is usually either warm or not warm. It cannot be a bit more or less warm.,You can find (a/an) substance which is liquid. (A/an) substance is usually either liquid or not liquid. It cannot be a bit more or less liquid.,You can find (a/an) knife which is sharp. (A/an) knife is usually either sharp or not sharp. It cannot be a bit more or less sharp.,5_scalar_heat-set_extension_full_range,https://app.prolific.co/submissions/complete?cc=135DD3C8,Agree or disagree (run5_scalar_heat-set_extension_full_range-experiment_scalar-batch1-70-70),410378,d3efda48-b2e2-4dd5-8b61-420053c66b1f,2021-02-11 14:56:19,814.511,2021-02-11 13:43:15.871000,2021-02-11 13:56:50.382000,6.0,true,variability_limited,warm,vapor,../data/prolific_output/run5_scalar_heat-group_scalar_heat/qu70-s_qu3-batch1.csv
qu70-s_qu3-batch1.csv-1,1,NOT AVAILABLE,NOT AVAILABLE,4d7f576e-160c-4416-8a0b-7548a4d8bb97,PROLIFIC,11-Feb-2021 14:16:34,1173,46462,4479367e-60dd-44e9-8e59-bb90b244dc05,You can find (a/an) vapor which is warm. (A/an) vapor is usually either warm or not warm. It cannot be a bit more or less warm.,You can find (a/an) substance which is liquid. (A/an) substance is usually either liquid or not liquid. It cannot be a bit more or less liquid.,You can find (a/an) knife which is sharp. (A/an) knife is usually either sharp or not sharp. It cannot be a bit more or less sharp.,5_scalar_heat-set_extension_full_range,https://app.prolific.co/submissions/complete?cc=135DD3C8,Agree or disagree (run5_scalar_heat-set_extension_full_range-experiment_scalar-batch1-70-70),409620,2070db34-cdb0-4912-877f-b63f08cb7209,2021-02-11 14:16:34,419.382,2021-02-11 13:13:40.482000,2021-02-11 13:20:39.864000,4.0,false,variability_limited,warm,vapor,../data/prolific_output/run5_scalar_heat-group_scalar_heat/qu70-s_qu3-batch1.csv
qu70-s_qu3-batch1.csv-1,1,NOT AVAILABLE,NOT AVAILABLE,3c6e8c47-52b6-40dc-912b-32b6599fd0ce,PROLIFIC,11-Feb-2021 13:53:29,1173,46462,4479367e-60dd-44e9-8e59-bb90b244dc05,You can find (a/an) vapor which is warm. (A/an) vapor is usually either warm or not warm. It cannot be a bit more or less warm.,You can find (a/an) substance which is liquid. (A/an) substance is usually either liquid or not liquid. It cannot be a bit more or less liquid.,You can find (a/an) knife which is sharp. (A/an) knife is usually either sharp or not sharp. It cannot be a bit more or less sharp.,5_scalar_heat-set_extension_full_range,https://app.prolific.co/submissions/complete?cc=135DD3C8,Agree or disagree (run5_scalar_heat-set_extension_full_range-experiment_scalar-batch1-70-70),408867,78578aa3-f344-4732-9ce2-d1985a324649,2021-02-11 13:53:29,756.898,2021-02-11 12:49:10.608000,2021-02-11 13:01:47.506000,66.0,false,variability_limited,warm,vapor,../data/prolific_output/run5_scalar_heat-group_scalar_heat/qu70-s_qu3-batch1.csv
qu70-s_qu3-batch1.csv-1,1,NOT AVAILABLE,NOT AVAILABLE,df22a112-e62a-4607-8c70-d22a89b1a7d6,PROLIFIC,11-Feb-2021 14:39:02,1173,46462,4479367e-60dd-44e9-8e59-bb90b244dc05,You can find (a/an) vapor which is warm. (A/an) vapor is usually either warm or not warm. It cannot be a bit more or less warm.,You can find (a/an) substance which is liquid. (A/an) substance is usually either liquid or not liquid. It cannot be a bit more or less liquid.,You can find (a/an) knife which is sharp. (A/an) knife is usually either sharp or not sharp. It cannot be a bit more or less sharp.,5_scalar_heat-set_extension_full_range,https://app.prolific.co/submissions/complete?cc=135DD3C8,Agree or disagree (run5_scalar_heat-set_extension_full_range-experiment_scalar-batch1-70-70),410081,31f79005-b652-400a-b0a1-b5d1d1953ec4,2021-02-11 14:39:02,1418.922,2021-02-11 13:25:09.172000,2021-02-11 13:48:48.094000,45.0,false,variability_limited,warm,vapor,../data/prolific_output/run5_scalar_heat-group_scalar_heat/qu70-s_qu3-batch1.csv
qu70-s_qu3-batch1.csv-1,1,NOT AVAILABLE,NOT AVAILABLE,ba2e5d60-1be5-4160-8883-d9dc1d2a590c,PROLIFIC,11-Feb-2021 15:02:17,1173,46462,4479367e-60dd-44e9-8e59-bb90b244dc05,You can find (a/an) vapor which is warm. (A/an) vapor is usually either warm or not warm. It cannot be a bit more or less warm.,You can find (a/an) substance which is liquid. (A/an) substance is usually either liquid or not liquid. It cannot be a bit more or less liquid.,You can find (a/an) knife which is sharp. (A/an) knife is usually either sharp or not sharp. It cannot be a bit more or less sharp.,5_scalar_heat-set_extension_full_range,https://app.prolific.co/submissions/complete?cc=135DD3C8,Agree or disagree (run5_scalar_heat-set_extension_full_range-experiment_scalar-batch1-70-70),410466,6a366314-895f-445e-8187-c2b51a5761d0,2021-02-11 15:02:17,506.867,2021-02-11 13:55:38.597000,2021-02-11 14:04:05.464000,6.0,false,variability_limited,warm,vapor,../data/prolific_output/run5_scalar_heat-group_scalar_heat/qu70-s_qu3-batch1.csv
qu70-s_qu3-batch1.csv-1,1,NOT AVAILABLE,NOT AVAILABLE,f2b79ec4-328b-4811-ad4e-e541da2cb058,PROLIFIC,11-Feb-2021 14:15:16,1173,46463,a24789a5-cd1c-435d-86b0-8020845e2c9f,``Vapor'' is one of the first things which come to mind when I hear ``warm' because (a/an) vapor is a typical example of things which are warm'. ,``Snow'' is one of the first things which come to mind when I hear ``white' because (a/an) snow is a typical example of things which are white'. ,``Water'' is one of the first things which come to mind when I hear ``grey' because (a/an) water is a typical example of things which are grey'. ,5_scalar_heat-set_extension_full_range,https://app.prolific.co/submissions/complete?cc=135DD3C8,Agree or disagree (run5_scalar_heat-set_extension_full_range-experiment_scalar-batch1-70-70),409546,5f700302-b824-41bb-af5a-e83c30c0bd3b,2021-02-11 14:15:16,538.269,2021-02-11 13:10:15.124000,2021-02-11 13:19:13.393000,2.0,true,typical_of_property,warm,vapor,../data/prolific_output/run5_scalar_heat-group_scalar_heat/qu70-s_qu3-batch1.csv
qu70-s_qu3-batch1.csv-1,1,NOT AVAILABLE,NOT AVAILABLE,011937c5-478d-4bcd-af78-a9232b3a0158,PROLIFIC,11-Feb-2021 15:43:25,1173,46463,a24789a5-cd1c-435d-86b0-8020845e2c9f,``Vapor'' is one of the first things which come to mind when I hear ``warm' because (a/an) vapor is a typical example of things which are warm'. ,``Snow'' is one of the first things which come to mind when I hear ``white' because (a/an) snow is a typical example of things which are white'. ,``Water'' is one of the first things which come to mind when I hear ``grey' because (a/an) water is a typical example of things which are grey'. ,5_scalar_heat-set_extension_full_range,https://app.prolific.co/submissions/complete?cc=135DD3C8,Agree or disagree (run5_scalar_heat-set_extension_full_range-experiment_scalar-batch1-70-70),410678,d6d4de8c-7586-491c-ae94-da7a1a8a2194,2021-02-11 15:43:25,1856.165,2021-02-11 14:14:37.373000,2021-02-11 14:45:33.538000,6.0,false,typical_of_property,warm,vapor,../data/prolific_output/run5_scalar_heat-group_scalar_heat/qu70-s_qu3-batch1.csv
qu70-s_qu3-batch1.csv-1,1,NOT AVAILABLE,NOT AVAILABLE,8713bc47-83eb-4eb4-a7fb-ac15b44a0c3a,PROLIFIC,11-Feb-2021 13:57:32,1173,46463,a24789a5-cd1c-435d-86b0-8020845e2c9f,``Vapor'' is one of the first things which come to mind when I hear ``warm' because (a/an) vapor is a typical example of things which are warm'. ,``Snow'' is one of the first things which come to mind when I hear ``white' because (a/an) snow is a typical example of things which are white'. ,``Water'' is one of the first things which come to mind when I hear ``grey' because (a/an) water is a typical example of things which are grey'. ,5_scalar_heat-set_extension_full_range,https://app.prolific.co/submissions/complete?cc=135DD3C8,Agree or disagree (run5_scalar_heat-set_extension_full_range-experiment_scalar-batch1-70-70),409029,d2d770f1-77c8-4103-ae81-ae2586692a19,2021-02-11 13:57:32,627.838,2021-02-11 12:52:40.305000,2021-02-11 13:03:08.143000,4.0,false,typical_of_property,warm,vapor,../data/prolific_output/run5_scalar_heat-group_scalar_heat/qu70-s_qu3-batch1.csv
qu70-s_qu3-batch1.csv-1,1,NOT AVAILABLE,NOT AVAILABLE,44d44641-22cf-456b-99ee-e83419d5c276,PROLIFIC,11-Feb-2021 14:10:12,1173,46463,a24789a5-cd1c-435d-86b0-8020845e2c9f,``Vapor'' is one of the first things which come to mind when I hear ``warm' because (a/an) vapor is a typical example of things which are warm'. ,``Snow'' is one of the first things which come to mind when I hear ``white' because (a/an) snow is a typical example of things which are white'. ,``Water'' is one of the first things which come to mind when I hear ``grey' because (a/an) water is a typical example of things which are grey'. ,5_scalar_heat-set_extension_full_range,https://app.prolific.co/submissions/complete?cc=135DD3C8,Agree or disagree (run5_scalar_heat-set_extension_full_range-experiment_scalar-batch1-70-70),409363,034c7f1e-6ab3-46cb-b45f-90153579afb7,2021-02-11 14:10:12,305.684,2021-02-11 13:05:35.161000,2021-02-11 13:10:40.845000,6.0,false,typical_of_property,warm,vapor,../data/prolific_output/run5_scalar_heat-group_scalar_heat/qu70-s_qu3-batch1.csv
qu70-s_qu3-batch1.csv-1,1,NOT AVAILABLE,NOT AVAILABLE,01eeb5d1-2a5f-45c4-ba39-ddbf24954839,PROLIFIC,11-Feb-2021 14:51:07,1173,46463,a24789a5-cd1c-435d-86b0-8020845e2c9f,``Vapor'' is one of the first things which come to mind when I hear ``warm' because (a/an) vapor is a typical example of things which are warm'. ,``Snow'' is one of the first things which come to mind when I hear ``white' because (a/an) snow is a typical example of things which are white'. ,``Water'' is one of the first things which come to mind when I hear ``grey' because (a/an) water is a typical example of things which are grey'. ,5_scalar_heat-set_extension_full_range,https://app.prolific.co/submissions/complete?cc=135DD3C8,Agree or disagree (run5_scalar_heat-set_extension_full_range-experiment_scalar-batch1-70-70),410243,6581301c-0162-4f3b-b68a-ab99ae0a7bbf,2021-02-11 14:51:07,814.511,2021-02-11 13:43:15.871000,2021-02-11 13:56:50.382000,4.0,true,typical_of_property,warm,vapor,../data/prolific_output/run5_scalar_heat-group_scalar_heat/qu70-s_qu3-batch1.csv
qu70-s_qu3-batch1.csv-1,1,NOT AVAILABLE,NOT AVAILABLE,4d7f576e-160c-4416-8a0b-7548a4d8bb97,PROLIFIC,11-Feb-2021 14:17:52,1173,46463,a24789a5-cd1c-435d-86b0-8020845e2c9f,``Vapor'' is one of the first things which come to mind when I hear ``warm' because (a/an) vapor is a typical example of things which are warm'. ,``Snow'' is one of the first things which come to mind when I hear ``white' because (a/an) snow is a typical example of things which are white'. ,``Water'' is one of the first things which come to mind when I hear ``grey' because (a/an) water is a typical example of things which are grey'. ,5_scalar_heat-set_extension_full_range,https://app.prolific.co/submissions/complete?cc=135DD3C8,Agree or disagree (run5_scalar_heat-set_extension_full_range-experiment_scalar-batch1-70-70),409673,b712ed2c-c2f5-4407-a6c7-1137ad8c9804,2021-02-11 14:17:52,419.382,2021-02-11 13:13:40.482000,2021-02-11 13:20:39.864000,5.0,false,typical_of_property,warm,vapor,../data/prolific_output/run5_scalar_heat-group_scalar_heat/qu70-s_qu3-batch1.csv
qu70-s_qu3-batch1.csv-1,1,NOT AVAILABLE,NOT AVAILABLE,3c6e8c47-52b6-40dc-912b-32b6599fd0ce,PROLIFIC,11-Feb-2021 13:57:46,1173,46463,a24789a5-cd1c-435d-86b0-8020845e2c9f,``Vapor'' is one of the first things which come to mind when I hear ``warm' because (a/an) vapor is a typical example of things which are warm'. ,``Snow'' is one of the first things which come to mind when I hear ``white' because (a/an) snow is a typical example of things which are white'. ,``Water'' is one of the first things which come to mind when I hear ``grey' because (a/an) water is a typical example of things which are grey'. ,5_scalar_heat-set_extension_full_range,https://app.prolific.co/submissions/complete?cc=135DD3C8,Agree or disagree (run5_scalar_heat-set_extension_full_range-experiment_scalar-batch1-70-70),409039,886fa89c-1626-4da4-9685-4a9ada63e3b3,2021-02-11 13:57:46,756.898,2021-02-11 12:49:10.608000,2021-02-11 13:01:47.506000,5.0,false,typical_of_property,warm,vapor,../data/prolific_output/run5_scalar_heat-group_scalar_heat/qu70-s_qu3-batch1.csv
qu70-s_qu3-batch1.csv-1,1,NOT AVAILABLE,NOT AVAILABLE,df22a112-e62a-4607-8c70-d22a89b1a7d6,PROLIFIC,11-Feb-2021 14:27:47,1173,46463,a24789a5-cd1c-435d-86b0-8020845e2c9f,``Vapor'' is one of the first things which come to mind when I hear ``warm' because (a/an) vapor is a typical example of things which are warm'. ,``Snow'' is one of the first things which come to mind when I hear ``white' because (a/an) snow is a typical example of things which are white'. ,``Water'' is one of the first things which come to mind when I hear ``grey' because (a/an) water is a typical example of things which are grey'. ,5_scalar_heat-set_extension_full_range,https://app.prolific.co/submissions/complete?cc=135DD3C8,Agree or disagree (run5_scalar_heat-set_extension_full_range-experiment_scalar-batch1-70-70),409876,b24ce79c-8a60-453d-895a-40f6510a6a84,2021-02-11 14:27:47,1418.922,2021-02-11 13:25:09.172000,2021-02-11 13:48:48.094000,29.0,false,typical_of_property,warm,vapor,../data/prolific_output/run5_scalar_heat-group_scalar_heat/qu70-s_qu3-batch1.csv
qu70-s_qu3-batch1.csv-1,1,NOT AVAILABLE,NOT AVAILABLE,ba2e5d60-1be5-4160-8883-d9dc1d2a590c,PROLIFIC,11-Feb-2021 14:57:34,1173,46463,a24789a5-cd1c-435d-86b0-8020845e2c9f,``Vapor'' is one of the first things which come to mind when I hear ``warm' because (a/an) vapor is a typical example of things which are warm'. ,``Snow'' is one of the first things which come to mind when I hear ``white' because (a/an) snow is a typical example of things which are white'. ,``Water'' is one of the first things which come to mind when I hear ``grey' because (a/an) water is a typical example of things which are grey'. ,5_scalar_heat-set_extension_full_range,https://app.prolific.co/submissions/complete?cc=135DD3C8,Agree or disagree (run5_scalar_heat-set_extension_full_range-experiment_scalar-batch1-70-70),410404,561028fd-44e8-4734-a340-1c62312a241b,2021-02-11 14:57:34,506.867,2021-02-11 13:55:38.597000,2021-02-11 14:04:05.464000,7.0,true,typical_of_property,warm,vapor,../data/prolific_output/run5_scalar_heat-group_scalar_heat/qu70-s_qu3-batch1.csv
qu70-s_qu3-batch1.csv-1,1,NOT AVAILABLE,NOT AVAILABLE,f2b79ec4-328b-4811-ad4e-e541da2cb058,PROLIFIC,11-Feb-2021 14:16:02,1173,46464,30413bd3-a69a-4736-8c3d-4de31ef6f7a9,I know that being warm is necessary for many things (a/an) vapor does or is used for. ,I know that being sharp is necessary for many things (a/an) razor does or is used for. ,I know that being colorful is necessary for many things (a/an) dress does or is used for. ,5_scalar_heat-set_extension_full_range,https://app.prolific.co/submissions/complete?cc=135DD3C8,Agree or disagree (run5_scalar_heat-set_extension_full_range-experiment_scalar-batch1-70-70),409592,e7c7bf56-4539-41eb-99ca-213e69dcacd0,2021-02-11 14:16:02,538.269,2021-02-11 13:10:15.124000,2021-02-11 13:19:13.393000,4.0,true,affording_activity,warm,vapor,../data/prolific_output/run5_scalar_heat-group_scalar_heat/qu70-s_qu3-batch1.csv
qu70-s_qu3-batch1.csv-1,1,NOT AVAILABLE,NOT AVAILABLE,011937c5-478d-4bcd-af78-a9232b3a0158,PROLIFIC,11-Feb-2021 15:44:36,1173,46464,30413bd3-a69a-4736-8c3d-4de31ef6f7a9,I know that being warm is necessary for many things (a/an) vapor does or is used for. ,I know that being sharp is necessary for many things (a/an) razor does or is used for. ,I know that being colorful is necessary for many things (a/an) dress does or is used for. ,5_scalar_heat-set_extension_full_range,https://app.prolific.co/submissions/complete?cc=135DD3C8,Agree or disagree (run5_scalar_heat-set_extension_full_range-experiment_scalar-batch1-70-70),410693,56e81e54-1860-4ca8-8652-49d30457d507,2021-02-11 15:44:36,1856.165,2021-02-11 14:14:37.373000,2021-02-11 14:45:33.538000,2.0,true,affording_activity,warm,vapor,../data/prolific_output/run5_scalar_heat-group_scalar_heat/qu70-s_qu3-batch1.csv
qu70-s_qu3-batch1.csv-1,1,NOT AVAILABLE,NOT AVAILABLE,8713bc47-83eb-4eb4-a7fb-ac15b44a0c3a,PROLIFIC,11-Feb-2021 14:00:57,1173,46464,30413bd3-a69a-4736-8c3d-4de31ef6f7a9,I know that being warm is necessary for many things (a/an) vapor does or is used for. ,I know that being sharp is necessary for many things (a/an) razor does or is used for. ,I know that being colorful is necessary for many things (a/an) dress does or is used for. ,5_scalar_heat-set_extension_full_range,https://app.prolific.co/submissions/complete?cc=135DD3C8,Agree or disagree (run5_scalar_heat-set_extension_full_range-experiment_scalar-batch1-70-70),409147,a454318b-0b1a-4d57-884f-e1cffa134610,2021-02-11 14:00:57,627.838,2021-02-11 12:52:40.305000,2021-02-11 13:03:08.143000,33.0,true,affording_activity,warm,vapor,../data/prolific_output/run5_scalar_heat-group_scalar_heat/qu70-s_qu3-batch1.csv
qu70-s_qu3-batch1.csv-1,1,NOT AVAILABLE,NOT AVAILABLE,44d44641-22cf-456b-99ee-e83419d5c276,PROLIFIC,11-Feb-2021 14:10:24,1173,46464,30413bd3-a69a-4736-8c3d-4de31ef6f7a9,I know that being warm is necessary for many things (a/an) vapor does or is used for. ,I know that being sharp is necessary for many things (a/an) razor does or is used for. ,I know that being colorful is necessary for many things (a/an) dress does or is used for. ,5_scalar_heat-set_extension_full_range,https://app.prolific.co/submissions/complete?cc=135DD3C8,Agree or disagree (run5_scalar_heat-set_extension_full_range-experiment_scalar-batch1-70-70),409373,cdbda3b3-7837-4f49-98a4-0dc8db561236,2021-02-11 14:10:24,305.684,2021-02-11 13:05:35.161000,2021-02-11 13:10:40.845000,1.0,false,affording_activity,warm,vapor,../data/prolific_output/run5_scalar_heat-group_scalar_heat/qu70-s_qu3-batch1.csv
qu70-s_qu3-batch1.csv-1,1,NOT AVAILABLE,NOT AVAILABLE,01eeb5d1-2a5f-45c4-ba39-ddbf24954839,PROLIFIC,11-Feb-2021 14:50:56,1173,46464,30413bd3-a69a-4736-8c3d-4de31ef6f7a9,I know that being warm is necessary for many things (a/an) vapor does or is used for. ,I know that being sharp is necessary for many things (a/an) razor does or is used for. ,I know that being colorful is necessary for many things (a/an) dress does or is used for. ,5_scalar_heat-set_extension_full_range,https://app.prolific.co/submissions/complete?cc=135DD3C8,Agree or disagree (run5_scalar_heat-set_extension_full_range-experiment_scalar-batch1-70-70),410241,344220a7-0f90-4f5c-83d4-eee11b88d32b,2021-02-11 14:50:56,814.511,2021-02-11 13:43:15.871000,2021-02-11 13:56:50.382000,6.0,true,affording_activity,warm,vapor,../data/prolific_output/run5_scalar_heat-group_scalar_heat/qu70-s_qu3-batch1.csv
qu70-s_qu3-batch1.csv-1,1,NOT AVAILABLE,NOT AVAILABLE,4d7f576e-160c-4416-8a0b-7548a4d8bb97,PROLIFIC,11-Feb-2021 14:16:20,1173,46464,30413bd3-a69a-4736-8c3d-4de31ef6f7a9,I know that being warm is necessary for many things (a/an) vapor does or is used for. ,I know that being sharp is necessary for many things (a/an) razor does or is used for. ,I know that being colorful is necessary for many things (a/an) dress does or is used for. ,5_scalar_heat-set_extension_full_range,https://app.prolific.co/submissions/complete?cc=135DD3C8,Agree or disagree (run5_scalar_heat-set_extension_full_range-experiment_scalar-batch1-70-70),409609,5fa374bc-07d5-40c3-b498-5d54acaf8d7a,2021-02-11 14:16:20,419.382,2021-02-11 13:13:40.482000,2021-02-11 13:20:39.864000,8.0,true,affording_activity,warm,vapor,../data/prolific_output/run5_scalar_heat-group_scalar_heat/qu70-s_qu3-batch1.csv
qu70-s_qu3-batch1.csv-1,1,NOT AVAILABLE,NOT AVAILABLE,3c6e8c47-52b6-40dc-912b-32b6599fd0ce,PROLIFIC,11-Feb-2021 13:53:39,1173,46464,30413bd3-a69a-4736-8c3d-4de31ef6f7a9,I know that being warm is necessary for many things (a/an) vapor does or is used for. ,I know that being sharp is necessary for many things (a/an) razor does or is used for. ,I know that being colorful is necessary for many things (a/an) dress does or is used for. ,5_scalar_heat-set_extension_full_range,https://app.prolific.co/submissions/complete?cc=135DD3C8,Agree or disagree (run5_scalar_heat-set_extension_full_range-experiment_scalar-batch1-70-70),408876,c26fd39c-c145-4f88-bea0-54cb5c2727d0,2021-02-11 13:53:39,756.898,2021-02-11 12:49:10.608000,2021-02-11 13:01:47.506000,5.0,false,affording_activity,warm,vapor,../data/prolific_output/run5_scalar_heat-group_scalar_heat/qu70-s_qu3-batch1.csv
qu70-s_qu3-batch1.csv-1,1,NOT AVAILABLE,NOT AVAILABLE,df22a112-e62a-4607-8c70-d22a89b1a7d6,PROLIFIC,11-Feb-2021 14:37:47,1173,46464,30413bd3-a69a-4736-8c3d-4de31ef6f7a9,I know that being warm is necessary for many things (a/an) vapor does or is used for. ,I know that being sharp is necessary for many things (a/an) razor does or is used for. ,I know that being colorful is necessary for many things (a/an) dress does or is used for. ,5_scalar_heat-set_extension_full_range,https://app.prolific.co/submissions/complete?cc=135DD3C8,Agree or disagree (run5_scalar_heat-set_extension_full_range-experiment_scalar-batch1-70-70),410069,db720540-24cf-4c6c-b4e4-5cc8277a8909,2021-02-11 14:37:47,1418.922,2021-02-11 13:25:09.172000,2021-02-11 13:48:48.094000,3.0,false,affording_activity,warm,vapor,../data/prolific_output/run5_scalar_heat-group_scalar_heat/qu70-s_qu3-batch1.csv
qu70-s_qu3-batch1.csv-1,1,NOT AVAILABLE,NOT AVAILABLE,ba2e5d60-1be5-4160-8883-d9dc1d2a590c,PROLIFIC,11-Feb-2021 15:00:54,1173,46464,30413bd3-a69a-4736-8c3d-4de31ef6f7a9,I know that being warm is necessary for many things (a/an) vapor does or is used for. ,I know that being sharp is necessary for many things (a/an) razor does or is used for. ,I know that being colorful is necessary for many things (a/an) dress does or is used for. ,5_scalar_heat-set_extension_full_range,https://app.prolific.co/submissions/complete?cc=135DD3C8,Agree or disagree (run5_scalar_heat-set_extension_full_range-experiment_scalar-batch1-70-70),410449,77bf9478-18f7-4ef7-a442-fdf9be141b1e,2021-02-11 15:00:54,506.867,2021-02-11 13:55:38.597000,2021-02-11 14:04:05.464000,4.0,true,affording_activity,warm,vapor,../data/prolific_output/run5_scalar_heat-group_scalar_heat/qu70-s_qu3-batch1.csv
qu70-s_qu3-batch1.csv-1,1,NOT AVAILABLE,NOT AVAILABLE,f2b79ec4-328b-4811-ad4e-e541da2cb058,PROLIFIC,11-Feb-2021 14:11:49,1173,46465,22064fa0-7320-486c-a131-63c84e56a819,I know that being warm is necessary for many things (a/an) heating does or is used for. ,I know that being pointy is necessary for many things (a/an) needle does or is used for. ,I know that being white is necessary for many things (a/an) t-shirt does or is used for. ,5_scalar_heat-set_extension_full_range,https://app.prolific.co/submissions/complete?cc=135DD3C8,Agree or disagree (run5_scalar_heat-set_extension_full_range-experiment_scalar-batch1-70-70),409422,89027b3a-2b55-4c29-a9fc-0b3fc1250780,2021-02-11 14:11:49,538.269,2021-02-11 13:10:15.124000,2021-02-11 13:19:13.393000,2.0,true,affording_activity,warm,heating,../data/prolific_output/run5_scalar_heat-group_scalar_heat/qu70-s_qu3-batch1.csv
qu70-s_qu3-batch1.csv-1,1,NOT AVAILABLE,NOT AVAILABLE,011937c5-478d-4bcd-af78-a9232b3a0158,PROLIFIC,11-Feb-2021 15:33:20,1173,46465,22064fa0-7320-486c-a131-63c84e56a819,I know that being warm is necessary for many things (a/an) heating does or is used for. ,I know that being pointy is necessary for many things (a/an) needle does or is used for. ,I know that being white is necessary for many things (a/an) t-shirt does or is used for. ,5_scalar_heat-set_extension_full_range,https://app.prolific.co/submissions/complete?cc=135DD3C8,Agree or disagree (run5_scalar_heat-set_extension_full_range-experiment_scalar-batch1-70-70),410630,b628b6c2-1edc-4184-a8bc-11ef03d3aa2a,2021-02-11 15:33:20,1856.165,2021-02-11 14:14:37.373000,2021-02-11 14:45:33.538000,3.0,true,affording_activity,warm,heating,../data/prolific_output/run5_scalar_heat-group_scalar_heat/qu70-s_qu3-batch1.csv
qu70-s_qu3-batch1.csv-1,1,NOT AVAILABLE,NOT AVAILABLE,8713bc47-83eb-4eb4-a7fb-ac15b44a0c3a,PROLIFIC,11-Feb-2021 14:02:52,1173,46465,22064fa0-7320-486c-a131-63c84e56a819,I know that being warm is necessary for many things (a/an) heating does or is used for. ,I know that being pointy is necessary for many things (a/an) needle does or is used for. ,I know that being white is necessary for many things (a/an) t-shirt does or is used for. ,5_scalar_heat-set_extension_full_range,https://app.prolific.co/submissions/complete?cc=135DD3C8,Agree or disagree (run5_scalar_heat-set_extension_full_range-experiment_scalar-batch1-70-70),409182,47aaba47-943b-4746-9da8-cac166e1fe8c,2021-02-11 14:02:52,627.838,2021-02-11 12:52:40.305000,2021-02-11 13:03:08.143000,3.0,true,affording_activity,warm,heating,../data/prolific_output/run5_scalar_heat-group_scalar_heat/qu70-s_qu3-batch1.csv
qu70-s_qu3-batch1.csv-1,1,NOT AVAILABLE,NOT AVAILABLE,44d44641-22cf-456b-99ee-e83419d5c276,PROLIFIC,11-Feb-2021 14:07:50,1173,46465,22064fa0-7320-486c-a131-63c84e56a819,I know that being warm is necessary for many things (a/an) heating does or is used for. ,I know that being pointy is necessary for many things (a/an) needle does or is used for. ,I know that being white is necessary for many things (a/an) t-shirt does or is used for. ,5_scalar_heat-set_extension_full_range,https://app.prolific.co/submissions/complete?cc=135DD3C8,Agree or disagree (run5_scalar_heat-set_extension_full_range-experiment_scalar-batch1-70-70),409277,0b68de39-2531-4770-a17a-3ad3fc115e54,2021-02-11 14:07:50,305.684,2021-02-11 13:05:35.161000,2021-02-11 13:10:40.845000,3.0,true,affording_activity,warm,heating,../data/prolific_output/run5_scalar_heat-group_scalar_heat/qu70-s_qu3-batch1.csv
qu70-s_qu3-batch1.csv-1,1,NOT AVAILABLE,NOT AVAILABLE,01eeb5d1-2a5f-45c4-ba39-ddbf24954839,PROLIFIC,11-Feb-2021 14:52:40,1173,46465,22064fa0-7320-486c-a131-63c84e56a819,I know that being warm is necessary for many things (a/an) heating does or is used for. ,I know that being pointy is necessary for many things (a/an) needle does or is used for. ,I know that being white is necessary for many things (a/an) t-shirt does or is used for. ,5_scalar_heat-set_extension_full_range,https://app.prolific.co/submissions/complete?cc=135DD3C8,Agree or disagree (run5_scalar_heat-set_extension_full_range-experiment_scalar-batch1-70-70),410262,ab485c55-d19b-40c0-9777-0e6321a18cca,2021-02-11 14:52:40,814.511,2021-02-11 13:43:15.871000,2021-02-11 13:56:50.382000,6.0,true,affording_activity,warm,heating,../data/prolific_output/run5_scalar_heat-group_scalar_heat/qu70-s_qu3-batch1.csv
qu70-s_qu3-batch1.csv-1,1,NOT AVAILABLE,NOT AVAILABLE,4d7f576e-160c-4416-8a0b-7548a4d8bb97,PROLIFIC,11-Feb-2021 14:15:16,1173,46465,22064fa0-7320-486c-a131-63c84e56a819,I know that being warm is necessary for many things (a/an) heating does or is used for. ,I know that being pointy is necessary for many things (a/an) needle does or is used for. ,I know that being white is necessary for many things (a/an) t-shirt does or is used for. ,5_scalar_heat-set_extension_full_range,https://app.prolific.co/submissions/complete?cc=135DD3C8,Agree or disagree (run5_scalar_heat-set_extension_full_range-experiment_scalar-batch1-70-70),409547,913da067-e0ea-4f7f-b8ef-e34270e5030a,2021-02-11 14:15:16,419.382,2021-02-11 13:13:40.482000,2021-02-11 13:20:39.864000,5.0,true,affording_activity,warm,heating,../data/prolific_output/run5_scalar_heat-group_scalar_heat/qu70-s_qu3-batch1.csv
qu70-s_qu3-batch1.csv-1,1,NOT AVAILABLE,NOT AVAILABLE,3c6e8c47-52b6-40dc-912b-32b6599fd0ce,PROLIFIC,11-Feb-2021 13:59:08,1173,46465,22064fa0-7320-486c-a131-63c84e56a819,I know that being warm is necessary for many things (a/an) heating does or is used for. ,I know that being pointy is necessary for many things (a/an) needle does or is used for. ,I know that being white is necessary for many things (a/an) t-shirt does or is used for. ,5_scalar_heat-set_extension_full_range,https://app.prolific.co/submissions/complete?cc=135DD3C8,Agree or disagree (run5_scalar_heat-set_extension_full_range-experiment_scalar-batch1-70-70),409097,b07c1cb5-2bc5-4f98-b305-7b6e16971cc2,2021-02-11 13:59:08,756.898,2021-02-11 12:49:10.608000,2021-02-11 13:01:47.506000,3.0,true,affording_activity,warm,heating,../data/prolific_output/run5_scalar_heat-group_scalar_heat/qu70-s_qu3-batch1.csv
qu70-s_qu3-batch1.csv-1,1,NOT AVAILABLE,NOT AVAILABLE,df22a112-e62a-4607-8c70-d22a89b1a7d6,PROLIFIC,11-Feb-2021 14:46:51,1173,46465,22064fa0-7320-486c-a131-63c84e56a819,I know that being warm is necessary for many things (a/an) heating does or is used for. ,I know that being pointy is necessary for many things (a/an) needle does or is used for. ,I know that being white is necessary for many things (a/an) t-shirt does or is used for. ,5_scalar_heat-set_extension_full_range,https://app.prolific.co/submissions/complete?cc=135DD3C8,Agree or disagree (run5_scalar_heat-set_extension_full_range-experiment_scalar-batch1-70-70),410164,70fc5eab-5549-419c-a509-aa2ca49e10cb,2021-02-11 14:46:51,1418.922,2021-02-11 13:25:09.172000,2021-02-11 13:48:48.094000,4.0,true,affording_activity,warm,heating,../data/prolific_output/run5_scalar_heat-group_scalar_heat/qu70-s_qu3-batch1.csv
qu70-s_qu3-batch1.csv-1,1,NOT AVAILABLE,NOT AVAILABLE,ba2e5d60-1be5-4160-8883-d9dc1d2a590c,PROLIFIC,11-Feb-2021 15:02:26,1173,46465,22064fa0-7320-486c-a131-63c84e56a819,I know that being warm is necessary for many things (a/an) heating does or is used for. ,I know that being pointy is necessary for many things (a/an) needle does or is used for. ,I know that being white is necessary for many things (a/an) t-shirt does or is used for. ,5_scalar_heat-set_extension_full_range,https://app.prolific.co/submissions/complete?cc=135DD3C8,Agree or disagree (run5_scalar_heat-set_extension_full_range-experiment_scalar-batch1-70-70),410469,34917a12-4537-4b2a-8bba-d38177a5aeb6,2021-02-11 15:02:26,506.867,2021-02-11 13:55:38.597000,2021-02-11 14:04:05.464000,4.0,true,affording_activity,warm,heating,../data/prolific_output/run5_scalar_heat-group_scalar_heat/qu70-s_qu3-batch1.csv
qu70-s_qu3-batch1.csv-1,1,NOT AVAILABLE,NOT AVAILABLE,f2b79ec4-328b-4811-ad4e-e541da2cb058,PROLIFIC,11-Feb-2021 14:16:05,1173,46466,da8d69e3-d617-4b93-ac72-836af843f158,"You can find (a/an) heating which is warm. (A/an) heating is usually either warm, a bit more or less warm or the opposite of warm.","You can find (a/an) knife which is sharp. (A/an) knife is usually either sharp, a bit more or less sharp or the opposite of sharp.","You can find (a/an) substance which is solid. (A/an) substance is usually either solid, a bit more or less solid or the opposite of solid.",5_scalar_heat-set_extension_full_range,https://app.prolific.co/submissions/complete?cc=135DD3C8,Agree or disagree (run5_scalar_heat-set_extension_full_range-experiment_scalar-batch1-70-70),409597,b524aba6-69a9-4473-b0d3-b3db574bb8ab,2021-02-11 14:16:05,538.269,2021-02-11 13:10:15.124000,2021-02-11 13:19:13.393000,3.0,true,variability_open,warm,heating,../data/prolific_output/run5_scalar_heat-group_scalar_heat/qu70-s_qu3-batch1.csv
qu70-s_qu3-batch1.csv-1,1,NOT AVAILABLE,NOT AVAILABLE,011937c5-478d-4bcd-af78-a9232b3a0158,PROLIFIC,11-Feb-2021 15:32:59,1173,46466,da8d69e3-d617-4b93-ac72-836af843f158,"You can find (a/an) heating which is warm. (A/an) heating is usually either warm, a bit more or less warm or the opposite of warm.","You can find (a/an) knife which is sharp. (A/an) knife is usually either sharp, a bit more or less sharp or the opposite of sharp.","You can find (a/an) substance which is solid. (A/an) substance is usually either solid, a bit more or less solid or the opposite of solid.",5_scalar_heat-set_extension_full_range,https://app.prolific.co/submissions/complete?cc=135DD3C8,Agree or disagree (run5_scalar_heat-set_extension_full_range-experiment_scalar-batch1-70-70),410625,42a5297a-2cbc-493d-bb91-5f9357f4e2d6,2021-02-11 15:32:59,1856.165,2021-02-11 14:14:37.373000,2021-02-11 14:45:33.538000,24.0,false,variability_open,warm,heating,../data/prolific_output/run5_scalar_heat-group_scalar_heat/qu70-s_qu3-batch1.csv
qu70-s_qu3-batch1.csv-1,1,NOT AVAILABLE,NOT AVAILABLE,8713bc47-83eb-4eb4-a7fb-ac15b44a0c3a,PROLIFIC,11-Feb-2021 13:59:28,1173,46466,da8d69e3-d617-4b93-ac72-836af843f158,"You can find (a/an) heating which is warm. (A/an) heating is usually either warm, a bit more or less warm or the opposite of warm.","You can find (a/an) knife which is sharp. (A/an) knife is usually either sharp, a bit more or less sharp or the opposite of sharp.","You can find (a/an) substance which is solid. (A/an) substance is usually either solid, a bit more or less solid or the opposite of solid.",5_scalar_heat-set_extension_full_range,https://app.prolific.co/submissions/complete?cc=135DD3C8,Agree or disagree (run5_scalar_heat-set_extension_full_range-experiment_scalar-batch1-70-70),409110,be55ea5f-97c5-41e8-b9bb-95eaa97a525e,2021-02-11 13:59:28,627.838,2021-02-11 12:52:40.305000,2021-02-11 13:03:08.143000,4.0,false,variability_open,warm,heating,../data/prolific_output/run5_scalar_heat-group_scalar_heat/qu70-s_qu3-batch1.csv
qu70-s_qu3-batch1.csv-1,1,NOT AVAILABLE,NOT AVAILABLE,44d44641-22cf-456b-99ee-e83419d5c276,PROLIFIC,11-Feb-2021 14:09:48,1173,46466,da8d69e3-d617-4b93-ac72-836af843f158,"You can find (a/an) heating which is warm. (A/an) heating is usually either warm, a bit more or less warm or the opposite of warm.","You can find (a/an) knife which is sharp. (A/an) knife is usually either sharp, a bit more or less sharp or the opposite of sharp.","You can find (a/an) substance which is solid. (A/an) substance is usually either solid, a bit more or less solid or the opposite of solid.",5_scalar_heat-set_extension_full_range,https://app.prolific.co/submissions/complete?cc=135DD3C8,Agree or disagree (run5_scalar_heat-set_extension_full_range-experiment_scalar-batch1-70-70),409353,c4735a03-832d-4262-939c-1bd6bf4b0948,2021-02-11 14:09:48,305.684,2021-02-11 13:05:35.161000,2021-02-11 13:10:40.845000,6.0,true,variability_open,warm,heating,../data/prolific_output/run5_scalar_heat-group_scalar_heat/qu70-s_qu3-batch1.csv
qu70-s_qu3-batch1.csv-1,1,NOT AVAILABLE,NOT AVAILABLE,01eeb5d1-2a5f-45c4-ba39-ddbf24954839,PROLIFIC,11-Feb-2021 14:47:52,1173,46466,da8d69e3-d617-4b93-ac72-836af843f158,"You can find (a/an) heating which is warm. (A/an) heating is usually either warm, a bit more or less warm or the opposite of warm.","You can find (a/an) knife which is sharp. (A/an) knife is usually either sharp, a bit more or less sharp or the opposite of sharp.","You can find (a/an) substance which is solid. (A/an) substance is usually either solid, a bit more or less solid or the opposite of solid.",5_scalar_heat-set_extension_full_range,https://app.prolific.co/submissions/complete?cc=135DD3C8,Agree or disagree (run5_scalar_heat-set_extension_full_range-experiment_scalar-batch1-70-70),410194,6b778a7d-249e-4a63-980a-9cb3af48bb0a,2021-02-11 14:47:52,814.511,2021-02-11 13:43:15.871000,2021-02-11 13:56:50.382000,19.0,true,variability_open,warm,heating,../data/prolific_output/run5_scalar_heat-group_scalar_heat/qu70-s_qu3-batch1.csv
qu70-s_qu3-batch1.csv-1,1,NOT AVAILABLE,NOT AVAILABLE,4d7f576e-160c-4416-8a0b-7548a4d8bb97,PROLIFIC,11-Feb-2021 14:14:42,1173,46466,da8d69e3-d617-4b93-ac72-836af843f158,"You can find (a/an) heating which is warm. (A/an) heating is usually either warm, a bit more or less warm or the opposite of warm.","You can find (a/an) knife which is sharp. (A/an) knife is usually either sharp, a bit more or less sharp or the opposite of sharp.","You can find (a/an) substance which is solid. (A/an) substance is usually either solid, a bit more or less solid or the opposite of solid.",5_scalar_heat-set_extension_full_range,https://app.prolific.co/submissions/complete?cc=135DD3C8,Agree or disagree (run5_scalar_heat-set_extension_full_range-experiment_scalar-batch1-70-70),409517,35da0f64-4238-46c2-8d93-4f95ff3dcc09,2021-02-11 14:14:42,419.382,2021-02-11 13:13:40.482000,2021-02-11 13:20:39.864000,7.0,true,variability_open,warm,heating,../data/prolific_output/run5_scalar_heat-group_scalar_heat/qu70-s_qu3-batch1.csv
qu70-s_qu3-batch1.csv-1,1,NOT AVAILABLE,NOT AVAILABLE,3c6e8c47-52b6-40dc-912b-32b6599fd0ce,PROLIFIC,11-Feb-2021 13:58:36,1173,46466,da8d69e3-d617-4b93-ac72-836af843f158,"You can find (a/an) heating which is warm. (A/an) heating is usually either warm, a bit more or less warm or the opposite of warm.","You can find (a/an) knife which is sharp. (A/an) knife is usually either sharp, a bit more or less sharp or the opposite of sharp.","You can find (a/an) substance which is solid. (A/an) substance is usually either solid, a bit more or less solid or the opposite of solid.",5_scalar_heat-set_extension_full_range,https://app.prolific.co/submissions/complete?cc=135DD3C8,Agree or disagree (run5_scalar_heat-set_extension_full_range-experiment_scalar-batch1-70-70),409074,5ef2b5b3-8f76-4226-80db-b861df772706,2021-02-11 13:58:36,756.898,2021-02-11 12:49:10.608000,2021-02-11 13:01:47.506000,7.0,false,variability_open,warm,heating,../data/prolific_output/run5_scalar_heat-group_scalar_heat/qu70-s_qu3-batch1.csv
qu70-s_qu3-batch1.csv-1,1,NOT AVAILABLE,NOT AVAILABLE,df22a112-e62a-4607-8c70-d22a89b1a7d6,PROLIFIC,11-Feb-2021 14:39:48,1173,46466,da8d69e3-d617-4b93-ac72-836af843f158,"You can find (a/an) heating which is warm. (A/an) heating is usually either warm, a bit more or less warm or the opposite of warm.","You can find (a/an) knife which is sharp. (A/an) knife is usually either sharp, a bit more or less sharp or the opposite of sharp.","You can find (a/an) substance which is solid. (A/an) substance is usually either solid, a bit more or less solid or the opposite of solid.",5_scalar_heat-set_extension_full_range,https://app.prolific.co/submissions/complete?cc=135DD3C8,Agree or disagree (run5_scalar_heat-set_extension_full_range-experiment_scalar-batch1-70-70),410096,a08e5928-4473-4c30-91e9-21a03b23ebe0,2021-02-11 14:39:48,1418.922,2021-02-11 13:25:09.172000,2021-02-11 13:48:48.094000,11.0,true,variability_open,warm,heating,../data/prolific_output/run5_scalar_heat-group_scalar_heat/qu70-s_qu3-batch1.csv
qu70-s_qu3-batch1.csv-1,1,NOT AVAILABLE,NOT AVAILABLE,ba2e5d60-1be5-4160-8883-d9dc1d2a590c,PROLIFIC,11-Feb-2021 15:02:50,1173,46466,da8d69e3-d617-4b93-ac72-836af843f158,"You can find (a/an) heating which is warm. (A/an) heating is usually either warm, a bit more or less warm or the opposite of warm.","You can find (a/an) knife which is sharp. (A/an) knife is usually either sharp, a bit more or less sharp or the opposite of sharp.","You can find (a/an) substance which is solid. (A/an) substance is usually either solid, a bit more or less solid or the opposite of solid.",5_scalar_heat-set_extension_full_range,https://app.prolific.co/submissions/complete?cc=135DD3C8,Agree or disagree (run5_scalar_heat-set_extension_full_range-experiment_scalar-batch1-70-70),410474,9fb2d7a4-01b7-4687-8074-28c379a9c5bf,2021-02-11 15:02:50,506.867,2021-02-11 13:55:38.597000,2021-02-11 14:04:05.464000,4.0,true,variability_open,warm,heating,../data/prolific_output/run5_scalar_heat-group_scalar_heat/qu70-s_qu3-batch1.csv
qu70-s_qu3-batch1.csv-1,1,NOT AVAILABLE,NOT AVAILABLE,f2b79ec4-328b-4811-ad4e-e541da2cb058,PROLIFIC,11-Feb-2021 14:15:12,1173,46467,9dbe748c-4936-4205-b989-acb6f2106af6,You can find (a/an) heating which is warm. (A/an) heating is usually either warm or not warm. It cannot be a bit more or less warm.,You can find (a/an) substance which is liquid. (A/an) substance is usually either liquid or not liquid. It cannot be a bit more or less liquid.,You can find (a/an) knife which is sharp. (A/an) knife is usually either sharp or not sharp. It cannot be a bit more or less sharp.,5_scalar_heat-set_extension_full_range,https://app.prolific.co/submissions/complete?cc=135DD3C8,Agree or disagree (run5_scalar_heat-set_extension_full_range-experiment_scalar-batch1-70-70),409543,c64329a7-adf2-421c-a5da-dfed11de8c79,2021-02-11 14:15:12,538.269,2021-02-11 13:10:15.124000,2021-02-11 13:19:13.393000,2.0,true,variability_limited,warm,heating,../data/prolific_output/run5_scalar_heat-group_scalar_heat/qu70-s_qu3-batch1.csv
qu70-s_qu3-batch1.csv-1,1,NOT AVAILABLE,NOT AVAILABLE,011937c5-478d-4bcd-af78-a9232b3a0158,PROLIFIC,11-Feb-2021 15:33:47,1173,46467,9dbe748c-4936-4205-b989-acb6f2106af6,You can find (a/an) heating which is warm. (A/an) heating is usually either warm or not warm. It cannot be a bit more or less warm.,You can find (a/an) substance which is liquid. (A/an) substance is usually either liquid or not liquid. It cannot be a bit more or less liquid.,You can find (a/an) knife which is sharp. (A/an) knife is usually either sharp or not sharp. It cannot be a bit more or less sharp.,5_scalar_heat-set_extension_full_range,https://app.prolific.co/submissions/complete?cc=135DD3C8,Agree or disagree (run5_scalar_heat-set_extension_full_range-experiment_scalar-batch1-70-70),410634,4d4a6e11-1f1e-4ab1-ba01-4adb6a7c3ac3,2021-02-11 15:33:47,1856.165,2021-02-11 14:14:37.373000,2021-02-11 14:45:33.538000,4.0,false,variability_limited,warm,heating,../data/prolific_output/run5_scalar_heat-group_scalar_heat/qu70-s_qu3-batch1.csv
qu70-s_qu3-batch1.csv-1,1,NOT AVAILABLE,NOT AVAILABLE,8713bc47-83eb-4eb4-a7fb-ac15b44a0c3a,PROLIFIC,11-Feb-2021 14:01:07,1173,46467,9dbe748c-4936-4205-b989-acb6f2106af6,You can find (a/an) heating which is warm. (A/an) heating is usually either warm or not warm. It cannot be a bit more or less warm.,You can find (a/an) substance which is liquid. (A/an) substance is usually either liquid or not liquid. It cannot be a bit more or less liquid.,You can find (a/an) knife which is sharp. (A/an) knife is usually either sharp or not sharp. It cannot be a bit more or less sharp.,5_scalar_heat-set_extension_full_range,https://app.prolific.co/submissions/complete?cc=135DD3C8,Agree or disagree (run5_scalar_heat-set_extension_full_range-experiment_scalar-batch1-70-70),409154,8cd70594-43cf-40f6-8a67-50ec62c63772,2021-02-11 14:01:07,627.838,2021-02-11 12:52:40.305000,2021-02-11 13:03:08.143000,4.0,false,variability_limited,warm,heating,../data/prolific_output/run5_scalar_heat-group_scalar_heat/qu70-s_qu3-batch1.csv
qu70-s_qu3-batch1.csv-1,1,NOT AVAILABLE,NOT AVAILABLE,44d44641-22cf-456b-99ee-e83419d5c276,PROLIFIC,11-Feb-2021 14:05:56,1173,46467,9dbe748c-4936-4205-b989-acb6f2106af6,You can find (a/an) heating which is warm. (A/an) heating is usually either warm or not warm. It cannot be a bit more or less warm.,You can find (a/an) substance which is liquid. (A/an) substance is usually either liquid or not liquid. It cannot be a bit more or less liquid.,You can find (a/an) knife which is sharp. (A/an) knife is usually either sharp or not sharp. It cannot be a bit more or less sharp.,5_scalar_heat-set_extension_full_range,https://app.prolific.co/submissions/complete?cc=135DD3C8,Agree or disagree (run5_scalar_heat-set_extension_full_range-experiment_scalar-batch1-70-70),409220,bc8adb49-e7d5-43a1-bd7f-fd854b57ecc5,2021-02-11 14:05:56,305.684,2021-02-11 13:05:35.161000,2021-02-11 13:10:40.845000,20.839,false,variability_limited,warm,heating,../data/prolific_output/run5_scalar_heat-group_scalar_heat/qu70-s_qu3-batch1.csv
qu70-s_qu3-batch1.csv-1,1,NOT AVAILABLE,NOT AVAILABLE,01eeb5d1-2a5f-45c4-ba39-ddbf24954839,PROLIFIC,11-Feb-2021 14:55:51,1173,46467,9dbe748c-4936-4205-b989-acb6f2106af6,You can find (a/an) heating which is warm. (A/an) heating is usually either warm or not warm. It cannot be a bit more or less warm.,You can find (a/an) substance which is liquid. (A/an) substance is usually either liquid or not liquid. It cannot be a bit more or less liquid.,You can find (a/an) knife which is sharp. (A/an) knife is usually either sharp or not sharp. It cannot be a bit more or less sharp.,5_scalar_heat-set_extension_full_range,https://app.prolific.co/submissions/complete?cc=135DD3C8,Agree or disagree (run5_scalar_heat-set_extension_full_range-experiment_scalar-batch1-70-70),410371,32a01880-651f-4905-9d03-062e5eab1559,2021-02-11 14:55:51,814.511,2021-02-11 13:43:15.871000,2021-02-11 13:56:50.382000,5.0,false,variability_limited,warm,heating,../data/prolific_output/run5_scalar_heat-group_scalar_heat/qu70-s_qu3-batch1.csv
qu70-s_qu3-batch1.csv-1,1,NOT AVAILABLE,NOT AVAILABLE,4d7f576e-160c-4416-8a0b-7548a4d8bb97,PROLIFIC,11-Feb-2021 14:18:45,1173,46467,9dbe748c-4936-4205-b989-acb6f2106af6,You can find (a/an) heating which is warm. (A/an) heating is usually either warm or not warm. It cannot be a bit more or less warm.,You can find (a/an) substance which is liquid. (A/an) substance is usually either liquid or not liquid. It cannot be a bit more or less liquid.,You can find (a/an) knife which is sharp. (A/an) knife is usually either sharp or not sharp. It cannot be a bit more or less sharp.,5_scalar_heat-set_extension_full_range,https://app.prolific.co/submissions/complete?cc=135DD3C8,Agree or disagree (run5_scalar_heat-set_extension_full_range-experiment_scalar-batch1-70-70),409725,5c0b1a35-14c6-492d-bdd2-749b74c94232,2021-02-11 14:18:45,419.382,2021-02-11 13:13:40.482000,2021-02-11 13:20:39.864000,39.0,false,variability_limited,warm,heating,../data/prolific_output/run5_scalar_heat-group_scalar_heat/qu70-s_qu3-batch1.csv
qu70-s_qu3-batch1.csv-1,1,NOT AVAILABLE,NOT AVAILABLE,3c6e8c47-52b6-40dc-912b-32b6599fd0ce,PROLIFIC,11-Feb-2021 13:56:54,1173,46467,9dbe748c-4936-4205-b989-acb6f2106af6,You can find (a/an) heating which is warm. (A/an) heating is usually either warm or not warm. It cannot be a bit more or less warm.,You can find (a/an) substance which is liquid. (A/an) substance is usually either liquid or not liquid. It cannot be a bit more or less liquid.,You can find (a/an) knife which is sharp. (A/an) knife is usually either sharp or not sharp. It cannot be a bit more or less sharp.,5_scalar_heat-set_extension_full_range,https://app.prolific.co/submissions/complete?cc=135DD3C8,Agree or disagree (run5_scalar_heat-set_extension_full_range-experiment_scalar-batch1-70-70),408999,b339fe92-fd10-4c8d-8cb9-cf05585a009d,2021-02-11 13:56:54,756.898,2021-02-11 12:49:10.608000,2021-02-11 13:01:47.506000,9.0,false,variability_limited,warm,heating,../data/prolific_output/run5_scalar_heat-group_scalar_heat/qu70-s_qu3-batch1.csv
qu70-s_qu3-batch1.csv-1,1,NOT AVAILABLE,NOT AVAILABLE,df22a112-e62a-4607-8c70-d22a89b1a7d6,PROLIFIC,11-Feb-2021 14:26:51,1173,46467,9dbe748c-4936-4205-b989-acb6f2106af6,You can find (a/an) heating which is warm. (A/an) heating is usually either warm or not warm. It cannot be a bit more or less warm.,You can find (a/an) substance which is liquid. (A/an) substance is usually either liquid or not liquid. It cannot be a bit more or less liquid.,You can find (a/an) knife which is sharp. (A/an) knife is usually either sharp or not sharp. It cannot be a bit more or less sharp.,5_scalar_heat-set_extension_full_range,https://app.prolific.co/submissions/complete?cc=135DD3C8,Agree or disagree (run5_scalar_heat-set_extension_full_range-experiment_scalar-batch1-70-70),409867,39b1d2df-1fce-4c48-93e9-b238379381b4,2021-02-11 14:26:51,1418.922,2021-02-11 13:25:09.172000,2021-02-11 13:48:48.094000,20.0,false,variability_limited,warm,heating,../data/prolific_output/run5_scalar_heat-group_scalar_heat/qu70-s_qu3-batch1.csv
qu70-s_qu3-batch1.csv-1,1,NOT AVAILABLE,NOT AVAILABLE,ba2e5d60-1be5-4160-8883-d9dc1d2a590c,PROLIFIC,11-Feb-2021 15:00:28,1173,46467,9dbe748c-4936-4205-b989-acb6f2106af6,You can find (a/an) heating which is warm. (A/an) heating is usually either warm or not warm. It cannot be a bit more or less warm.,You can find (a/an) substance which is liquid. (A/an) substance is usually either liquid or not liquid. It cannot be a bit more or less liquid.,You can find (a/an) knife which is sharp. (A/an) knife is usually either sharp or not sharp. It cannot be a bit more or less sharp.,5_scalar_heat-set_extension_full_range,https://app.prolific.co/submissions/complete?cc=135DD3C8,Agree or disagree (run5_scalar_heat-set_extension_full_range-experiment_scalar-batch1-70-70),410442,0523b116-6662-41c9-a489-02334aef67c7,2021-02-11 15:00:28,506.867,2021-02-11 13:55:38.597000,2021-02-11 14:04:05.464000,7.0,false,variability_limited,warm,heating,../data/prolific_output/run5_scalar_heat-group_scalar_heat/qu70-s_qu3-batch1.csv
qu70-s_qu3-batch1.csv-1,1,NOT AVAILABLE,NOT AVAILABLE,f2b79ec4-328b-4811-ad4e-e541da2cb058,PROLIFIC,11-Feb-2021 14:13:06,1173,46468,450a8544-8a6a-4085-b36b-8359ecc56b34,"Usually, (a/an) heating is not warm, but there could be a highly unusual situation in which (a/an) heating is warm.","Usually, (a/an) clock is not melting, but there could be a highly unusual situation in which (a/an) clock is melting.","Usually, (a/an) ice cream is not melting, but there could be a highly unusual situation in which (a/an) ice cream is melting.",5_scalar_heat-set_extension_full_range,https://app.prolific.co/submissions/complete?cc=135DD3C8,Agree or disagree (run5_scalar_heat-set_extension_full_range-experiment_scalar-batch1-70-70),409468,9a392d3f-2574-48a8-9271-99e950636a5d,2021-02-11 14:13:06,538.269,2021-02-11 13:10:15.124000,2021-02-11 13:19:13.393000,11.0,false,unusual,warm,heating,../data/prolific_output/run5_scalar_heat-group_scalar_heat/qu70-s_qu3-batch1.csv
qu70-s_qu3-batch1.csv-1,1,NOT AVAILABLE,NOT AVAILABLE,011937c5-478d-4bcd-af78-a9232b3a0158,PROLIFIC,11-Feb-2021 15:44:23,1173,46468,450a8544-8a6a-4085-b36b-8359ecc56b34,"Usually, (a/an) heating is not warm, but there could be a highly unusual situation in which (a/an) heating is warm.","Usually, (a/an) clock is not melting, but there could be a highly unusual situation in which (a/an) clock is melting.","Usually, (a/an) ice cream is not melting, but there could be a highly unusual situation in which (a/an) ice cream is melting.",5_scalar_heat-set_extension_full_range,https://app.prolific.co/submissions/complete?cc=135DD3C8,Agree or disagree (run5_scalar_heat-set_extension_full_range-experiment_scalar-batch1-70-70),410689,8cbc3df7-eb4c-4328-a271-b0f231a5b8f1,2021-02-11 15:44:23,1856.165,2021-02-11 14:14:37.373000,2021-02-11 14:45:33.538000,4.0,false,unusual,warm,heating,../data/prolific_output/run5_scalar_heat-group_scalar_heat/qu70-s_qu3-batch1.csv
qu70-s_qu3-batch1.csv-1,1,NOT AVAILABLE,NOT AVAILABLE,8713bc47-83eb-4eb4-a7fb-ac15b44a0c3a,PROLIFIC,11-Feb-2021 13:57:54,1173,46468,450a8544-8a6a-4085-b36b-8359ecc56b34,"Usually, (a/an) heating is not warm, but there could be a highly unusual situation in which (a/an) heating is warm.","Usually, (a/an) clock is not melting, but there could be a highly unusual situation in which (a/an) clock is melting.","Usually, (a/an) ice cream is not melting, but there could be a highly unusual situation in which (a/an) ice cream is melting.",5_scalar_heat-set_extension_full_range,https://app.prolific.co/submissions/complete?cc=135DD3C8,Agree or disagree (run5_scalar_heat-set_extension_full_range-experiment_scalar-batch1-70-70),409046,9942e0f5-b3c8-4aa9-a394-4f4622a01437,2021-02-11 13:57:54,627.838,2021-02-11 12:52:40.305000,2021-02-11 13:03:08.143000,5.0,false,unusual,warm,heating,../data/prolific_output/run5_scalar_heat-group_scalar_heat/qu70-s_qu3-batch1.csv
qu70-s_qu3-batch1.csv-1,1,NOT AVAILABLE,NOT AVAILABLE,44d44641-22cf-456b-99ee-e83419d5c276,PROLIFIC,11-Feb-2021 14:09:16,1173,46468,450a8544-8a6a-4085-b36b-8359ecc56b34,"Usually, (a/an) heating is not warm, but there could be a highly unusual situation in which (a/an) heating is warm.","Usually, (a/an) clock is not melting, but there could be a highly unusual situation in which (a/an) clock is melting.","Usually, (a/an) ice cream is not melting, but there could be a highly unusual situation in which (a/an) ice cream is melting.",5_scalar_heat-set_extension_full_range,https://app.prolific.co/submissions/complete?cc=135DD3C8,Agree or disagree (run5_scalar_heat-set_extension_full_range-experiment_scalar-batch1-70-70),409321,ca3e7c60-c2c6-4010-8127-da635acdf1be,2021-02-11 14:09:16,305.684,2021-02-11 13:05:35.161000,2021-02-11 13:10:40.845000,2.0,false,unusual,warm,heating,../data/prolific_output/run5_scalar_heat-group_scalar_heat/qu70-s_qu3-batch1.csv
qu70-s_qu3-batch1.csv-1,1,NOT AVAILABLE,NOT AVAILABLE,01eeb5d1-2a5f-45c4-ba39-ddbf24954839,PROLIFIC,11-Feb-2021 14:50:26,1173,46468,450a8544-8a6a-4085-b36b-8359ecc56b34,"Usually, (a/an) heating is not warm, but there could be a highly unusual situation in which (a/an) heating is warm.","Usually, (a/an) clock is not melting, but there could be a highly unusual situation in which (a/an) clock is melting.","Usually, (a/an) ice cream is not melting, but there could be a highly unusual situation in which (a/an) ice cream is melting.",5_scalar_heat-set_extension_full_range,https://app.prolific.co/submissions/complete?cc=135DD3C8,Agree or disagree (run5_scalar_heat-set_extension_full_range-experiment_scalar-batch1-70-70),410236,42bb0f15-f70c-41c3-bfb0-ca9874d75346,2021-02-11 14:50:26,814.511,2021-02-11 13:43:15.871000,2021-02-11 13:56:50.382000,3.0,false,unusual,warm,heating,../data/prolific_output/run5_scalar_heat-group_scalar_heat/qu70-s_qu3-batch1.csv
qu70-s_qu3-batch1.csv-1,1,NOT AVAILABLE,NOT AVAILABLE,4d7f576e-160c-4416-8a0b-7548a4d8bb97,PROLIFIC,11-Feb-2021 14:19:48,1173,46468,450a8544-8a6a-4085-b36b-8359ecc56b34,"Usually, (a/an) heating is not warm, but there could be a highly unusual situation in which (a/an) heating is warm.","Usually, (a/an) clock is not melting, but there could be a highly unusual situation in which (a/an) clock is melting.","Usually, (a/an) ice cream is not melting, but there could be a highly unusual situation in which (a/an) ice cream is melting.",5_scalar_heat-set_extension_full_range,https://app.prolific.co/submissions/complete?cc=135DD3C8,Agree or disagree (run5_scalar_heat-set_extension_full_range-experiment_scalar-batch1-70-70),409762,af13cde0-b97f-442a-9692-eebe5a29e4d6,2021-02-11 14:19:48,419.382,2021-02-11 13:13:40.482000,2021-02-11 13:20:39.864000,4.0,false,unusual,warm,heating,../data/prolific_output/run5_scalar_heat-group_scalar_heat/qu70-s_qu3-batch1.csv
qu70-s_qu3-batch1.csv-1,1,NOT AVAILABLE,NOT AVAILABLE,3c6e8c47-52b6-40dc-912b-32b6599fd0ce,PROLIFIC,11-Feb-2021 13:49:43,1173,46468,450a8544-8a6a-4085-b36b-8359ecc56b34,"Usually, (a/an) heating is not warm, but there could be a highly unusual situation in which (a/an) heating is warm.","Usually, (a/an) clock is not melting, but there could be a highly unusual situation in which (a/an) clock is melting.","Usually, (a/an) ice cream is not melting, but there could be a highly unusual situation in which (a/an) ice cream is melting.",5_scalar_heat-set_extension_full_range,https://app.prolific.co/submissions/complete?cc=135DD3C8,Agree or disagree (run5_scalar_heat-set_extension_full_range-experiment_scalar-batch1-70-70),408762,77600226-f873-4d26-b014-e08935342699,2021-02-11 13:49:43,756.898,2021-02-11 12:49:10.608000,2021-02-11 13:01:47.506000,8.0,false,unusual,warm,heating,../data/prolific_output/run5_scalar_heat-group_scalar_heat/qu70-s_qu3-batch1.csv
qu70-s_qu3-batch1.csv-1,1,NOT AVAILABLE,NOT AVAILABLE,df22a112-e62a-4607-8c70-d22a89b1a7d6,PROLIFIC,11-Feb-2021 14:37:37,1173,46468,450a8544-8a6a-4085-b36b-8359ecc56b34,"Usually, (a/an) heating is not warm, but there could be a highly unusual situation in which (a/an) heating is warm.","Usually, (a/an) clock is not melting, but there could be a highly unusual situation in which (a/an) clock is melting.","Usually, (a/an) ice cream is not melting, but there could be a highly unusual situation in which (a/an) ice cream is melting.",5_scalar_heat-set_extension_full_range,https://app.prolific.co/submissions/complete?cc=135DD3C8,Agree or disagree (run5_scalar_heat-set_extension_full_range-experiment_scalar-batch1-70-70),410065,ccd107af-c063-47cd-95d1-211fd097f80f,2021-02-11 14:37:37,1418.922,2021-02-11 13:25:09.172000,2021-02-11 13:48:48.094000,2.0,false,unusual,warm,heating,../data/prolific_output/run5_scalar_heat-group_scalar_heat/qu70-s_qu3-batch1.csv
qu70-s_qu3-batch1.csv-1,1,NOT AVAILABLE,NOT AVAILABLE,ba2e5d60-1be5-4160-8883-d9dc1d2a590c,PROLIFIC,11-Feb-2021 14:59:16,1173,46468,450a8544-8a6a-4085-b36b-8359ecc56b34,"Usually, (a/an) heating is not warm, but there could be a highly unusual situation in which (a/an) heating is warm.","Usually, (a/an) clock is not melting, but there could be a highly unusual situation in which (a/an) clock is melting.","Usually, (a/an) ice cream is not melting, but there could be a highly unusual situation in which (a/an) ice cream is melting.",5_scalar_heat-set_extension_full_range,https://app.prolific.co/submissions/complete?cc=135DD3C8,Agree or disagree (run5_scalar_heat-set_extension_full_range-experiment_scalar-batch1-70-70),410426,b4462601-75e1-41a8-911f-d9371ca7ecbf,2021-02-11 14:59:16,506.867,2021-02-11 13:55:38.597000,2021-02-11 14:04:05.464000,5.0,false,unusual,warm,heating,../data/prolific_output/run5_scalar_heat-group_scalar_heat/qu70-s_qu3-batch1.csv
qu70-s_qu3-batch1.csv-1,1,NOT AVAILABLE,NOT AVAILABLE,f2b79ec4-328b-4811-ad4e-e541da2cb058,PROLIFIC,11-Feb-2021 14:15:14,1173,46469,7da05fb5-1ecc-47a1-89ba-c0f8a25bd8fb,"I could say (a/an) heating is warm, but I would most certainly not mean it literally.","I could say (a/an) anger is hot, but I would most certainly not mean it literally.
I could say (a/an) person is cold, but I would most certainly not mean it literally.
I could say (a/an) story is dark, but I would most certainly not mean it literally.","I could say (a/an) fire is hot, but I would most certainly not mean it literally.
I could say (a/an) stone is heavy, but I would most certainly not mean it literally.
I could say (a/an) argument is liquid, but I would most certainly not mean it literally.",5_scalar_heat-set_extension_full_range,https://app.prolific.co/submissions/complete?cc=135DD3C8,Agree or disagree (run5_scalar_heat-set_extension_full_range-experiment_scalar-batch1-70-70),409545,7408e508-a3cc-41dd-89bd-b3b2ec4d3000,2021-02-11 14:15:14,538.269,2021-02-11 13:10:15.124000,2021-02-11 13:19:13.393000,2.0,false,creative,warm,heating,../data/prolific_output/run5_scalar_heat-group_scalar_heat/qu70-s_qu3-batch1.csv
qu70-s_qu3-batch1.csv-1,1,NOT AVAILABLE,NOT AVAILABLE,011937c5-478d-4bcd-af78-a9232b3a0158,PROLIFIC,11-Feb-2021 15:43:29,1173,46469,7da05fb5-1ecc-47a1-89ba-c0f8a25bd8fb,"I could say (a/an) heating is warm, but I would most certainly not mean it literally.","I could say (a/an) anger is hot, but I would most certainly not mean it literally.
I could say (a/an) person is cold, but I would most certainly not mean it literally.
I could say (a/an) story is dark, but I would most certainly not mean it literally.","I could say (a/an) fire is hot, but I would most certainly not mean it literally.
I could say (a/an) stone is heavy, but I would most certainly not mean it literally.
I could say (a/an) argument is liquid, but I would most certainly not mean it literally.",5_scalar_heat-set_extension_full_range,https://app.prolific.co/submissions/complete?cc=135DD3C8,Agree or disagree (run5_scalar_heat-set_extension_full_range-experiment_scalar-batch1-70-70),410680,1ebd3007-71cb-4cdb-a5c6-da483fc54a37,2021-02-11 15:43:29,1856.165,2021-02-11 14:14:37.373000,2021-02-11 14:45:33.538000,2.0,false,creative,warm,heating,../data/prolific_output/run5_scalar_heat-group_scalar_heat/qu70-s_qu3-batch1.csv
qu70-s_qu3-batch1.csv-1,1,NOT AVAILABLE,NOT AVAILABLE,8713bc47-83eb-4eb4-a7fb-ac15b44a0c3a,PROLIFIC,11-Feb-2021 13:57:23,1173,46469,7da05fb5-1ecc-47a1-89ba-c0f8a25bd8fb,"I could say (a/an) heating is warm, but I would most certainly not mean it literally.","I could say (a/an) anger is hot, but I would most certainly not mean it literally.
I could say (a/an) person is cold, but I would most certainly not mean it literally.
I could say (a/an) story is dark, but I would most certainly not mean it literally.","I could say (a/an) fire is hot, but I would most certainly not mean it literally.
I could say (a/an) stone is heavy, but I would most certainly not mean it literally.
I could say (a/an) argument is liquid, but I would most certainly not mean it literally.",5_scalar_heat-set_extension_full_range,https://app.prolific.co/submissions/complete?cc=135DD3C8,Agree or disagree (run5_scalar_heat-set_extension_full_range-experiment_scalar-batch1-70-70),409022,01d7ed5a-7a43-46ec-bdba-cec843faa024,2021-02-11 13:57:23,627.838,2021-02-11 12:52:40.305000,2021-02-11 13:03:08.143000,2.0,false,creative,warm,heating,../data/prolific_output/run5_scalar_heat-group_scalar_heat/qu70-s_qu3-batch1.csv
qu70-s_qu3-batch1.csv-1,1,NOT AVAILABLE,NOT AVAILABLE,44d44641-22cf-456b-99ee-e83419d5c276,PROLIFIC,11-Feb-2021 14:07:38,1173,46469,7da05fb5-1ecc-47a1-89ba-c0f8a25bd8fb,"I could say (a/an) heating is warm, but I would most certainly not mean it literally.","I could say (a/an) anger is hot, but I would most certainly not mean it literally.
I could say (a/an) person is cold, but I would most certainly not mean it literally.
I could say (a/an) story is dark, but I would most certainly not mean it literally.","I could say (a/an) fire is hot, but I would most certainly not mean it literally.
I could say (a/an) stone is heavy, but I would most certainly not mean it literally.
I could say (a/an) argument is liquid, but I would most certainly not mean it literally.",5_scalar_heat-set_extension_full_range,https://app.prolific.co/submissions/complete?cc=135DD3C8,Agree or disagree (run5_scalar_heat-set_extension_full_range-experiment_scalar-batch1-70-70),409267,ff0ff314-b535-44c4-937f-821ffb4dab81,2021-02-11 14:07:38,305.684,2021-02-11 13:05:35.161000,2021-02-11 13:10:40.845000,3.0,false,creative,warm,heating,../data/prolific_output/run5_scalar_heat-group_scalar_heat/qu70-s_qu3-batch1.csv
qu70-s_qu3-batch1.csv-1,1,NOT AVAILABLE,NOT AVAILABLE,01eeb5d1-2a5f-45c4-ba39-ddbf24954839,PROLIFIC,11-Feb-2021 14:53:58,1173,46469,7da05fb5-1ecc-47a1-89ba-c0f8a25bd8fb,"I could say (a/an) heating is warm, but I would most certainly not mean it literally.","I could say (a/an) anger is hot, but I would most certainly not mean it literally.
I could say (a/an) person is cold, but I would most certainly not mean it literally.
I could say (a/an) story is dark, but I would most certainly not mean it literally.","I could say (a/an) fire is hot, but I would most certainly not mean it literally.
I could say (a/an) stone is heavy, but I would most certainly not mean it literally.
I could say (a/an) argument is liquid, but I would most certainly not mean it literally.",5_scalar_heat-set_extension_full_range,https://app.prolific.co/submissions/complete?cc=135DD3C8,Agree or disagree (run5_scalar_heat-set_extension_full_range-experiment_scalar-batch1-70-70),410299,762880e1-7b2c-4090-9a47-0a6ecfc5505b,2021-02-11 14:53:58,814.511,2021-02-11 13:43:15.871000,2021-02-11 13:56:50.382000,3.0,false,creative,warm,heating,../data/prolific_output/run5_scalar_heat-group_scalar_heat/qu70-s_qu3-batch1.csv
qu70-s_qu3-batch1.csv-1,1,NOT AVAILABLE,NOT AVAILABLE,4d7f576e-160c-4416-8a0b-7548a4d8bb97,PROLIFIC,11-Feb-2021 14:19:44,1173,46469,7da05fb5-1ecc-47a1-89ba-c0f8a25bd8fb,"I could say (a/an) heating is warm, but I would most certainly not mean it literally.","I could say (a/an) anger is hot, but I would most certainly not mean it literally.
I could say (a/an) person is cold, but I would most certainly not mean it literally.
I could say (a/an) story is dark, but I would most certainly not mean it literally.","I could say (a/an) fire is hot, but I would most certainly not mean it literally.
I could say (a/an) stone is heavy, but I would most certainly not mean it literally.
I could say (a/an) argument is liquid, but I would most certainly not mean it literally.",5_scalar_heat-set_extension_full_range,https://app.prolific.co/submissions/complete?cc=135DD3C8,Agree or disagree (run5_scalar_heat-set_extension_full_range-experiment_scalar-batch1-70-70),409761,20e522d4-f1b7-4b1a-87ea-f7c677ec0aa0,2021-02-11 14:19:44,419.382,2021-02-11 13:13:40.482000,2021-02-11 13:20:39.864000,4.0,false,creative,warm,heating,../data/prolific_output/run5_scalar_heat-group_scalar_heat/qu70-s_qu3-batch1.csv
qu70-s_qu3-batch1.csv-1,1,NOT AVAILABLE,NOT AVAILABLE,3c6e8c47-52b6-40dc-912b-32b6599fd0ce,PROLIFIC,11-Feb-2021 14:01:22,1173,46469,7da05fb5-1ecc-47a1-89ba-c0f8a25bd8fb,"I could say (a/an) heating is warm, but I would most certainly not mean it literally.","I could say (a/an) anger is hot, but I would most certainly not mean it literally.
I could say (a/an) person is cold, but I would most certainly not mean it literally.
I could say (a/an) story is dark, but I would most certainly not mean it literally.","I could say (a/an) fire is hot, but I would most certainly not mean it literally.
I could say (a/an) stone is heavy, but I would most certainly not mean it literally.
I could say (a/an) argument is liquid, but I would most certainly not mean it literally.",5_scalar_heat-set_extension_full_range,https://app.prolific.co/submissions/complete?cc=135DD3C8,Agree or disagree (run5_scalar_heat-set_extension_full_range-experiment_scalar-batch1-70-70),409162,35895ecf-c9e7-4b72-a6fd-a5af3c1aaddc,2021-02-11 14:01:22,756.898,2021-02-11 12:49:10.608000,2021-02-11 13:01:47.506000,3.0,false,creative,warm,heating,../data/prolific_output/run5_scalar_heat-group_scalar_heat/qu70-s_qu3-batch1.csv
qu70-s_qu3-batch1.csv-1,1,NOT AVAILABLE,NOT AVAILABLE,df22a112-e62a-4607-8c70-d22a89b1a7d6,PROLIFIC,11-Feb-2021 14:31:26,1173,46469,7da05fb5-1ecc-47a1-89ba-c0f8a25bd8fb,"I could say (a/an) heating is warm, but I would most certainly not mean it literally.","I could say (a/an) anger is hot, but I would most certainly not mean it literally.
I could say (a/an) person is cold, but I would most certainly not mean it literally.
I could say (a/an) story is dark, but I would most certainly not mean it literally.","I could say (a/an) fire is hot, but I would most certainly not mean it literally.
I could say (a/an) stone is heavy, but I would most certainly not mean it literally.
I could say (a/an) argument is liquid, but I would most certainly not mean it literally.",5_scalar_heat-set_extension_full_range,https://app.prolific.co/submissions/complete?cc=135DD3C8,Agree or disagree (run5_scalar_heat-set_extension_full_range-experiment_scalar-batch1-70-70),409945,f54b6571-b036-4d88-a749-208e42c97129,2021-02-11 14:31:26,1418.922,2021-02-11 13:25:09.172000,2021-02-11 13:48:48.094000,2.0,false,creative,warm,heating,../data/prolific_output/run5_scalar_heat-group_scalar_heat/qu70-s_qu3-batch1.csv
qu70-s_qu3-batch1.csv-1,1,NOT AVAILABLE,NOT AVAILABLE,ba2e5d60-1be5-4160-8883-d9dc1d2a590c,PROLIFIC,11-Feb-2021 15:00:37,1173,46469,7da05fb5-1ecc-47a1-89ba-c0f8a25bd8fb,"I could say (a/an) heating is warm, but I would most certainly not mean it literally.","I could say (a/an) anger is hot, but I would most certainly not mean it literally.
I could say (a/an) person is cold, but I would most certainly not mean it literally.
I could say (a/an) story is dark, but I would most certainly not mean it literally.","I could say (a/an) fire is hot, but I would most certainly not mean it literally.
I could say (a/an) stone is heavy, but I would most certainly not mean it literally.
I could say (a/an) argument is liquid, but I would most certainly not mean it literally.",5_scalar_heat-set_extension_full_range,https://app.prolific.co/submissions/complete?cc=135DD3C8,Agree or disagree (run5_scalar_heat-set_extension_full_range-experiment_scalar-batch1-70-70),410445,52952278-7381-4c41-8e3a-758adc77a864,2021-02-11 15:00:37,506.867,2021-02-11 13:55:38.597000,2021-02-11 14:04:05.464000,3.0,false,creative,warm,heating,../data/prolific_output/run5_scalar_heat-group_scalar_heat/qu70-s_qu3-batch1.csv
qu70-s_qu3-batch1.csv-1,1,NOT AVAILABLE,NOT AVAILABLE,f2b79ec4-328b-4811-ad4e-e541da2cb058,PROLIFIC,11-Feb-2021 14:12:11,1173,46470,3b8501b6-3405-4dc8-bc41-271a911b8358,I know that (a/an) heating is warm as most or all other things similar to (a/an) heating are warm. ,I know that (a/an) chocoloate_bar is sweet as most or all other things similar to (a/an) chocoloate_bar are sweet. ,I know that (a/an) dress is white as most or all other things similar to (a/an) dress are white. ,5_scalar_heat-set_extension_full_range,https://app.prolific.co/submissions/complete?cc=135DD3C8,Agree or disagree (run5_scalar_heat-set_extension_full_range-experiment_scalar-batch1-70-70),409436,b90d55ec-f345-498a-b0a9-54a096507354,2021-02-11 14:12:11,538.269,2021-02-11 13:10:15.124000,2021-02-11 13:19:13.393000,5.0,true,implied_category,warm,heating,../data/prolific_output/run5_scalar_heat-group_scalar_heat/qu70-s_qu3-batch1.csv
qu70-s_qu3-batch1.csv-1,1,NOT AVAILABLE,NOT AVAILABLE,011937c5-478d-4bcd-af78-a9232b3a0158,PROLIFIC,11-Feb-2021 15:44:02,1173,46470,3b8501b6-3405-4dc8-bc41-271a911b8358,I know that (a/an) heating is warm as most or all other things similar to (a/an) heating are warm. ,I know that (a/an) chocoloate_bar is sweet as most or all other things similar to (a/an) chocoloate_bar are sweet. ,I know that (a/an) dress is white as most or all other things similar to (a/an) dress are white. ,5_scalar_heat-set_extension_full_range,https://app.prolific.co/submissions/complete?cc=135DD3C8,Agree or disagree (run5_scalar_heat-set_extension_full_range-experiment_scalar-batch1-70-70),410684,6da697da-e5db-444b-a208-668f331e85e0,2021-02-11 15:44:02,1856.165,2021-02-11 14:14:37.373000,2021-02-11 14:45:33.538000,15.0,true,implied_category,warm,heating,../data/prolific_output/run5_scalar_heat-group_scalar_heat/qu70-s_qu3-batch1.csv
qu70-s_qu3-batch1.csv-1,1,NOT AVAILABLE,NOT AVAILABLE,8713bc47-83eb-4eb4-a7fb-ac15b44a0c3a,PROLIFIC,11-Feb-2021 14:00:06,1173,46470,3b8501b6-3405-4dc8-bc41-271a911b8358,I know that (a/an) heating is warm as most or all other things similar to (a/an) heating are warm. ,I know that (a/an) chocoloate_bar is sweet as most or all other things similar to (a/an) chocoloate_bar are sweet. ,I know that (a/an) dress is white as most or all other things similar to (a/an) dress are white. ,5_scalar_heat-set_extension_full_range,https://app.prolific.co/submissions/complete?cc=135DD3C8,Agree or disagree (run5_scalar_heat-set_extension_full_range-experiment_scalar-batch1-70-70),409134,e1d039b8-ac51-4307-895b-cae522df5aa9,2021-02-11 14:00:06,627.838,2021-02-11 12:52:40.305000,2021-02-11 13:03:08.143000,9.0,false,implied_category,warm,heating,../data/prolific_output/run5_scalar_heat-group_scalar_heat/qu70-s_qu3-batch1.csv
qu70-s_qu3-batch1.csv-1,1,NOT AVAILABLE,NOT AVAILABLE,44d44641-22cf-456b-99ee-e83419d5c276,PROLIFIC,11-Feb-2021 14:08:25,1173,46470,3b8501b6-3405-4dc8-bc41-271a911b8358,I know that (a/an) heating is warm as most or all other things similar to (a/an) heating are warm. ,I know that (a/an) chocoloate_bar is sweet as most or all other things similar to (a/an) chocoloate_bar are sweet. ,I know that (a/an) dress is white as most or all other things similar to (a/an) dress are white. ,5_scalar_heat-set_extension_full_range,https://app.prolific.co/submissions/complete?cc=135DD3C8,Agree or disagree (run5_scalar_heat-set_extension_full_range-experiment_scalar-batch1-70-70),409290,c797635f-da58-4b25-bd43-a929a35548e8,2021-02-11 14:08:25,305.684,2021-02-11 13:05:35.161000,2021-02-11 13:10:40.845000,7.0,true,implied_category,warm,heating,../data/prolific_output/run5_scalar_heat-group_scalar_heat/qu70-s_qu3-batch1.csv
qu70-s_qu3-batch1.csv-1,1,NOT AVAILABLE,NOT AVAILABLE,01eeb5d1-2a5f-45c4-ba39-ddbf24954839,PROLIFIC,11-Feb-2021 14:50:05,1173,46470,3b8501b6-3405-4dc8-bc41-271a911b8358,I know that (a/an) heating is warm as most or all other things similar to (a/an) heating are warm. ,I know that (a/an) chocoloate_bar is sweet as most or all other things similar to (a/an) chocoloate_bar are sweet. ,I know that (a/an) dress is white as most or all other things similar to (a/an) dress are white. ,5_scalar_heat-set_extension_full_range,https://app.prolific.co/submissions/complete?cc=135DD3C8,Agree or disagree (run5_scalar_heat-set_extension_full_range-experiment_scalar-batch1-70-70),410232,53fa11f7-87fe-49d0-a341-28fade7214db,2021-02-11 14:50:05,814.511,2021-02-11 13:43:15.871000,2021-02-11 13:56:50.382000,4.0,true,implied_category,warm,heating,../data/prolific_output/run5_scalar_heat-group_scalar_heat/qu70-s_qu3-batch1.csv
qu70-s_qu3-batch1.csv-1,1,NOT AVAILABLE,NOT AVAILABLE,4d7f576e-160c-4416-8a0b-7548a4d8bb97,PROLIFIC,11-Feb-2021 14:19:13,1173,46470,3b8501b6-3405-4dc8-bc41-271a911b8358,I know that (a/an) heating is warm as most or all other things similar to (a/an) heating are warm. ,I know that (a/an) chocoloate_bar is sweet as most or all other things similar to (a/an) chocoloate_bar are sweet. ,I know that (a/an) dress is white as most or all other things similar to (a/an) dress are white. ,5_scalar_heat-set_extension_full_range,https://app.prolific.co/submissions/complete?cc=135DD3C8,Agree or disagree (run5_scalar_heat-set_extension_full_range-experiment_scalar-batch1-70-70),409746,9c866b78-f90a-45b0-a87d-40493b6d18b3,2021-02-11 14:19:13,419.382,2021-02-11 13:13:40.482000,2021-02-11 13:20:39.864000,6.0,true,implied_category,warm,heating,../data/prolific_output/run5_scalar_heat-group_scalar_heat/qu70-s_qu3-batch1.csv
qu70-s_qu3-batch1.csv-1,1,NOT AVAILABLE,NOT AVAILABLE,3c6e8c47-52b6-40dc-912b-32b6599fd0ce,PROLIFIC,11-Feb-2021 13:56:45,1173,46470,3b8501b6-3405-4dc8-bc41-271a911b8358,I know that (a/an) heating is warm as most or all other things similar to (a/an) heating are warm. ,I know that (a/an) chocoloate_bar is sweet as most or all other things similar to (a/an) chocoloate_bar are sweet. ,I know that (a/an) dress is white as most or all other things similar to (a/an) dress are white. ,5_scalar_heat-set_extension_full_range,https://app.prolific.co/submissions/complete?cc=135DD3C8,Agree or disagree (run5_scalar_heat-set_extension_full_range-experiment_scalar-batch1-70-70),408995,63e5d3a4-8d69-4f7c-b93a-df12a16d9a46,2021-02-11 13:56:45,756.898,2021-02-11 12:49:10.608000,2021-02-11 13:01:47.506000,3.0,true,implied_category,warm,heating,../data/prolific_output/run5_scalar_heat-group_scalar_heat/qu70-s_qu3-batch1.csv
qu70-s_qu3-batch1.csv-1,1,NOT AVAILABLE,NOT AVAILABLE,df22a112-e62a-4607-8c70-d22a89b1a7d6,PROLIFIC,11-Feb-2021 14:47:26,1173,46470,3b8501b6-3405-4dc8-bc41-271a911b8358,I know that (a/an) heating is warm as most or all other things similar to (a/an) heating are warm. ,I know that (a/an) chocoloate_bar is sweet as most or all other things similar to (a/an) chocoloate_bar are sweet. ,I know that (a/an) dress is white as most or all other things similar to (a/an) dress are white. ,5_scalar_heat-set_extension_full_range,https://app.prolific.co/submissions/complete?cc=135DD3C8,Agree or disagree (run5_scalar_heat-set_extension_full_range-experiment_scalar-batch1-70-70),410183,9ae0e873-c2d6-4cee-a92a-1a689cad442c,2021-02-11 14:47:26,1418.922,2021-02-11 13:25:09.172000,2021-02-11 13:48:48.094000,5.0,true,implied_category,warm,heating,../data/prolific_output/run5_scalar_heat-group_scalar_heat/qu70-s_qu3-batch1.csv
qu70-s_qu3-batch1.csv-1,1,NOT AVAILABLE,NOT AVAILABLE,ba2e5d60-1be5-4160-8883-d9dc1d2a590c,PROLIFIC,11-Feb-2021 15:01:02,1173,46470,3b8501b6-3405-4dc8-bc41-271a911b8358,I know that (a/an) heating is warm as most or all other things similar to (a/an) heating are warm. ,I know that (a/an) chocoloate_bar is sweet as most or all other things similar to (a/an) chocoloate_bar are sweet. ,I know that (a/an) dress is white as most or all other things similar to (a/an) dress are white. ,5_scalar_heat-set_extension_full_range,https://app.prolific.co/submissions/complete?cc=135DD3C8,Agree or disagree (run5_scalar_heat-set_extension_full_range-experiment_scalar-batch1-70-70),410451,d722a6fe-05f8-44e3-bb27-56189bab3722,2021-02-11 15:01:02,506.867,2021-02-11 13:55:38.597000,2021-02-11 14:04:05.464000,2.0,true,implied_category,warm,heating,../data/prolific_output/run5_scalar_heat-group_scalar_heat/qu70-s_qu3-batch1.csv
qu70-s_qu3-batch1.csv-1,1,NOT AVAILABLE,NOT AVAILABLE,f2b79ec4-328b-4811-ad4e-e541da2cb058,PROLIFIC,11-Feb-2021 14:18:40,1173,46471,7603929d-c4d8-4f8f-b212-25d94acdd049,``Warm'' is one for the first things which come to mind when I hear ``heating' because warm is one of the typical qualities of (a/an) heating'.,``Heavy'' is one for the first things which come to mind when I hear ``rock' because heavy is one of the typical qualities of (a/an) rock'.,``Bright'' is one for the first things which come to mind when I hear ``mug' because bright is one of the typical appearances of (a/an) mug'.,5_scalar_heat-set_extension_full_range,https://app.prolific.co/submissions/complete?cc=135DD3C8,Agree or disagree (run5_scalar_heat-set_extension_full_range-experiment_scalar-batch1-70-70),409720,df8fd61a-4535-41bd-81a6-141124f05fde,2021-02-11 14:18:40,538.269,2021-02-11 13:10:15.124000,2021-02-11 13:19:13.393000,9.0,true,typical_of_concept,warm,heating,../data/prolific_output/run5_scalar_heat-group_scalar_heat/qu70-s_qu3-batch1.csv
qu70-s_qu3-batch1.csv-1,1,NOT AVAILABLE,NOT AVAILABLE,011937c5-478d-4bcd-af78-a9232b3a0158,PROLIFIC,11-Feb-2021 15:33:17,1173,46471,7603929d-c4d8-4f8f-b212-25d94acdd049,``Warm'' is one for the first things which come to mind when I hear ``heating' because warm is one of the typical qualities of (a/an) heating'.,``Heavy'' is one for the first things which come to mind when I hear ``rock' because heavy is one of the typical qualities of (a/an) rock'.,``Bright'' is one for the first things which come to mind when I hear ``mug' because bright is one of the typical appearances of (a/an) mug'.,5_scalar_heat-set_extension_full_range,https://app.prolific.co/submissions/complete?cc=135DD3C8,Agree or disagree (run5_scalar_heat-set_extension_full_range-experiment_scalar-batch1-70-70),410629,7b1cdb1a-7c7a-411c-b059-35ebc5f0f97e,2021-02-11 15:33:17,1856.165,2021-02-11 14:14:37.373000,2021-02-11 14:45:33.538000,7.0,true,typical_of_concept,warm,heating,../data/prolific_output/run5_scalar_heat-group_scalar_heat/qu70-s_qu3-batch1.csv
qu70-s_qu3-batch1.csv-1,1,NOT AVAILABLE,NOT AVAILABLE,8713bc47-83eb-4eb4-a7fb-ac15b44a0c3a,PROLIFIC,11-Feb-2021 13:59:54,1173,46471,7603929d-c4d8-4f8f-b212-25d94acdd049,``Warm'' is one for the first things which come to mind when I hear ``heating' because warm is one of the typical qualities of (a/an) heating'.,``Heavy'' is one for the first things which come to mind when I hear ``rock' because heavy is one of the typical qualities of (a/an) rock'.,``Bright'' is one for the first things which come to mind when I hear ``mug' because bright is one of the typical appearances of (a/an) mug'.,5_scalar_heat-set_extension_full_range,https://app.prolific.co/submissions/complete?cc=135DD3C8,Agree or disagree (run5_scalar_heat-set_extension_full_range-experiment_scalar-batch1-70-70),409127,fe4a7fd6-3cb1-4fca-a789-345edeb6ffce,2021-02-11 13:59:54,627.838,2021-02-11 12:52:40.305000,2021-02-11 13:03:08.143000,3.0,true,typical_of_concept,warm,heating,../data/prolific_output/run5_scalar_heat-group_scalar_heat/qu70-s_qu3-batch1.csv
qu70-s_qu3-batch1.csv-1,1,NOT AVAILABLE,NOT AVAILABLE,44d44641-22cf-456b-99ee-e83419d5c276,PROLIFIC,11-Feb-2021 14:06:41,1173,46471,7603929d-c4d8-4f8f-b212-25d94acdd049,``Warm'' is one for the first things which come to mind when I hear ``heating' because warm is one of the typical qualities of (a/an) heating'.,``Heavy'' is one for the first things which come to mind when I hear ``rock' because heavy is one of the typical qualities of (a/an) rock'.,``Bright'' is one for the first things which come to mind when I hear ``mug' because bright is one of the typical appearances of (a/an) mug'.,5_scalar_heat-set_extension_full_range,https://app.prolific.co/submissions/complete?cc=135DD3C8,Agree or disagree (run5_scalar_heat-set_extension_full_range-experiment_scalar-batch1-70-70),409245,4e4e913a-b49a-408d-8f5a-a71cd4c5b77f,2021-02-11 14:06:41,305.684,2021-02-11 13:05:35.161000,2021-02-11 13:10:40.845000,2.0,true,typical_of_concept,warm,heating,../data/prolific_output/run5_scalar_heat-group_scalar_heat/qu70-s_qu3-batch1.csv
qu70-s_qu3-batch1.csv-1,1,NOT AVAILABLE,NOT AVAILABLE,01eeb5d1-2a5f-45c4-ba39-ddbf24954839,PROLIFIC,11-Feb-2021 14:55:55,1173,46471,7603929d-c4d8-4f8f-b212-25d94acdd049,``Warm'' is one for the first things which come to mind when I hear ``heating' because warm is one of the typical qualities of (a/an) heating'.,``Heavy'' is one for the first things which come to mind when I hear ``rock' because heavy is one of the typical qualities of (a/an) rock'.,``Bright'' is one for the first things which come to mind when I hear ``mug' because bright is one of the typical appearances of (a/an) mug'.,5_scalar_heat-set_extension_full_range,https://app.prolific.co/submissions/complete?cc=135DD3C8,Agree or disagree (run5_scalar_heat-set_extension_full_range-experiment_scalar-batch1-70-70),410372,d63440a6-d070-4d22-afae-2d41f04d2778,2021-02-11 14:55:55,814.511,2021-02-11 13:43:15.871000,2021-02-11 13:56:50.382000,4.0,true,typical_of_concept,warm,heating,../data/prolific_output/run5_scalar_heat-group_scalar_heat/qu70-s_qu3-batch1.csv
qu70-s_qu3-batch1.csv-1,1,NOT AVAILABLE,NOT AVAILABLE,4d7f576e-160c-4416-8a0b-7548a4d8bb97,PROLIFIC,11-Feb-2021 14:15:24,1173,46471,7603929d-c4d8-4f8f-b212-25d94acdd049,``Warm'' is one for the first things which come to mind when I hear ``heating' because warm is one of the typical qualities of (a/an) heating'.,``Heavy'' is one for the first things which come to mind when I hear ``rock' because heavy is one of the typical qualities of (a/an) rock'.,``Bright'' is one for the first things which come to mind when I hear ``mug' because bright is one of the typical appearances of (a/an) mug'.,5_scalar_heat-set_extension_full_range,https://app.prolific.co/submissions/complete?cc=135DD3C8,Agree or disagree (run5_scalar_heat-set_extension_full_range-experiment_scalar-batch1-70-70),409557,404d200c-cdcc-4fee-8436-ad118df94968,2021-02-11 14:15:24,419.382,2021-02-11 13:13:40.482000,2021-02-11 13:20:39.864000,8.0,true,typical_of_concept,warm,heating,../data/prolific_output/run5_scalar_heat-group_scalar_heat/qu70-s_qu3-batch1.csv
qu70-s_qu3-batch1.csv-1,1,NOT AVAILABLE,NOT AVAILABLE,3c6e8c47-52b6-40dc-912b-32b6599fd0ce,PROLIFIC,11-Feb-2021 13:58:08,1173,46471,7603929d-c4d8-4f8f-b212-25d94acdd049,``Warm'' is one for the first things which come to mind when I hear ``heating' because warm is one of the typical qualities of (a/an) heating'.,``Heavy'' is one for the first things which come to mind when I hear ``rock' because heavy is one of the typical qualities of (a/an) rock'.,``Bright'' is one for the first things which come to mind when I hear ``mug' because bright is one of the typical appearances of (a/an) mug'.,5_scalar_heat-set_extension_full_range,https://app.prolific.co/submissions/complete?cc=135DD3C8,Agree or disagree (run5_scalar_heat-set_extension_full_range-experiment_scalar-batch1-70-70),409057,66aa5928-f50b-49f8-a083-af6220eaeb4b,2021-02-11 13:58:08,756.898,2021-02-11 12:49:10.608000,2021-02-11 13:01:47.506000,5.0,true,typical_of_concept,warm,heating,../data/prolific_output/run5_scalar_heat-group_scalar_heat/qu70-s_qu3-batch1.csv
qu70-s_qu3-batch1.csv-1,1,NOT AVAILABLE,NOT AVAILABLE,df22a112-e62a-4607-8c70-d22a89b1a7d6,PROLIFIC,11-Feb-2021 14:29:37,1173,46471,7603929d-c4d8-4f8f-b212-25d94acdd049,``Warm'' is one for the first things which come to mind when I hear ``heating' because warm is one of the typical qualities of (a/an) heating'.,``Heavy'' is one for the first things which come to mind when I hear ``rock' because heavy is one of the typical qualities of (a/an) rock'.,``Bright'' is one for the first things which come to mind when I hear ``mug' because bright is one of the typical appearances of (a/an) mug'.,5_scalar_heat-set_extension_full_range,https://app.prolific.co/submissions/complete?cc=135DD3C8,Agree or disagree (run5_scalar_heat-set_extension_full_range-experiment_scalar-batch1-70-70),409913,940c81c8-fcc5-4e39-ac71-1ee678ec03a3,2021-02-11 14:29:37,1418.922,2021-02-11 13:25:09.172000,2021-02-11 13:48:48.094000,5.0,true,typical_of_concept,warm,heating,../data/prolific_output/run5_scalar_heat-group_scalar_heat/qu70-s_qu3-batch1.csv
qu70-s_qu3-batch1.csv-1,1,NOT AVAILABLE,NOT AVAILABLE,ba2e5d60-1be5-4160-8883-d9dc1d2a590c,PROLIFIC,11-Feb-2021 15:00:34,1173,46471,7603929d-c4d8-4f8f-b212-25d94acdd049,``Warm'' is one for the first things which come to mind when I hear ``heating' because warm is one of the typical qualities of (a/an) heating'.,``Heavy'' is one for the first things which come to mind when I hear ``rock' because heavy is one of the typical qualities of (a/an) rock'.,``Bright'' is one for the first things which come to mind when I hear ``mug' because bright is one of the typical appearances of (a/an) mug'.,5_scalar_heat-set_extension_full_range,https://app.prolific.co/submissions/complete?cc=135DD3C8,Agree or disagree (run5_scalar_heat-set_extension_full_range-experiment_scalar-batch1-70-70),410444,650d0533-92cc-4160-bc9b-462b1a7f4de9,2021-02-11 15:00:34,506.867,2021-02-11 13:55:38.597000,2021-02-11 14:04:05.464000,3.0,true,typical_of_concept,warm,heating,../data/prolific_output/run5_scalar_heat-group_scalar_heat/qu70-s_qu3-batch1.csv
qu70-s_qu3-batch1.csv-1,1,NOT AVAILABLE,NOT AVAILABLE,f2b79ec4-328b-4811-ad4e-e541da2cb058,PROLIFIC,11-Feb-2021 14:11:21,1173,46472,0e2054b4-a786-48d9-9712-67cfc68af0d4,"I think (a/an) heating can be warm, but this is rare or uncommon.","I think (a/an) chocolate can be salty, but this is rare or uncommon.","I think (a/an) cherry can be salty, but this is rare or uncommon.",5_scalar_heat-set_extension_full_range,https://app.prolific.co/submissions/complete?cc=135DD3C8,Agree or disagree (run5_scalar_heat-set_extension_full_range-experiment_scalar-batch1-70-70),409407,f98cef2e-654a-4254-815b-19785d848ad1,2021-02-11 14:11:21,538.269,2021-02-11 13:10:15.124000,2021-02-11 13:19:13.393000,2.0,false,rare,warm,heating,../data/prolific_output/run5_scalar_heat-group_scalar_heat/qu70-s_qu3-batch1.csv
qu70-s_qu3-batch1.csv-1,1,NOT AVAILABLE,NOT AVAILABLE,011937c5-478d-4bcd-af78-a9232b3a0158,PROLIFIC,11-Feb-2021 15:45:01,1173,46472,0e2054b4-a786-48d9-9712-67cfc68af0d4,"I think (a/an) heating can be warm, but this is rare or uncommon.","I think (a/an) chocolate can be salty, but this is rare or uncommon.","I think (a/an) cherry can be salty, but this is rare or uncommon.",5_scalar_heat-set_extension_full_range,https://app.prolific.co/submissions/complete?cc=135DD3C8,Agree or disagree (run5_scalar_heat-set_extension_full_range-experiment_scalar-batch1-70-70),410699,74111878-81da-4c2a-88f6-0757cb920635,2021-02-11 15:45:01,1856.165,2021-02-11 14:14:37.373000,2021-02-11 14:45:33.538000,5.0,false,rare,warm,heating,../data/prolific_output/run5_scalar_heat-group_scalar_heat/qu70-s_qu3-batch1.csv
qu70-s_qu3-batch1.csv-1,1,NOT AVAILABLE,NOT AVAILABLE,8713bc47-83eb-4eb4-a7fb-ac15b44a0c3a,PROLIFIC,11-Feb-2021 14:01:01,1173,46472,0e2054b4-a786-48d9-9712-67cfc68af0d4,"I think (a/an) heating can be warm, but this is rare or uncommon.","I think (a/an) chocolate can be salty, but this is rare or uncommon.","I think (a/an) cherry can be salty, but this is rare or uncommon.",5_scalar_heat-set_extension_full_range,https://app.prolific.co/submissions/complete?cc=135DD3C8,Agree or disagree (run5_scalar_heat-set_extension_full_range-experiment_scalar-batch1-70-70),409150,7f20d30b-f57c-452a-9a2b-3f2f0c23b764,2021-02-11 14:01:01,627.838,2021-02-11 12:52:40.305000,2021-02-11 13:03:08.143000,2.0,false,rare,warm,heating,../data/prolific_output/run5_scalar_heat-group_scalar_heat/qu70-s_qu3-batch1.csv
qu70-s_qu3-batch1.csv-1,1,NOT AVAILABLE,NOT AVAILABLE,44d44641-22cf-456b-99ee-e83419d5c276,PROLIFIC,11-Feb-2021 14:08:49,1173,46472,0e2054b4-a786-48d9-9712-67cfc68af0d4,"I think (a/an) heating can be warm, but this is rare or uncommon.","I think (a/an) chocolate can be salty, but this is rare or uncommon.","I think (a/an) cherry can be salty, but this is rare or uncommon.",5_scalar_heat-set_extension_full_range,https://app.prolific.co/submissions/complete?cc=135DD3C8,Agree or disagree (run5_scalar_heat-set_extension_full_range-experiment_scalar-batch1-70-70),409304,ef3c2b28-e72a-4d92-89e5-ad0e48a8d9b1,2021-02-11 14:08:49,305.684,2021-02-11 13:05:35.161000,2021-02-11 13:10:40.845000,2.0,false,rare,warm,heating,../data/prolific_output/run5_scalar_heat-group_scalar_heat/qu70-s_qu3-batch1.csv
qu70-s_qu3-batch1.csv-1,1,NOT AVAILABLE,NOT AVAILABLE,01eeb5d1-2a5f-45c4-ba39-ddbf24954839,PROLIFIC,11-Feb-2021 14:53:42,1173,46472,0e2054b4-a786-48d9-9712-67cfc68af0d4,"I think (a/an) heating can be warm, but this is rare or uncommon.","I think (a/an) chocolate can be salty, but this is rare or uncommon.","I think (a/an) cherry can be salty, but this is rare or uncommon.",5_scalar_heat-set_extension_full_range,https://app.prolific.co/submissions/complete?cc=135DD3C8,Agree or disagree (run5_scalar_heat-set_extension_full_range-experiment_scalar-batch1-70-70),410290,939534e7-3cf9-4e10-9e14-c5b76f2adbf5,2021-02-11 14:53:42,814.511,2021-02-11 13:43:15.871000,2021-02-11 13:56:50.382000,3.0,false,rare,warm,heating,../data/prolific_output/run5_scalar_heat-group_scalar_heat/qu70-s_qu3-batch1.csv
qu70-s_qu3-batch1.csv-1,1,NOT AVAILABLE,NOT AVAILABLE,4d7f576e-160c-4416-8a0b-7548a4d8bb97,PROLIFIC,11-Feb-2021 14:14:16,1173,46472,0e2054b4-a786-48d9-9712-67cfc68af0d4,"I think (a/an) heating can be warm, but this is rare or uncommon.","I think (a/an) chocolate can be salty, but this is rare or uncommon.","I think (a/an) cherry can be salty, but this is rare or uncommon.",5_scalar_heat-set_extension_full_range,https://app.prolific.co/submissions/complete?cc=135DD3C8,Agree or disagree (run5_scalar_heat-set_extension_full_range-experiment_scalar-batch1-70-70),409502,bcdec68f-751a-4479-aa3e-b0c9f6054a24,2021-02-11 14:14:16,419.382,2021-02-11 13:13:40.482000,2021-02-11 13:20:39.864000,4.0,false,rare,warm,heating,../data/prolific_output/run5_scalar_heat-group_scalar_heat/qu70-s_qu3-batch1.csv
qu70-s_qu3-batch1.csv-1,1,NOT AVAILABLE,NOT AVAILABLE,3c6e8c47-52b6-40dc-912b-32b6599fd0ce,PROLIFIC,11-Feb-2021 13:58:15,1173,46472,0e2054b4-a786-48d9-9712-67cfc68af0d4,"I think (a/an) heating can be warm, but this is rare or uncommon.","I think (a/an) chocolate can be salty, but this is rare or uncommon.","I think (a/an) cherry can be salty, but this is rare or uncommon.",5_scalar_heat-set_extension_full_range,https://app.prolific.co/submissions/complete?cc=135DD3C8,Agree or disagree (run5_scalar_heat-set_extension_full_range-experiment_scalar-batch1-70-70),409061,418c6ff4-f6bb-4386-8141-b0f342606b8b,2021-02-11 13:58:15,756.898,2021-02-11 12:49:10.608000,2021-02-11 13:01:47.506000,4.0,false,rare,warm,heating,../data/prolific_output/run5_scalar_heat-group_scalar_heat/qu70-s_qu3-batch1.csv
qu70-s_qu3-batch1.csv-1,1,NOT AVAILABLE,NOT AVAILABLE,df22a112-e62a-4607-8c70-d22a89b1a7d6,PROLIFIC,11-Feb-2021 14:29:32,1173,46472,0e2054b4-a786-48d9-9712-67cfc68af0d4,"I think (a/an) heating can be warm, but this is rare or uncommon.","I think (a/an) chocolate can be salty, but this is rare or uncommon.","I think (a/an) cherry can be salty, but this is rare or uncommon.",5_scalar_heat-set_extension_full_range,https://app.prolific.co/submissions/complete?cc=135DD3C8,Agree or disagree (run5_scalar_heat-set_extension_full_range-experiment_scalar-batch1-70-70),409910,183cf01d-cf84-4b48-873e-15f3bb787318,2021-02-11 14:29:32,1418.922,2021-02-11 13:25:09.172000,2021-02-11 13:48:48.094000,4.0,false,rare,warm,heating,../data/prolific_output/run5_scalar_heat-group_scalar_heat/qu70-s_qu3-batch1.csv
qu70-s_qu3-batch1.csv-1,1,NOT AVAILABLE,NOT AVAILABLE,ba2e5d60-1be5-4160-8883-d9dc1d2a590c,PROLIFIC,11-Feb-2021 14:57:18,1173,46472,0e2054b4-a786-48d9-9712-67cfc68af0d4,"I think (a/an) heating can be warm, but this is rare or uncommon.","I think (a/an) chocolate can be salty, but this is rare or uncommon.","I think (a/an) cherry can be salty, but this is rare or uncommon.",5_scalar_heat-set_extension_full_range,https://app.prolific.co/submissions/complete?cc=135DD3C8,Agree or disagree (run5_scalar_heat-set_extension_full_range-experiment_scalar-batch1-70-70),410396,9761897b-47b3-4584-bc90-6e12dfbbdbaa,2021-02-11 14:57:18,506.867,2021-02-11 13:55:38.597000,2021-02-11 14:04:05.464000,6.0,false,rare,warm,heating,../data/prolific_output/run5_scalar_heat-group_scalar_heat/qu70-s_qu3-batch1.csv
qu70-s_qu3-batch1.csv-1,1,NOT AVAILABLE,NOT AVAILABLE,f2b79ec4-328b-4811-ad4e-e541da2cb058,PROLIFIC,11-Feb-2021 14:12:46,1173,46473,13ec71d3-dd66-44d8-80f6-398908c5b8d0,I think it is impossible for (a/an) heating to be warm.,I think it is impossible for (a/an) steam to be solid.,I think it is impossible for (a/an) flame to be orange.,5_scalar_heat-set_extension_full_range,https://app.prolific.co/submissions/complete?cc=135DD3C8,Agree or disagree (run5_scalar_heat-set_extension_full_range-experiment_scalar-batch1-70-70),409455,549b3b13-1629-4c25-b678-4aebb9c502e9,2021-02-11 14:12:46,538.269,2021-02-11 13:10:15.124000,2021-02-11 13:19:13.393000,3.0,false,impossible,warm,heating,../data/prolific_output/run5_scalar_heat-group_scalar_heat/qu70-s_qu3-batch1.csv
qu70-s_qu3-batch1.csv-1,1,NOT AVAILABLE,NOT AVAILABLE,011937c5-478d-4bcd-af78-a9232b3a0158,PROLIFIC,11-Feb-2021 15:44:11,1173,46473,13ec71d3-dd66-44d8-80f6-398908c5b8d0,I think it is impossible for (a/an) heating to be warm.,I think it is impossible for (a/an) steam to be solid.,I think it is impossible for (a/an) flame to be orange.,5_scalar_heat-set_extension_full_range,https://app.prolific.co/submissions/complete?cc=135DD3C8,Agree or disagree (run5_scalar_heat-set_extension_full_range-experiment_scalar-batch1-70-70),410686,0f2e9ffc-9e19-4e3f-8866-91a2989b3a57,2021-02-11 15:44:11,1856.165,2021-02-11 14:14:37.373000,2021-02-11 14:45:33.538000,2.0,false,impossible,warm,heating,../data/prolific_output/run5_scalar_heat-group_scalar_heat/qu70-s_qu3-batch1.csv
qu70-s_qu3-batch1.csv-1,1,NOT AVAILABLE,NOT AVAILABLE,8713bc47-83eb-4eb4-a7fb-ac15b44a0c3a,PROLIFIC,11-Feb-2021 14:00:09,1173,46473,13ec71d3-dd66-44d8-80f6-398908c5b8d0,I think it is impossible for (a/an) heating to be warm.,I think it is impossible for (a/an) steam to be solid.,I think it is impossible for (a/an) flame to be orange.,5_scalar_heat-set_extension_full_range,https://app.prolific.co/submissions/complete?cc=135DD3C8,Agree or disagree (run5_scalar_heat-set_extension_full_range-experiment_scalar-batch1-70-70),409135,8219d2fe-382c-4552-a6b2-13a53f1fd5fe,2021-02-11 14:00:09,627.838,2021-02-11 12:52:40.305000,2021-02-11 13:03:08.143000,3.0,false,impossible,warm,heating,../data/prolific_output/run5_scalar_heat-group_scalar_heat/qu70-s_qu3-batch1.csv
qu70-s_qu3-batch1.csv-1,1,NOT AVAILABLE,NOT AVAILABLE,44d44641-22cf-456b-99ee-e83419d5c276,PROLIFIC,11-Feb-2021 14:09:40,1173,46473,13ec71d3-dd66-44d8-80f6-398908c5b8d0,I think it is impossible for (a/an) heating to be warm.,I think it is impossible for (a/an) steam to be solid.,I think it is impossible for (a/an) flame to be orange.,5_scalar_heat-set_extension_full_range,https://app.prolific.co/submissions/complete?cc=135DD3C8,Agree or disagree (run5_scalar_heat-set_extension_full_range-experiment_scalar-batch1-70-70),409343,8c95ac81-22b6-4876-b95c-f16d167a6782,2021-02-11 14:09:40,305.684,2021-02-11 13:05:35.161000,2021-02-11 13:10:40.845000,2.0,false,impossible,warm,heating,../data/prolific_output/run5_scalar_heat-group_scalar_heat/qu70-s_qu3-batch1.csv
qu70-s_qu3-batch1.csv-1,1,NOT AVAILABLE,NOT AVAILABLE,01eeb5d1-2a5f-45c4-ba39-ddbf24954839,PROLIFIC,11-Feb-2021 14:49:49,1173,46473,13ec71d3-dd66-44d8-80f6-398908c5b8d0,I think it is impossible for (a/an) heating to be warm.,I think it is impossible for (a/an) steam to be solid.,I think it is impossible for (a/an) flame to be orange.,5_scalar_heat-set_extension_full_range,https://app.prolific.co/submissions/complete?cc=135DD3C8,Agree or disagree (run5_scalar_heat-set_extension_full_range-experiment_scalar-batch1-70-70),410228,2f278f81-433b-4562-b940-f11275d08f2d,2021-02-11 14:49:49,814.511,2021-02-11 13:43:15.871000,2021-02-11 13:56:50.382000,15.0,false,impossible,warm,heating,../data/prolific_output/run5_scalar_heat-group_scalar_heat/qu70-s_qu3-batch1.csv
qu70-s_qu3-batch1.csv-1,1,NOT AVAILABLE,NOT AVAILABLE,4d7f576e-160c-4416-8a0b-7548a4d8bb97,PROLIFIC,11-Feb-2021 14:18:52,1173,46473,13ec71d3-dd66-44d8-80f6-398908c5b8d0,I think it is impossible for (a/an) heating to be warm.,I think it is impossible for (a/an) steam to be solid.,I think it is impossible for (a/an) flame to be orange.,5_scalar_heat-set_extension_full_range,https://app.prolific.co/submissions/complete?cc=135DD3C8,Agree or disagree (run5_scalar_heat-set_extension_full_range-experiment_scalar-batch1-70-70),409732,affd843e-682b-498d-be28-0d0f0d4c8b22,2021-02-11 14:18:52,419.382,2021-02-11 13:13:40.482000,2021-02-11 13:20:39.864000,3.0,false,impossible,warm,heating,../data/prolific_output/run5_scalar_heat-group_scalar_heat/qu70-s_qu3-batch1.csv
qu70-s_qu3-batch1.csv-1,1,NOT AVAILABLE,NOT AVAILABLE,3c6e8c47-52b6-40dc-912b-32b6599fd0ce,PROLIFIC,11-Feb-2021 13:58:54,1173,46473,13ec71d3-dd66-44d8-80f6-398908c5b8d0,I think it is impossible for (a/an) heating to be warm.,I think it is impossible for (a/an) steam to be solid.,I think it is impossible for (a/an) flame to be orange.,5_scalar_heat-set_extension_full_range,https://app.prolific.co/submissions/complete?cc=135DD3C8,Agree or disagree (run5_scalar_heat-set_extension_full_range-experiment_scalar-batch1-70-70),409090,3d30018b-5520-49be-b52b-ccd1948c3e81,2021-02-11 13:58:54,756.898,2021-02-11 12:49:10.608000,2021-02-11 13:01:47.506000,3.0,false,impossible,warm,heating,../data/prolific_output/run5_scalar_heat-group_scalar_heat/qu70-s_qu3-batch1.csv
qu70-s_qu3-batch1.csv-1,1,NOT AVAILABLE,NOT AVAILABLE,df22a112-e62a-4607-8c70-d22a89b1a7d6,PROLIFIC,11-Feb-2021 14:39:29,1173,46473,13ec71d3-dd66-44d8-80f6-398908c5b8d0,I think it is impossible for (a/an) heating to be warm.,I think it is impossible for (a/an) steam to be solid.,I think it is impossible for (a/an) flame to be orange.,5_scalar_heat-set_extension_full_range,https://app.prolific.co/submissions/complete?cc=135DD3C8,Agree or disagree (run5_scalar_heat-set_extension_full_range-experiment_scalar-batch1-70-70),410091,a7d4badd-46a5-4add-a058-52296caa2261,2021-02-11 14:39:29,1418.922,2021-02-11 13:25:09.172000,2021-02-11 13:48:48.094000,1.0,false,impossible,warm,heating,../data/prolific_output/run5_scalar_heat-group_scalar_heat/qu70-s_qu3-batch1.csv
qu70-s_qu3-batch1.csv-1,1,NOT AVAILABLE,NOT AVAILABLE,ba2e5d60-1be5-4160-8883-d9dc1d2a590c,PROLIFIC,11-Feb-2021 14:57:12,1173,46473,13ec71d3-dd66-44d8-80f6-398908c5b8d0,I think it is impossible for (a/an) heating to be warm.,I think it is impossible for (a/an) steam to be solid.,I think it is impossible for (a/an) flame to be orange.,5_scalar_heat-set_extension_full_range,https://app.prolific.co/submissions/complete?cc=135DD3C8,Agree or disagree (run5_scalar_heat-set_extension_full_range-experiment_scalar-batch1-70-70),410393,38acee2c-0a24-4019-a01a-5d1728b66dbc,2021-02-11 14:57:12,506.867,2021-02-11 13:55:38.597000,2021-02-11 14:04:05.464000,4.0,false,impossible,warm,heating,../data/prolific_output/run5_scalar_heat-group_scalar_heat/qu70-s_qu3-batch1.csv
qu70-s_qu3-batch1.csv-1,1,NOT AVAILABLE,NOT AVAILABLE,f2b79ec4-328b-4811-ad4e-e541da2cb058,PROLIFIC,11-Feb-2021 14:11:11,1173,46474,4b19486d-2d8f-4960-9526-14b95e4f233b,``Heating'' is one of the first things which come to mind when I hear ``warm' because (a/an) heating is a typical example of things which are warm'. ,``Snow'' is one of the first things which come to mind when I hear ``white' because (a/an) snow is a typical example of things which are white'. ,``Water'' is one of the first things which come to mind when I hear ``grey' because (a/an) water is a typical example of things which are grey'. ,5_scalar_heat-set_extension_full_range,https://app.prolific.co/submissions/complete?cc=135DD3C8,Agree or disagree (run5_scalar_heat-set_extension_full_range-experiment_scalar-batch1-70-70),409401,c35d3834-1d9d-481b-833b-0fd8b618c625,2021-02-11 14:11:11,538.269,2021-02-11 13:10:15.124000,2021-02-11 13:19:13.393000,2.0,true,typical_of_property,warm,heating,../data/prolific_output/run5_scalar_heat-group_scalar_heat/qu70-s_qu3-batch1.csv
qu70-s_qu3-batch1.csv-1,1,NOT AVAILABLE,NOT AVAILABLE,011937c5-478d-4bcd-af78-a9232b3a0158,PROLIFIC,11-Feb-2021 15:33:43,1173,46474,4b19486d-2d8f-4960-9526-14b95e4f233b,``Heating'' is one of the first things which come to mind when I hear ``warm' because (a/an) heating is a typical example of things which are warm'. ,``Snow'' is one of the first things which come to mind when I hear ``white' because (a/an) snow is a typical example of things which are white'. ,``Water'' is one of the first things which come to mind when I hear ``grey' because (a/an) water is a typical example of things which are grey'. ,5_scalar_heat-set_extension_full_range,https://app.prolific.co/submissions/complete?cc=135DD3C8,Agree or disagree (run5_scalar_heat-set_extension_full_range-experiment_scalar-batch1-70-70),410633,2c1486f7-af4b-4a8b-a953-ca3137c00726,2021-02-11 15:33:43,1856.165,2021-02-11 14:14:37.373000,2021-02-11 14:45:33.538000,6.0,true,typical_of_property,warm,heating,../data/prolific_output/run5_scalar_heat-group_scalar_heat/qu70-s_qu3-batch1.csv
qu70-s_qu3-batch1.csv-1,1,NOT AVAILABLE,NOT AVAILABLE,8713bc47-83eb-4eb4-a7fb-ac15b44a0c3a,PROLIFIC,11-Feb-2021 13:59:33,1173,46474,4b19486d-2d8f-4960-9526-14b95e4f233b,``Heating'' is one of the first things which come to mind when I hear ``warm' because (a/an) heating is a typical example of things which are warm'. ,``Snow'' is one of the first things which come to mind when I hear ``white' because (a/an) snow is a typical example of things which are white'. ,``Water'' is one of the first things which come to mind when I hear ``grey' because (a/an) water is a typical example of things which are grey'. ,5_scalar_heat-set_extension_full_range,https://app.prolific.co/submissions/complete?cc=135DD3C8,Agree or disagree (run5_scalar_heat-set_extension_full_range-experiment_scalar-batch1-70-70),409113,00302ab6-5e0d-4c30-8aa2-7e4fc6f2b4d3,2021-02-11 13:59:33,627.838,2021-02-11 12:52:40.305000,2021-02-11 13:03:08.143000,5.0,true,typical_of_property,warm,heating,../data/prolific_output/run5_scalar_heat-group_scalar_heat/qu70-s_qu3-batch1.csv
qu70-s_qu3-batch1.csv-1,1,NOT AVAILABLE,NOT AVAILABLE,44d44641-22cf-456b-99ee-e83419d5c276,PROLIFIC,11-Feb-2021 14:09:11,1173,46474,4b19486d-2d8f-4960-9526-14b95e4f233b,``Heating'' is one of the first things which come to mind when I hear ``warm' because (a/an) heating is a typical example of things which are warm'. ,``Snow'' is one of the first things which come to mind when I hear ``white' because (a/an) snow is a typical example of things which are white'. ,``Water'' is one of the first things which come to mind when I hear ``grey' because (a/an) water is a typical example of things which are grey'. ,5_scalar_heat-set_extension_full_range,https://app.prolific.co/submissions/complete?cc=135DD3C8,Agree or disagree (run5_scalar_heat-set_extension_full_range-experiment_scalar-batch1-70-70),409317,a937c8e3-0901-4f96-9d2c-b0020b8ddfdd,2021-02-11 14:09:11,305.684,2021-02-11 13:05:35.161000,2021-02-11 13:10:40.845000,9.0,true,typical_of_property,warm,heating,../data/prolific_output/run5_scalar_heat-group_scalar_heat/qu70-s_qu3-batch1.csv
qu70-s_qu3-batch1.csv-1,1,NOT AVAILABLE,NOT AVAILABLE,01eeb5d1-2a5f-45c4-ba39-ddbf24954839,PROLIFIC,11-Feb-2021 14:56:13,1173,46474,4b19486d-2d8f-4960-9526-14b95e4f233b,``Heating'' is one of the first things which come to mind when I hear ``warm' because (a/an) heating is a typical example of things which are warm'. ,``Snow'' is one of the first things which come to mind when I hear ``white' because (a/an) snow is a typical example of things which are white'. ,``Water'' is one of the first things which come to mind when I hear ``grey' because (a/an) water is a typical example of things which are grey'. ,5_scalar_heat-set_extension_full_range,https://app.prolific.co/submissions/complete?cc=135DD3C8,Agree or disagree (run5_scalar_heat-set_extension_full_range-experiment_scalar-batch1-70-70),410377,df3d6c9a-d9d5-45bc-9732-8652030659a4,2021-02-11 14:56:13,814.511,2021-02-11 13:43:15.871000,2021-02-11 13:56:50.382000,4.0,true,typical_of_property,warm,heating,../data/prolific_output/run5_scalar_heat-group_scalar_heat/qu70-s_qu3-batch1.csv
qu70-s_qu3-batch1.csv-1,1,NOT AVAILABLE,NOT AVAILABLE,4d7f576e-160c-4416-8a0b-7548a4d8bb97,PROLIFIC,11-Feb-2021 14:16:53,1173,46474,4b19486d-2d8f-4960-9526-14b95e4f233b,``Heating'' is one of the first things which come to mind when I hear ``warm' because (a/an) heating is a typical example of things which are warm'. ,``Snow'' is one of the first things which come to mind when I hear ``white' because (a/an) snow is a typical example of things which are white'. ,``Water'' is one of the first things which come to mind when I hear ``grey' because (a/an) water is a typical example of things which are grey'. ,5_scalar_heat-set_extension_full_range,https://app.prolific.co/submissions/complete?cc=135DD3C8,Agree or disagree (run5_scalar_heat-set_extension_full_range-experiment_scalar-batch1-70-70),409632,cf1a171b-1833-47ef-be18-5a02abf70339,2021-02-11 14:16:53,419.382,2021-02-11 13:13:40.482000,2021-02-11 13:20:39.864000,3.0,true,typical_of_property,warm,heating,../data/prolific_output/run5_scalar_heat-group_scalar_heat/qu70-s_qu3-batch1.csv
qu70-s_qu3-batch1.csv-1,1,NOT AVAILABLE,NOT AVAILABLE,3c6e8c47-52b6-40dc-912b-32b6599fd0ce,PROLIFIC,11-Feb-2021 13:54:53,1173,46474,4b19486d-2d8f-4960-9526-14b95e4f233b,``Heating'' is one of the first things which come to mind when I hear ``warm' because (a/an) heating is a typical example of things which are warm'. ,``Snow'' is one of the first things which come to mind when I hear ``white' because (a/an) snow is a typical example of things which are white'. ,``Water'' is one of the first things which come to mind when I hear ``grey' because (a/an) water is a typical example of things which are grey'. ,5_scalar_heat-set_extension_full_range,https://app.prolific.co/submissions/complete?cc=135DD3C8,Agree or disagree (run5_scalar_heat-set_extension_full_range-experiment_scalar-batch1-70-70),408921,806297e1-ffda-4348-ac07-a2f0815c31ac,2021-02-11 13:54:53,756.898,2021-02-11 12:49:10.608000,2021-02-11 13:01:47.506000,7.0,true,typical_of_property,warm,heating,../data/prolific_output/run5_scalar_heat-group_scalar_heat/qu70-s_qu3-batch1.csv
qu70-s_qu3-batch1.csv-1,1,NOT AVAILABLE,NOT AVAILABLE,df22a112-e62a-4607-8c70-d22a89b1a7d6,PROLIFIC,11-Feb-2021 14:33:38,1173,46474,4b19486d-2d8f-4960-9526-14b95e4f233b,``Heating'' is one of the first things which come to mind when I hear ``warm' because (a/an) heating is a typical example of things which are warm'. ,``Snow'' is one of the first things which come to mind when I hear ``white' because (a/an) snow is a typical example of things which are white'. ,``Water'' is one of the first things which come to mind when I hear ``grey' because (a/an) water is a typical example of things which are grey'. ,5_scalar_heat-set_extension_full_range,https://app.prolific.co/submissions/complete?cc=135DD3C8,Agree or disagree (run5_scalar_heat-set_extension_full_range-experiment_scalar-batch1-70-70),410019,9d8c3b0b-8441-44ef-9c4d-f953f97d360c,2021-02-11 14:33:38,1418.922,2021-02-11 13:25:09.172000,2021-02-11 13:48:48.094000,35.0,false,typical_of_property,warm,heating,../data/prolific_output/run5_scalar_heat-group_scalar_heat/qu70-s_qu3-batch1.csv
qu70-s_qu3-batch1.csv-1,1,NOT AVAILABLE,NOT AVAILABLE,ba2e5d60-1be5-4160-8883-d9dc1d2a590c,PROLIFIC,11-Feb-2021 14:58:34,1173,46474,4b19486d-2d8f-4960-9526-14b95e4f233b,``Heating'' is one of the first things which come to mind when I hear ``warm' because (a/an) heating is a typical example of things which are warm'. ,``Snow'' is one of the first things which come to mind when I hear ``white' because (a/an) snow is a typical example of things which are white'. ,``Water'' is one of the first things which come to mind when I hear ``grey' because (a/an) water is a typical example of things which are grey'. ,5_scalar_heat-set_extension_full_range,https://app.prolific.co/submissions/complete?cc=135DD3C8,Agree or disagree (run5_scalar_heat-set_extension_full_range-experiment_scalar-batch1-70-70),410414,9696ed61-3c9e-461f-b224-5bbc32d961c1,2021-02-11 14:58:34,506.867,2021-02-11 13:55:38.597000,2021-02-11 14:04:05.464000,5.0,true,typical_of_property,warm,heating,../data/prolific_output/run5_scalar_heat-group_scalar_heat/qu70-s_qu3-batch1.csv
qu70-s_qu3-batch1.csv-1,1,NOT AVAILABLE,NOT AVAILABLE,f2b79ec4-328b-4811-ad4e-e541da2cb058,PROLIFIC,11-Feb-2021 14:15:21,1173,46475,daab5f6c-44e7-4ff9-b351-cd3a5e9926d7,"I could say (a/an) oven is cold, but I would most certainly not mean it literally.","I could say (a/an) anger is hot, but I would most certainly not mean it literally.
I could say (a/an) person is cold, but I would most certainly not mean it literally.
I could say (a/an) story is dark, but I would most certainly not mean it literally.","I could say (a/an) fire is hot, but I would most certainly not mean it literally.
I could say (a/an) stone is heavy, but I would most certainly not mean it literally.
I could say (a/an) argument is liquid, but I would most certainly not mean it literally.",5_scalar_heat-set_extension_full_range,https://app.prolific.co/submissions/complete?cc=135DD3C8,Agree or disagree (run5_scalar_heat-set_extension_full_range-experiment_scalar-batch1-70-70),409553,be90b056-8ba4-495d-807c-32b7db0f36b6,2021-02-11 14:15:21,538.269,2021-02-11 13:10:15.124000,2021-02-11 13:19:13.393000,2.0,true,creative,cold,oven,../data/prolific_output/run5_scalar_heat-group_scalar_heat/qu70-s_qu3-batch1.csv
qu70-s_qu3-batch1.csv-1,1,NOT AVAILABLE,NOT AVAILABLE,011937c5-478d-4bcd-af78-a9232b3a0158,PROLIFIC,11-Feb-2021 15:43:19,1173,46475,daab5f6c-44e7-4ff9-b351-cd3a5e9926d7,"I could say (a/an) oven is cold, but I would most certainly not mean it literally.","I could say (a/an) anger is hot, but I would most certainly not mean it literally.
I could say (a/an) person is cold, but I would most certainly not mean it literally.
I could say (a/an) story is dark, but I would most certainly not mean it literally.","I could say (a/an) fire is hot, but I would most certainly not mean it literally.
I could say (a/an) stone is heavy, but I would most certainly not mean it literally.
I could say (a/an) argument is liquid, but I would most certainly not mean it literally.",5_scalar_heat-set_extension_full_range,https://app.prolific.co/submissions/complete?cc=135DD3C8,Agree or disagree (run5_scalar_heat-set_extension_full_range-experiment_scalar-batch1-70-70),410677,49768721-c661-409a-81fd-aec3637a37ec,2021-02-11 15:43:19,1856.165,2021-02-11 14:14:37.373000,2021-02-11 14:45:33.538000,2.0,true,creative,cold,oven,../data/prolific_output/run5_scalar_heat-group_scalar_heat/qu70-s_qu3-batch1.csv
qu70-s_qu3-batch1.csv-1,1,NOT AVAILABLE,NOT AVAILABLE,8713bc47-83eb-4eb4-a7fb-ac15b44a0c3a,PROLIFIC,11-Feb-2021 13:57:45,1173,46475,daab5f6c-44e7-4ff9-b351-cd3a5e9926d7,"I could say (a/an) oven is cold, but I would most certainly not mean it literally.","I could say (a/an) anger is hot, but I would most certainly not mean it literally.
I could say (a/an) person is cold, but I would most certainly not mean it literally.
I could say (a/an) story is dark, but I would most certainly not mean it literally.","I could say (a/an) fire is hot, but I would most certainly not mean it literally.
I could say (a/an) stone is heavy, but I would most certainly not mean it literally.
I could say (a/an) argument is liquid, but I would most certainly not mean it literally.",5_scalar_heat-set_extension_full_range,https://app.prolific.co/submissions/complete?cc=135DD3C8,Agree or disagree (run5_scalar_heat-set_extension_full_range-experiment_scalar-batch1-70-70),409038,a51e7b37-a2f5-4085-bb75-75b349417906,2021-02-11 13:57:45,627.838,2021-02-11 12:52:40.305000,2021-02-11 13:03:08.143000,2.0,false,creative,cold,oven,../data/prolific_output/run5_scalar_heat-group_scalar_heat/qu70-s_qu3-batch1.csv
qu70-s_qu3-batch1.csv-1,1,NOT AVAILABLE,NOT AVAILABLE,44d44641-22cf-456b-99ee-e83419d5c276,PROLIFIC,11-Feb-2021 14:08:28,1173,46475,daab5f6c-44e7-4ff9-b351-cd3a5e9926d7,"I could say (a/an) oven is cold, but I would most certainly not mean it literally.","I could say (a/an) anger is hot, but I would most certainly not mean it literally.
I could say (a/an) person is cold, but I would most certainly not mean it literally.
I could say (a/an) story is dark, but I would most certainly not mean it literally.","I could say (a/an) fire is hot, but I would most certainly not mean it literally.
I could say (a/an) stone is heavy, but I would most certainly not mean it literally.
I could say (a/an) argument is liquid, but I would most certainly not mean it literally.",5_scalar_heat-set_extension_full_range,https://app.prolific.co/submissions/complete?cc=135DD3C8,Agree or disagree (run5_scalar_heat-set_extension_full_range-experiment_scalar-batch1-70-70),409291,d568d886-fd36-4b9a-b94f-bfda8106e14f,2021-02-11 14:08:28,305.684,2021-02-11 13:05:35.161000,2021-02-11 13:10:40.845000,3.0,false,creative,cold,oven,../data/prolific_output/run5_scalar_heat-group_scalar_heat/qu70-s_qu3-batch1.csv
qu70-s_qu3-batch1.csv-1,1,NOT AVAILABLE,NOT AVAILABLE,01eeb5d1-2a5f-45c4-ba39-ddbf24954839,PROLIFIC,11-Feb-2021 14:54:29,1173,46475,daab5f6c-44e7-4ff9-b351-cd3a5e9926d7,"I could say (a/an) oven is cold, but I would most certainly not mean it literally.","I could say (a/an) anger is hot, but I would most certainly not mean it literally.
I could say (a/an) person is cold, but I would most certainly not mean it literally.
I could say (a/an) story is dark, but I would most certainly not mean it literally.","I could say (a/an) fire is hot, but I would most certainly not mean it literally.
I could say (a/an) stone is heavy, but I would most certainly not mean it literally.
I could say (a/an) argument is liquid, but I would most certainly not mean it literally.",5_scalar_heat-set_extension_full_range,https://app.prolific.co/submissions/complete?cc=135DD3C8,Agree or disagree (run5_scalar_heat-set_extension_full_range-experiment_scalar-batch1-70-70),410320,e4382bf0-c189-4f60-9192-66a03352e71d,2021-02-11 14:54:29,814.511,2021-02-11 13:43:15.871000,2021-02-11 13:56:50.382000,12.0,true,creative,cold,oven,../data/prolific_output/run5_scalar_heat-group_scalar_heat/qu70-s_qu3-batch1.csv
qu70-s_qu3-batch1.csv-1,1,NOT AVAILABLE,NOT AVAILABLE,4d7f576e-160c-4416-8a0b-7548a4d8bb97,PROLIFIC,11-Feb-2021 14:16:07,1173,46475,daab5f6c-44e7-4ff9-b351-cd3a5e9926d7,"I could say (a/an) oven is cold, but I would most certainly not mean it literally.","I could say (a/an) anger is hot, but I would most certainly not mean it literally.
I could say (a/an) person is cold, but I would most certainly not mean it literally.
I could say (a/an) story is dark, but I would most certainly not mean it literally.","I could say (a/an) fire is hot, but I would most certainly not mean it literally.
I could say (a/an) stone is heavy, but I would most certainly not mean it literally.
I could say (a/an) argument is liquid, but I would most certainly not mean it literally.",5_scalar_heat-set_extension_full_range,https://app.prolific.co/submissions/complete?cc=135DD3C8,Agree or disagree (run5_scalar_heat-set_extension_full_range-experiment_scalar-batch1-70-70),409600,ebc3deb2-e304-4776-9b05-e22a1efe1c8e,2021-02-11 14:16:07,419.382,2021-02-11 13:13:40.482000,2021-02-11 13:20:39.864000,3.0,false,creative,cold,oven,../data/prolific_output/run5_scalar_heat-group_scalar_heat/qu70-s_qu3-batch1.csv
qu70-s_qu3-batch1.csv-1,1,NOT AVAILABLE,NOT AVAILABLE,3c6e8c47-52b6-40dc-912b-32b6599fd0ce,PROLIFIC,11-Feb-2021 13:59:05,1173,46475,daab5f6c-44e7-4ff9-b351-cd3a5e9926d7,"I could say (a/an) oven is cold, but I would most certainly not mean it literally.","I could say (a/an) anger is hot, but I would most certainly not mean it literally.
I could say (a/an) person is cold, but I would most certainly not mean it literally.
I could say (a/an) story is dark, but I would most certainly not mean it literally.","I could say (a/an) fire is hot, but I would most certainly not mean it literally.
I could say (a/an) stone is heavy, but I would most certainly not mean it literally.
I could say (a/an) argument is liquid, but I would most certainly not mean it literally.",5_scalar_heat-set_extension_full_range,https://app.prolific.co/submissions/complete?cc=135DD3C8,Agree or disagree (run5_scalar_heat-set_extension_full_range-experiment_scalar-batch1-70-70),409096,ee3430b3-c56d-4cf0-9685-5fa9b8ed0e5c,2021-02-11 13:59:05,756.898,2021-02-11 12:49:10.608000,2021-02-11 13:01:47.506000,5.0,false,creative,cold,oven,../data/prolific_output/run5_scalar_heat-group_scalar_heat/qu70-s_qu3-batch1.csv
qu70-s_qu3-batch1.csv-1,1,NOT AVAILABLE,NOT AVAILABLE,df22a112-e62a-4607-8c70-d22a89b1a7d6,PROLIFIC,11-Feb-2021 14:39:37,1173,46475,daab5f6c-44e7-4ff9-b351-cd3a5e9926d7,"I could say (a/an) oven is cold, but I would most certainly not mean it literally.","I could say (a/an) anger is hot, but I would most certainly not mean it literally.
I could say (a/an) person is cold, but I would most certainly not mean it literally.
I could say (a/an) story is dark, but I would most certainly not mean it literally.","I could say (a/an) fire is hot, but I would most certainly not mean it literally.
I could say (a/an) stone is heavy, but I would most certainly not mean it literally.
I could say (a/an) argument is liquid, but I would most certainly not mean it literally.",5_scalar_heat-set_extension_full_range,https://app.prolific.co/submissions/complete?cc=135DD3C8,Agree or disagree (run5_scalar_heat-set_extension_full_range-experiment_scalar-batch1-70-70),410094,eef573b6-85c5-4b67-ac68-187f211a73d1,2021-02-11 14:39:37,1418.922,2021-02-11 13:25:09.172000,2021-02-11 13:48:48.094000,5.0,false,creative,cold,oven,../data/prolific_output/run5_scalar_heat-group_scalar_heat/qu70-s_qu3-batch1.csv
qu70-s_qu3-batch1.csv-1,1,NOT AVAILABLE,NOT AVAILABLE,ba2e5d60-1be5-4160-8883-d9dc1d2a590c,PROLIFIC,11-Feb-2021 14:59:06,1173,46475,daab5f6c-44e7-4ff9-b351-cd3a5e9926d7,"I could say (a/an) oven is cold, but I would most certainly not mean it literally.","I could say (a/an) anger is hot, but I would most certainly not mean it literally.
I could say (a/an) person is cold, but I would most certainly not mean it literally.
I could say (a/an) story is dark, but I would most certainly not mean it literally.","I could say (a/an) fire is hot, but I would most certainly not mean it literally.
I could say (a/an) stone is heavy, but I would most certainly not mean it literally.
I could say (a/an) argument is liquid, but I would most certainly not mean it literally.",5_scalar_heat-set_extension_full_range,https://app.prolific.co/submissions/complete?cc=135DD3C8,Agree or disagree (run5_scalar_heat-set_extension_full_range-experiment_scalar-batch1-70-70),410424,19e8fb1e-325d-46d9-a472-f9927520744b,2021-02-11 14:59:06,506.867,2021-02-11 13:55:38.597000,2021-02-11 14:04:05.464000,4.0,false,creative,cold,oven,../data/prolific_output/run5_scalar_heat-group_scalar_heat/qu70-s_qu3-batch1.csv
qu70-s_qu3-batch1.csv-1,1,NOT AVAILABLE,NOT AVAILABLE,f2b79ec4-328b-4811-ad4e-e541da2cb058,PROLIFIC,11-Feb-2021 14:16:09,1173,46476,f85bcd2c-3b45-4015-af1f-a154722d64b1,I think it is impossible for (a/an) oven to be cold.,I think it is impossible for (a/an) flame to be frozen.,I think it is impossible for (a/an) book to be light.,5_scalar_heat-set_extension_full_range,https://app.prolific.co/submissions/complete?cc=135DD3C8,Agree or disagree (run5_scalar_heat-set_extension_full_range-experiment_scalar-batch1-70-70),409603,6a5a26e5-ee7d-4184-bb26-566fdde1f7f8,2021-02-11 14:16:09,538.269,2021-02-11 13:10:15.124000,2021-02-11 13:19:13.393000,2.0,true,impossible,cold,oven,../data/prolific_output/run5_scalar_heat-group_scalar_heat/qu70-s_qu3-batch1.csv
qu70-s_qu3-batch1.csv-1,1,NOT AVAILABLE,NOT AVAILABLE,011937c5-478d-4bcd-af78-a9232b3a0158,PROLIFIC,11-Feb-2021 15:44:24,1173,46476,f85bcd2c-3b45-4015-af1f-a154722d64b1,I think it is impossible for (a/an) oven to be cold.,I think it is impossible for (a/an) flame to be frozen.,I think it is impossible for (a/an) book to be light.,5_scalar_heat-set_extension_full_range,https://app.prolific.co/submissions/complete?cc=135DD3C8,Agree or disagree (run5_scalar_heat-set_extension_full_range-experiment_scalar-batch1-70-70),410690,fa9c4d43-db43-481f-9c4a-d681d6623383,2021-02-11 15:44:24,1856.165,2021-02-11 14:14:37.373000,2021-02-11 14:45:33.538000,1.0,false,impossible,cold,oven,../data/prolific_output/run5_scalar_heat-group_scalar_heat/qu70-s_qu3-batch1.csv
qu70-s_qu3-batch1.csv-1,1,NOT AVAILABLE,NOT AVAILABLE,8713bc47-83eb-4eb4-a7fb-ac15b44a0c3a,PROLIFIC,11-Feb-2021 13:59:57,1173,46476,f85bcd2c-3b45-4015-af1f-a154722d64b1,I think it is impossible for (a/an) oven to be cold.,I think it is impossible for (a/an) flame to be frozen.,I think it is impossible for (a/an) book to be light.,5_scalar_heat-set_extension_full_range,https://app.prolific.co/submissions/complete?cc=135DD3C8,Agree or disagree (run5_scalar_heat-set_extension_full_range-experiment_scalar-batch1-70-70),409130,6a90793d-3037-4179-8428-1fba9f0c4fff,2021-02-11 13:59:57,627.838,2021-02-11 12:52:40.305000,2021-02-11 13:03:08.143000,3.0,true,impossible,cold,oven,../data/prolific_output/run5_scalar_heat-group_scalar_heat/qu70-s_qu3-batch1.csv
qu70-s_qu3-batch1.csv-1,1,NOT AVAILABLE,NOT AVAILABLE,44d44641-22cf-456b-99ee-e83419d5c276,PROLIFIC,11-Feb-2021 14:08:42,1173,46476,f85bcd2c-3b45-4015-af1f-a154722d64b1,I think it is impossible for (a/an) oven to be cold.,I think it is impossible for (a/an) flame to be frozen.,I think it is impossible for (a/an) book to be light.,5_scalar_heat-set_extension_full_range,https://app.prolific.co/submissions/complete?cc=135DD3C8,Agree or disagree (run5_scalar_heat-set_extension_full_range-experiment_scalar-batch1-70-70),409298,94c1a80a-69dd-4d08-9723-d7fb20bbfdee,2021-02-11 14:08:42,305.684,2021-02-11 13:05:35.161000,2021-02-11 13:10:40.845000,2.0,false,impossible,cold,oven,../data/prolific_output/run5_scalar_heat-group_scalar_heat/qu70-s_qu3-batch1.csv
qu70-s_qu3-batch1.csv-1,1,NOT AVAILABLE,NOT AVAILABLE,01eeb5d1-2a5f-45c4-ba39-ddbf24954839,PROLIFIC,11-Feb-2021 14:51:03,1173,46476,f85bcd2c-3b45-4015-af1f-a154722d64b1,I think it is impossible for (a/an) oven to be cold.,I think it is impossible for (a/an) flame to be frozen.,I think it is impossible for (a/an) book to be light.,5_scalar_heat-set_extension_full_range,https://app.prolific.co/submissions/complete?cc=135DD3C8,Agree or disagree (run5_scalar_heat-set_extension_full_range-experiment_scalar-batch1-70-70),410242,c378d2e7-bf4b-470a-87ab-e9237deff028,2021-02-11 14:51:03,814.511,2021-02-11 13:43:15.871000,2021-02-11 13:56:50.382000,7.0,true,impossible,cold,oven,../data/prolific_output/run5_scalar_heat-group_scalar_heat/qu70-s_qu3-batch1.csv
qu70-s_qu3-batch1.csv-1,1,NOT AVAILABLE,NOT AVAILABLE,4d7f576e-160c-4416-8a0b-7548a4d8bb97,PROLIFIC,11-Feb-2021 14:17:55,1173,46476,f85bcd2c-3b45-4015-af1f-a154722d64b1,I think it is impossible for (a/an) oven to be cold.,I think it is impossible for (a/an) flame to be frozen.,I think it is impossible for (a/an) book to be light.,5_scalar_heat-set_extension_full_range,https://app.prolific.co/submissions/complete?cc=135DD3C8,Agree or disagree (run5_scalar_heat-set_extension_full_range-experiment_scalar-batch1-70-70),409676,16cdbe3d-7ff1-4d49-9d8b-8fc5c9e30736,2021-02-11 14:17:55,419.382,2021-02-11 13:13:40.482000,2021-02-11 13:20:39.864000,3.0,false,impossible,cold,oven,../data/prolific_output/run5_scalar_heat-group_scalar_heat/qu70-s_qu3-batch1.csv
qu70-s_qu3-batch1.csv-1,1,NOT AVAILABLE,NOT AVAILABLE,3c6e8c47-52b6-40dc-912b-32b6599fd0ce,PROLIFIC,11-Feb-2021 13:54:31,1173,46476,f85bcd2c-3b45-4015-af1f-a154722d64b1,I think it is impossible for (a/an) oven to be cold.,I think it is impossible for (a/an) flame to be frozen.,I think it is impossible for (a/an) book to be light.,5_scalar_heat-set_extension_full_range,https://app.prolific.co/submissions/complete?cc=135DD3C8,Agree or disagree (run5_scalar_heat-set_extension_full_range-experiment_scalar-batch1-70-70),408908,360e1307-323d-4037-b138-87365202cc14,2021-02-11 13:54:31,756.898,2021-02-11 12:49:10.608000,2021-02-11 13:01:47.506000,3.0,false,impossible,cold,oven,../data/prolific_output/run5_scalar_heat-group_scalar_heat/qu70-s_qu3-batch1.csv
qu70-s_qu3-batch1.csv-1,1,NOT AVAILABLE,NOT AVAILABLE,df22a112-e62a-4607-8c70-d22a89b1a7d6,PROLIFIC,11-Feb-2021 14:30:56,1173,46476,f85bcd2c-3b45-4015-af1f-a154722d64b1,I think it is impossible for (a/an) oven to be cold.,I think it is impossible for (a/an) flame to be frozen.,I think it is impossible for (a/an) book to be light.,5_scalar_heat-set_extension_full_range,https://app.prolific.co/submissions/complete?cc=135DD3C8,Agree or disagree (run5_scalar_heat-set_extension_full_range-experiment_scalar-batch1-70-70),409936,d6818f99-fac4-4d1f-a8b4-2a2daee3169c,2021-02-11 14:30:56,1418.922,2021-02-11 13:25:09.172000,2021-02-11 13:48:48.094000,50.0,false,impossible,cold,oven,../data/prolific_output/run5_scalar_heat-group_scalar_heat/qu70-s_qu3-batch1.csv
qu70-s_qu3-batch1.csv-1,1,NOT AVAILABLE,NOT AVAILABLE,ba2e5d60-1be5-4160-8883-d9dc1d2a590c,PROLIFIC,11-Feb-2021 15:02:28,1173,46476,f85bcd2c-3b45-4015-af1f-a154722d64b1,I think it is impossible for (a/an) oven to be cold.,I think it is impossible for (a/an) flame to be frozen.,I think it is impossible for (a/an) book to be light.,5_scalar_heat-set_extension_full_range,https://app.prolific.co/submissions/complete?cc=135DD3C8,Agree or disagree (run5_scalar_heat-set_extension_full_range-experiment_scalar-batch1-70-70),410470,dabd4835-95bb-4945-9301-a292dda267d7,2021-02-11 15:02:28,506.867,2021-02-11 13:55:38.597000,2021-02-11 14:04:05.464000,2.0,false,impossible,cold,oven,../data/prolific_output/run5_scalar_heat-group_scalar_heat/qu70-s_qu3-batch1.csv
qu70-s_qu3-batch1.csv-1,1,NOT AVAILABLE,NOT AVAILABLE,f2b79ec4-328b-4811-ad4e-e541da2cb058,PROLIFIC,11-Feb-2021 14:11:37,1173,46477,a53bfdf3-4f0c-497f-adec-16cb0b268eb1,You can find (a/an) oven which is cold. (A/an) oven is usually either cold or not cold. It cannot be a bit more or less cold.,You can find (a/an) pea which is frozen. (A/an) pea is usually either frozen or not frozen. It cannot be a bit more or less frozen.,You can find (a/an) soup which is salty. (A/an) soup is usually either salty or not salty. It cannot be a bit more or less salty.,5_scalar_heat-set_extension_full_range,https://app.prolific.co/submissions/complete?cc=135DD3C8,Agree or disagree (run5_scalar_heat-set_extension_full_range-experiment_scalar-batch1-70-70),409414,f593828b-ca45-46d7-9971-1997c471764a,2021-02-11 14:11:37,538.269,2021-02-11 13:10:15.124000,2021-02-11 13:19:13.393000,3.0,false,variability_limited,cold,oven,../data/prolific_output/run5_scalar_heat-group_scalar_heat/qu70-s_qu3-batch1.csv
qu70-s_qu3-batch1.csv-1,1,NOT AVAILABLE,NOT AVAILABLE,011937c5-478d-4bcd-af78-a9232b3a0158,PROLIFIC,11-Feb-2021 15:42:11,1173,46477,a53bfdf3-4f0c-497f-adec-16cb0b268eb1,You can find (a/an) oven which is cold. (A/an) oven is usually either cold or not cold. It cannot be a bit more or less cold.,You can find (a/an) pea which is frozen. (A/an) pea is usually either frozen or not frozen. It cannot be a bit more or less frozen.,You can find (a/an) soup which is salty. (A/an) soup is usually either salty or not salty. It cannot be a bit more or less salty.,5_scalar_heat-set_extension_full_range,https://app.prolific.co/submissions/complete?cc=135DD3C8,Agree or disagree (run5_scalar_heat-set_extension_full_range-experiment_scalar-batch1-70-70),410664,74832bf2-abad-420c-b3ec-55d373355ae4,2021-02-11 15:42:11,1856.165,2021-02-11 14:14:37.373000,2021-02-11 14:45:33.538000,4.0,false,variability_limited,cold,oven,../data/prolific_output/run5_scalar_heat-group_scalar_heat/qu70-s_qu3-batch1.csv
qu70-s_qu3-batch1.csv-1,1,NOT AVAILABLE,NOT AVAILABLE,8713bc47-83eb-4eb4-a7fb-ac15b44a0c3a,PROLIFIC,11-Feb-2021 14:01:36,1173,46477,a53bfdf3-4f0c-497f-adec-16cb0b268eb1,You can find (a/an) oven which is cold. (A/an) oven is usually either cold or not cold. It cannot be a bit more or less cold.,You can find (a/an) pea which is frozen. (A/an) pea is usually either frozen or not frozen. It cannot be a bit more or less frozen.,You can find (a/an) soup which is salty. (A/an) soup is usually either salty or not salty. It cannot be a bit more or less salty.,5_scalar_heat-set_extension_full_range,https://app.prolific.co/submissions/complete?cc=135DD3C8,Agree or disagree (run5_scalar_heat-set_extension_full_range-experiment_scalar-batch1-70-70),409166,4a9207d8-0884-4419-9ca6-0f4ed7269114,2021-02-11 14:01:36,627.838,2021-02-11 12:52:40.305000,2021-02-11 13:03:08.143000,2.0,false,variability_limited,cold,oven,../data/prolific_output/run5_scalar_heat-group_scalar_heat/qu70-s_qu3-batch1.csv
qu70-s_qu3-batch1.csv-1,1,NOT AVAILABLE,NOT AVAILABLE,44d44641-22cf-456b-99ee-e83419d5c276,PROLIFIC,11-Feb-2021 14:09:42,1173,46477,a53bfdf3-4f0c-497f-adec-16cb0b268eb1,You can find (a/an) oven which is cold. (A/an) oven is usually either cold or not cold. It cannot be a bit more or less cold.,You can find (a/an) pea which is frozen. (A/an) pea is usually either frozen or not frozen. It cannot be a bit more or less frozen.,You can find (a/an) soup which is salty. (A/an) soup is usually either salty or not salty. It cannot be a bit more or less salty.,5_scalar_heat-set_extension_full_range,https://app.prolific.co/submissions/complete?cc=135DD3C8,Agree or disagree (run5_scalar_heat-set_extension_full_range-experiment_scalar-batch1-70-70),409346,ec3ccb5c-4d1a-42e9-a824-a7efa853be62,2021-02-11 14:09:42,305.684,2021-02-11 13:05:35.161000,2021-02-11 13:10:40.845000,2.0,false,variability_limited,cold,oven,../data/prolific_output/run5_scalar_heat-group_scalar_heat/qu70-s_qu3-batch1.csv
qu70-s_qu3-batch1.csv-1,1,NOT AVAILABLE,NOT AVAILABLE,01eeb5d1-2a5f-45c4-ba39-ddbf24954839,PROLIFIC,11-Feb-2021 14:56:02,1173,46477,a53bfdf3-4f0c-497f-adec-16cb0b268eb1,You can find (a/an) oven which is cold. (A/an) oven is usually either cold or not cold. It cannot be a bit more or less cold.,You can find (a/an) pea which is frozen. (A/an) pea is usually either frozen or not frozen. It cannot be a bit more or less frozen.,You can find (a/an) soup which is salty. (A/an) soup is usually either salty or not salty. It cannot be a bit more or less salty.,5_scalar_heat-set_extension_full_range,https://app.prolific.co/submissions/complete?cc=135DD3C8,Agree or disagree (run5_scalar_heat-set_extension_full_range-experiment_scalar-batch1-70-70),410374,8086f9b0-0948-4705-b2a9-64a360e6d4ae,2021-02-11 14:56:02,814.511,2021-02-11 13:43:15.871000,2021-02-11 13:56:50.382000,4.0,false,variability_limited,cold,oven,../data/prolific_output/run5_scalar_heat-group_scalar_heat/qu70-s_qu3-batch1.csv
qu70-s_qu3-batch1.csv-1,1,NOT AVAILABLE,NOT AVAILABLE,4d7f576e-160c-4416-8a0b-7548a4d8bb97,PROLIFIC,11-Feb-2021 14:15:59,1173,46477,a53bfdf3-4f0c-497f-adec-16cb0b268eb1,You can find (a/an) oven which is cold. (A/an) oven is usually either cold or not cold. It cannot be a bit more or less cold.,You can find (a/an) pea which is frozen. (A/an) pea is usually either frozen or not frozen. It cannot be a bit more or less frozen.,You can find (a/an) soup which is salty. (A/an) soup is usually either salty or not salty. It cannot be a bit more or less salty.,5_scalar_heat-set_extension_full_range,https://app.prolific.co/submissions/complete?cc=135DD3C8,Agree or disagree (run5_scalar_heat-set_extension_full_range-experiment_scalar-batch1-70-70),409591,38f37b2a-6333-41dd-9f3a-55f17617acd1,2021-02-11 14:15:59,419.382,2021-02-11 13:13:40.482000,2021-02-11 13:20:39.864000,5.0,false,variability_limited,cold,oven,../data/prolific_output/run5_scalar_heat-group_scalar_heat/qu70-s_qu3-batch1.csv
qu70-s_qu3-batch1.csv-1,1,NOT AVAILABLE,NOT AVAILABLE,3c6e8c47-52b6-40dc-912b-32b6599fd0ce,PROLIFIC,11-Feb-2021 13:56:13,1173,46477,a53bfdf3-4f0c-497f-adec-16cb0b268eb1,You can find (a/an) oven which is cold. (A/an) oven is usually either cold or not cold. It cannot be a bit more or less cold.,You can find (a/an) pea which is frozen. (A/an) pea is usually either frozen or not frozen. It cannot be a bit more or less frozen.,You can find (a/an) soup which is salty. (A/an) soup is usually either salty or not salty. It cannot be a bit more or less salty.,5_scalar_heat-set_extension_full_range,https://app.prolific.co/submissions/complete?cc=135DD3C8,Agree or disagree (run5_scalar_heat-set_extension_full_range-experiment_scalar-batch1-70-70),408977,189c0865-4a32-4509-9ec3-963fb3d1f33b,2021-02-11 13:56:13,756.898,2021-02-11 12:49:10.608000,2021-02-11 13:01:47.506000,5.0,false,variability_limited,cold,oven,../data/prolific_output/run5_scalar_heat-group_scalar_heat/qu70-s_qu3-batch1.csv
qu70-s_qu3-batch1.csv-1,1,NOT AVAILABLE,NOT AVAILABLE,df22a112-e62a-4607-8c70-d22a89b1a7d6,PROLIFIC,11-Feb-2021 14:28:38,1173,46477,a53bfdf3-4f0c-497f-adec-16cb0b268eb1,You can find (a/an) oven which is cold. (A/an) oven is usually either cold or not cold. It cannot be a bit more or less cold.,You can find (a/an) pea which is frozen. (A/an) pea is usually either frozen or not frozen. It cannot be a bit more or less frozen.,You can find (a/an) soup which is salty. (A/an) soup is usually either salty or not salty. It cannot be a bit more or less salty.,5_scalar_heat-set_extension_full_range,https://app.prolific.co/submissions/complete?cc=135DD3C8,Agree or disagree (run5_scalar_heat-set_extension_full_range-experiment_scalar-batch1-70-70),409886,531b9fb9-fb17-4814-86bb-2a6e59164703,2021-02-11 14:28:38,1418.922,2021-02-11 13:25:09.172000,2021-02-11 13:48:48.094000,16.0,false,variability_limited,cold,oven,../data/prolific_output/run5_scalar_heat-group_scalar_heat/qu70-s_qu3-batch1.csv
qu70-s_qu3-batch1.csv-1,1,NOT AVAILABLE,NOT AVAILABLE,ba2e5d60-1be5-4160-8883-d9dc1d2a590c,PROLIFIC,11-Feb-2021 15:00:43,1173,46477,a53bfdf3-4f0c-497f-adec-16cb0b268eb1,You can find (a/an) oven which is cold. (A/an) oven is usually either cold or not cold. It cannot be a bit more or less cold.,You can find (a/an) pea which is frozen. (A/an) pea is usually either frozen or not frozen. It cannot be a bit more or less frozen.,You can find (a/an) soup which is salty. (A/an) soup is usually either salty or not salty. It cannot be a bit more or less salty.,5_scalar_heat-set_extension_full_range,https://app.prolific.co/submissions/complete?cc=135DD3C8,Agree or disagree (run5_scalar_heat-set_extension_full_range-experiment_scalar-batch1-70-70),410447,ddd59c09-25a1-479b-8ccc-1686823d1134,2021-02-11 15:00:43,506.867,2021-02-11 13:55:38.597000,2021-02-11 14:04:05.464000,3.0,false,variability_limited,cold,oven,../data/prolific_output/run5_scalar_heat-group_scalar_heat/qu70-s_qu3-batch1.csv
qu70-s_qu3-batch1.csv-1,1,NOT AVAILABLE,NOT AVAILABLE,f2b79ec4-328b-4811-ad4e-e541da2cb058,PROLIFIC,11-Feb-2021 14:14:06,1173,46478,c524446f-e9ec-46fa-a846-2f77b33e8fcb,"I think (a/an) oven can be cold, but this is rare or uncommon.","I think (a/an) cake can be spicy, but this is rare or uncommon.","I think (a/an) window can be transparent, but this is rare or uncommon.",5_scalar_heat-set_extension_full_range,https://app.prolific.co/submissions/complete?cc=135DD3C8,Agree or disagree (run5_scalar_heat-set_extension_full_range-experiment_scalar-batch1-70-70),409496,6bdd92f0-0d78-49eb-bd78-b3a07c869157,2021-02-11 14:14:06,538.269,2021-02-11 13:10:15.124000,2021-02-11 13:19:13.393000,60.0,false,rare,cold,oven,../data/prolific_output/run5_scalar_heat-group_scalar_heat/qu70-s_qu3-batch1.csv
qu70-s_qu3-batch1.csv-1,1,NOT AVAILABLE,NOT AVAILABLE,011937c5-478d-4bcd-af78-a9232b3a0158,PROLIFIC,11-Feb-2021 15:44:19,1173,46478,c524446f-e9ec-46fa-a846-2f77b33e8fcb,"I think (a/an) oven can be cold, but this is rare or uncommon.","I think (a/an) cake can be spicy, but this is rare or uncommon.","I think (a/an) window can be transparent, but this is rare or uncommon.",5_scalar_heat-set_extension_full_range,https://app.prolific.co/submissions/complete?cc=135DD3C8,Agree or disagree (run5_scalar_heat-set_extension_full_range-experiment_scalar-batch1-70-70),410688,af6540f0-6106-4658-8951-e32e47cddc4a,2021-02-11 15:44:19,1856.165,2021-02-11 14:14:37.373000,2021-02-11 14:45:33.538000,2.0,false,rare,cold,oven,../data/prolific_output/run5_scalar_heat-group_scalar_heat/qu70-s_qu3-batch1.csv
qu70-s_qu3-batch1.csv-1,1,NOT AVAILABLE,NOT AVAILABLE,8713bc47-83eb-4eb4-a7fb-ac15b44a0c3a,PROLIFIC,11-Feb-2021 14:00:59,1173,46478,c524446f-e9ec-46fa-a846-2f77b33e8fcb,"I think (a/an) oven can be cold, but this is rare or uncommon.","I think (a/an) cake can be spicy, but this is rare or uncommon.","I think (a/an) window can be transparent, but this is rare or uncommon.",5_scalar_heat-set_extension_full_range,https://app.prolific.co/submissions/complete?cc=135DD3C8,Agree or disagree (run5_scalar_heat-set_extension_full_range-experiment_scalar-batch1-70-70),409149,26304fe1-109e-4de0-b2a5-66c0e8513fa6,2021-02-11 14:00:59,627.838,2021-02-11 12:52:40.305000,2021-02-11 13:03:08.143000,2.0,false,rare,cold,oven,../data/prolific_output/run5_scalar_heat-group_scalar_heat/qu70-s_qu3-batch1.csv
qu70-s_qu3-batch1.csv-1,1,NOT AVAILABLE,NOT AVAILABLE,44d44641-22cf-456b-99ee-e83419d5c276,PROLIFIC,11-Feb-2021 14:09:31,1173,46478,c524446f-e9ec-46fa-a846-2f77b33e8fcb,"I think (a/an) oven can be cold, but this is rare or uncommon.","I think (a/an) cake can be spicy, but this is rare or uncommon.","I think (a/an) window can be transparent, but this is rare or uncommon.",5_scalar_heat-set_extension_full_range,https://app.prolific.co/submissions/complete?cc=135DD3C8,Agree or disagree (run5_scalar_heat-set_extension_full_range-experiment_scalar-batch1-70-70),409336,53c27e70-b637-4ac6-b283-18ff40703fe0,2021-02-11 14:09:31,305.684,2021-02-11 13:05:35.161000,2021-02-11 13:10:40.845000,4.0,false,rare,cold,oven,../data/prolific_output/run5_scalar_heat-group_scalar_heat/qu70-s_qu3-batch1.csv
qu70-s_qu3-batch1.csv-1,1,NOT AVAILABLE,NOT AVAILABLE,01eeb5d1-2a5f-45c4-ba39-ddbf24954839,PROLIFIC,11-Feb-2021 14:55:13,1173,46478,c524446f-e9ec-46fa-a846-2f77b33e8fcb,"I think (a/an) oven can be cold, but this is rare or uncommon.","I think (a/an) cake can be spicy, but this is rare or uncommon.","I think (a/an) window can be transparent, but this is rare or uncommon.",5_scalar_heat-set_extension_full_range,https://app.prolific.co/submissions/complete?cc=135DD3C8,Agree or disagree (run5_scalar_heat-set_extension_full_range-experiment_scalar-batch1-70-70),410356,18657eec-a5ef-44bf-81d8-8d377aeaff93,2021-02-11 14:55:13,814.511,2021-02-11 13:43:15.871000,2021-02-11 13:56:50.382000,4.0,false,rare,cold,oven,../data/prolific_output/run5_scalar_heat-group_scalar_heat/qu70-s_qu3-batch1.csv
qu70-s_qu3-batch1.csv-1,1,NOT AVAILABLE,NOT AVAILABLE,4d7f576e-160c-4416-8a0b-7548a4d8bb97,PROLIFIC,11-Feb-2021 14:14:27,1173,46478,c524446f-e9ec-46fa-a846-2f77b33e8fcb,"I think (a/an) oven can be cold, but this is rare or uncommon.","I think (a/an) cake can be spicy, but this is rare or uncommon.","I think (a/an) window can be transparent, but this is rare or uncommon.",5_scalar_heat-set_extension_full_range,https://app.prolific.co/submissions/complete?cc=135DD3C8,Agree or disagree (run5_scalar_heat-set_extension_full_range-experiment_scalar-batch1-70-70),409508,9b31bf01-43bc-4138-8924-835c0b097a8c,2021-02-11 14:14:27,419.382,2021-02-11 13:13:40.482000,2021-02-11 13:20:39.864000,4.0,true,rare,cold,oven,../data/prolific_output/run5_scalar_heat-group_scalar_heat/qu70-s_qu3-batch1.csv
qu70-s_qu3-batch1.csv-1,1,NOT AVAILABLE,NOT AVAILABLE,3c6e8c47-52b6-40dc-912b-32b6599fd0ce,PROLIFIC,11-Feb-2021 13:57:55,1173,46478,c524446f-e9ec-46fa-a846-2f77b33e8fcb,"I think (a/an) oven can be cold, but this is rare or uncommon.","I think (a/an) cake can be spicy, but this is rare or uncommon.","I think (a/an) window can be transparent, but this is rare or uncommon.",5_scalar_heat-set_extension_full_range,https://app.prolific.co/submissions/complete?cc=135DD3C8,Agree or disagree (run5_scalar_heat-set_extension_full_range-experiment_scalar-batch1-70-70),409048,2b11f7b6-8666-4581-84f3-6d9eae2010fc,2021-02-11 13:57:55,756.898,2021-02-11 12:49:10.608000,2021-02-11 13:01:47.506000,9.0,true,rare,cold,oven,../data/prolific_output/run5_scalar_heat-group_scalar_heat/qu70-s_qu3-batch1.csv
qu70-s_qu3-batch1.csv-1,1,NOT AVAILABLE,NOT AVAILABLE,df22a112-e62a-4607-8c70-d22a89b1a7d6,PROLIFIC,11-Feb-2021 14:48:45,1173,46478,c524446f-e9ec-46fa-a846-2f77b33e8fcb,"I think (a/an) oven can be cold, but this is rare or uncommon.","I think (a/an) cake can be spicy, but this is rare or uncommon.","I think (a/an) window can be transparent, but this is rare or uncommon.",5_scalar_heat-set_extension_full_range,https://app.prolific.co/submissions/complete?cc=135DD3C8,Agree or disagree (run5_scalar_heat-set_extension_full_range-experiment_scalar-batch1-70-70),410213,9bdbe776-3969-4cef-9d91-97d0b79f3bed,2021-02-11 14:48:45,1418.922,2021-02-11 13:25:09.172000,2021-02-11 13:48:48.094000,6.094,false,rare,cold,oven,../data/prolific_output/run5_scalar_heat-group_scalar_heat/qu70-s_qu3-batch1.csv
qu70-s_qu3-batch1.csv-1,1,NOT AVAILABLE,NOT AVAILABLE,ba2e5d60-1be5-4160-8883-d9dc1d2a590c,PROLIFIC,11-Feb-2021 14:59:54,1173,46478,c524446f-e9ec-46fa-a846-2f77b33e8fcb,"I think (a/an) oven can be cold, but this is rare or uncommon.","I think (a/an) cake can be spicy, but this is rare or uncommon.","I think (a/an) window can be transparent, but this is rare or uncommon.",5_scalar_heat-set_extension_full_range,https://app.prolific.co/submissions/complete?cc=135DD3C8,Agree or disagree (run5_scalar_heat-set_extension_full_range-experiment_scalar-batch1-70-70),410434,96192658-5510-433c-99cd-2a98e7223fd3,2021-02-11 14:59:54,506.867,2021-02-11 13:55:38.597000,2021-02-11 14:04:05.464000,5.0,false,rare,cold,oven,../data/prolific_output/run5_scalar_heat-group_scalar_heat/qu70-s_qu3-batch1.csv
qu70-s_qu3-batch1.csv-1,1,NOT AVAILABLE,NOT AVAILABLE,f2b79ec4-328b-4811-ad4e-e541da2cb058,PROLIFIC,11-Feb-2021 14:10:38,1173,46479,ee1a5231-6b40-45c8-8b58-d5484efc768e,I know that (a/an) oven is cold as most or all other things similar to (a/an) oven are cold. ,I know that (a/an) merlot is alcoholic as most or all other things similar to (a/an) merlot are alcoholic. ,I know that (a/an) lemonade is alcoholic as most or all other things similar to (a/an) lemonade are alcoholic. ,5_scalar_heat-set_extension_full_range,https://app.prolific.co/submissions/complete?cc=135DD3C8,Agree or disagree (run5_scalar_heat-set_extension_full_range-experiment_scalar-batch1-70-70),409384,0f78760f-ddeb-4345-98b5-aaad1a561764,2021-02-11 14:10:38,538.269,2021-02-11 13:10:15.124000,2021-02-11 13:19:13.393000,22.876,false,implied_category,cold,oven,../data/prolific_output/run5_scalar_heat-group_scalar_heat/qu70-s_qu3-batch1.csv
qu70-s_qu3-batch1.csv-1,1,NOT AVAILABLE,NOT AVAILABLE,011937c5-478d-4bcd-af78-a9232b3a0158,PROLIFIC,11-Feb-2021 15:32:35,1173,46479,ee1a5231-6b40-45c8-8b58-d5484efc768e,I know that (a/an) oven is cold as most or all other things similar to (a/an) oven are cold. ,I know that (a/an) merlot is alcoholic as most or all other things similar to (a/an) merlot are alcoholic. ,I know that (a/an) lemonade is alcoholic as most or all other things similar to (a/an) lemonade are alcoholic. ,5_scalar_heat-set_extension_full_range,https://app.prolific.co/submissions/complete?cc=135DD3C8,Agree or disagree (run5_scalar_heat-set_extension_full_range-experiment_scalar-batch1-70-70),410624,5865065c-d2dc-43dc-8c01-f639b503614b,2021-02-11 15:32:35,1856.165,2021-02-11 14:14:37.373000,2021-02-11 14:45:33.538000,3.0,false,implied_category,cold,oven,../data/prolific_output/run5_scalar_heat-group_scalar_heat/qu70-s_qu3-batch1.csv
qu70-s_qu3-batch1.csv-1,1,NOT AVAILABLE,NOT AVAILABLE,8713bc47-83eb-4eb4-a7fb-ac15b44a0c3a,PROLIFIC,11-Feb-2021 14:01:28,1173,46479,ee1a5231-6b40-45c8-8b58-d5484efc768e,I know that (a/an) oven is cold as most or all other things similar to (a/an) oven are cold. ,I know that (a/an) merlot is alcoholic as most or all other things similar to (a/an) merlot are alcoholic. ,I know that (a/an) lemonade is alcoholic as most or all other things similar to (a/an) lemonade are alcoholic. ,5_scalar_heat-set_extension_full_range,https://app.prolific.co/submissions/complete?cc=135DD3C8,Agree or disagree (run5_scalar_heat-set_extension_full_range-experiment_scalar-batch1-70-70),409164,5b954234-5e9e-4c83-8ce2-bb215085e4fb,2021-02-11 14:01:28,627.838,2021-02-11 12:52:40.305000,2021-02-11 13:03:08.143000,2.0,false,implied_category,cold,oven,../data/prolific_output/run5_scalar_heat-group_scalar_heat/qu70-s_qu3-batch1.csv
qu70-s_qu3-batch1.csv-1,1,NOT AVAILABLE,NOT AVAILABLE,44d44641-22cf-456b-99ee-e83419d5c276,PROLIFIC,11-Feb-2021 14:07:47,1173,46479,ee1a5231-6b40-45c8-8b58-d5484efc768e,I know that (a/an) oven is cold as most or all other things similar to (a/an) oven are cold. ,I know that (a/an) merlot is alcoholic as most or all other things similar to (a/an) merlot are alcoholic. ,I know that (a/an) lemonade is alcoholic as most or all other things similar to (a/an) lemonade are alcoholic. ,5_scalar_heat-set_extension_full_range,https://app.prolific.co/submissions/complete?cc=135DD3C8,Agree or disagree (run5_scalar_heat-set_extension_full_range-experiment_scalar-batch1-70-70),409275,b6306206-945c-45f8-929b-76da43c5c78c,2021-02-11 14:07:47,305.684,2021-02-11 13:05:35.161000,2021-02-11 13:10:40.845000,2.0,false,implied_category,cold,oven,../data/prolific_output/run5_scalar_heat-group_scalar_heat/qu70-s_qu3-batch1.csv
qu70-s_qu3-batch1.csv-1,1,NOT AVAILABLE,NOT AVAILABLE,01eeb5d1-2a5f-45c4-ba39-ddbf24954839,PROLIFIC,11-Feb-2021 14:48:58,1173,46479,ee1a5231-6b40-45c8-8b58-d5484efc768e,I know that (a/an) oven is cold as most or all other things similar to (a/an) oven are cold. ,I know that (a/an) merlot is alcoholic as most or all other things similar to (a/an) merlot are alcoholic. ,I know that (a/an) lemonade is alcoholic as most or all other things similar to (a/an) lemonade are alcoholic. ,5_scalar_heat-set_extension_full_range,https://app.prolific.co/submissions/complete?cc=135DD3C8,Agree or disagree (run5_scalar_heat-set_extension_full_range-experiment_scalar-batch1-70-70),410217,670174c5-b2b3-447d-84c8-7ef7ad696419,2021-02-11 14:48:58,814.511,2021-02-11 13:43:15.871000,2021-02-11 13:56:50.382000,4.0,false,implied_category,cold,oven,../data/prolific_output/run5_scalar_heat-group_scalar_heat/qu70-s_qu3-batch1.csv
qu70-s_qu3-batch1.csv-1,1,NOT AVAILABLE,NOT AVAILABLE,4d7f576e-160c-4416-8a0b-7548a4d8bb97,PROLIFIC,11-Feb-2021 14:18:06,1173,46479,ee1a5231-6b40-45c8-8b58-d5484efc768e,I know that (a/an) oven is cold as most or all other things similar to (a/an) oven are cold. ,I know that (a/an) merlot is alcoholic as most or all other things similar to (a/an) merlot are alcoholic. ,I know that (a/an) lemonade is alcoholic as most or all other things similar to (a/an) lemonade are alcoholic. ,5_scalar_heat-set_extension_full_range,https://app.prolific.co/submissions/complete?cc=135DD3C8,Agree or disagree (run5_scalar_heat-set_extension_full_range-experiment_scalar-batch1-70-70),409689,c4e686e3-6a82-4207-afd2-932f57dbe4df,2021-02-11 14:18:06,419.382,2021-02-11 13:13:40.482000,2021-02-11 13:20:39.864000,4.0,false,implied_category,cold,oven,../data/prolific_output/run5_scalar_heat-group_scalar_heat/qu70-s_qu3-batch1.csv
qu70-s_qu3-batch1.csv-1,1,NOT AVAILABLE,NOT AVAILABLE,3c6e8c47-52b6-40dc-912b-32b6599fd0ce,PROLIFIC,11-Feb-2021 13:58:11,1173,46479,ee1a5231-6b40-45c8-8b58-d5484efc768e,I know that (a/an) oven is cold as most or all other things similar to (a/an) oven are cold. ,I know that (a/an) merlot is alcoholic as most or all other things similar to (a/an) merlot are alcoholic. ,I know that (a/an) lemonade is alcoholic as most or all other things similar to (a/an) lemonade are alcoholic. ,5_scalar_heat-set_extension_full_range,https://app.prolific.co/submissions/complete?cc=135DD3C8,Agree or disagree (run5_scalar_heat-set_extension_full_range-experiment_scalar-batch1-70-70),409059,6b583701-f3a8-45cc-ae29-26b3d6819cfd,2021-02-11 13:58:11,756.898,2021-02-11 12:49:10.608000,2021-02-11 13:01:47.506000,3.0,false,implied_category,cold,oven,../data/prolific_output/run5_scalar_heat-group_scalar_heat/qu70-s_qu3-batch1.csv
qu70-s_qu3-batch1.csv-1,1,NOT AVAILABLE,NOT AVAILABLE,df22a112-e62a-4607-8c70-d22a89b1a7d6,PROLIFIC,11-Feb-2021 14:39:16,1173,46479,ee1a5231-6b40-45c8-8b58-d5484efc768e,I know that (a/an) oven is cold as most or all other things similar to (a/an) oven are cold. ,I know that (a/an) merlot is alcoholic as most or all other things similar to (a/an) merlot are alcoholic. ,I know that (a/an) lemonade is alcoholic as most or all other things similar to (a/an) lemonade are alcoholic. ,5_scalar_heat-set_extension_full_range,https://app.prolific.co/submissions/complete?cc=135DD3C8,Agree or disagree (run5_scalar_heat-set_extension_full_range-experiment_scalar-batch1-70-70),410086,798e082c-549a-4297-b71b-03367c6344dd,2021-02-11 14:39:16,1418.922,2021-02-11 13:25:09.172000,2021-02-11 13:48:48.094000,4.0,false,implied_category,cold,oven,../data/prolific_output/run5_scalar_heat-group_scalar_heat/qu70-s_qu3-batch1.csv
qu70-s_qu3-batch1.csv-1,1,NOT AVAILABLE,NOT AVAILABLE,ba2e5d60-1be5-4160-8883-d9dc1d2a590c,PROLIFIC,11-Feb-2021 15:03:35,1173,46479,ee1a5231-6b40-45c8-8b58-d5484efc768e,I know that (a/an) oven is cold as most or all other things similar to (a/an) oven are cold. ,I know that (a/an) merlot is alcoholic as most or all other things similar to (a/an) merlot are alcoholic. ,I know that (a/an) lemonade is alcoholic as most or all other things similar to (a/an) lemonade are alcoholic. ,5_scalar_heat-set_extension_full_range,https://app.prolific.co/submissions/complete?cc=135DD3C8,Agree or disagree (run5_scalar_heat-set_extension_full_range-experiment_scalar-batch1-70-70),410481,a23bebfe-af82-4ded-9408-94ab5ed5adc8,2021-02-11 15:03:35,506.867,2021-02-11 13:55:38.597000,2021-02-11 14:04:05.464000,4.0,false,implied_category,cold,oven,../data/prolific_output/run5_scalar_heat-group_scalar_heat/qu70-s_qu3-batch1.csv
qu70-s_qu3-batch1.csv-1,1,NOT AVAILABLE,NOT AVAILABLE,f2b79ec4-328b-4811-ad4e-e541da2cb058,PROLIFIC,11-Feb-2021 14:12:20,1173,46480,12a19e5c-1264-4308-a323-e1e397dbcede,"You can find (a/an) oven which is cold. (A/an) oven is usually either cold, a bit more or less cold or the opposite of cold.","You can find (a/an) chocolate which is bitter. (A/an) chocolate is usually either bitter, a bit more or less bitter or the opposite of bitter.","You can find (a/an) diamond which is soft. (A/an) diamond is usually either soft, a bit more or less soft or the opposite of soft.",5_scalar_heat-set_extension_full_range,https://app.prolific.co/submissions/complete?cc=135DD3C8,Agree or disagree (run5_scalar_heat-set_extension_full_range-experiment_scalar-batch1-70-70),409437,f215a49f-fbfb-4511-8928-7c685eb90e65,2021-02-11 14:12:20,538.269,2021-02-11 13:10:15.124000,2021-02-11 13:19:13.393000,9.0,false,variability_open,cold,oven,../data/prolific_output/run5_scalar_heat-group_scalar_heat/qu70-s_qu3-batch1.csv
qu70-s_qu3-batch1.csv-1,1,NOT AVAILABLE,NOT AVAILABLE,011937c5-478d-4bcd-af78-a9232b3a0158,PROLIFIC,11-Feb-2021 15:43:17,1173,46480,12a19e5c-1264-4308-a323-e1e397dbcede,"You can find (a/an) oven which is cold. (A/an) oven is usually either cold, a bit more or less cold or the opposite of cold.","You can find (a/an) chocolate which is bitter. (A/an) chocolate is usually either bitter, a bit more or less bitter or the opposite of bitter.","You can find (a/an) diamond which is soft. (A/an) diamond is usually either soft, a bit more or less soft or the opposite of soft.",5_scalar_heat-set_extension_full_range,https://app.prolific.co/submissions/complete?cc=135DD3C8,Agree or disagree (run5_scalar_heat-set_extension_full_range-experiment_scalar-batch1-70-70),410676,da11745c-161c-44ce-9102-0f020d4b59c9,2021-02-11 15:43:17,1856.165,2021-02-11 14:14:37.373000,2021-02-11 14:45:33.538000,2.0,true,variability_open,cold,oven,../data/prolific_output/run5_scalar_heat-group_scalar_heat/qu70-s_qu3-batch1.csv
qu70-s_qu3-batch1.csv-1,1,NOT AVAILABLE,NOT AVAILABLE,8713bc47-83eb-4eb4-a7fb-ac15b44a0c3a,PROLIFIC,11-Feb-2021 14:01:13,1173,46480,12a19e5c-1264-4308-a323-e1e397dbcede,"You can find (a/an) oven which is cold. (A/an) oven is usually either cold, a bit more or less cold or the opposite of cold.","You can find (a/an) chocolate which is bitter. (A/an) chocolate is usually either bitter, a bit more or less bitter or the opposite of bitter.","You can find (a/an) diamond which is soft. (A/an) diamond is usually either soft, a bit more or less soft or the opposite of soft.",5_scalar_heat-set_extension_full_range,https://app.prolific.co/submissions/complete?cc=135DD3C8,Agree or disagree (run5_scalar_heat-set_extension_full_range-experiment_scalar-batch1-70-70),409158,948b043c-1414-43dd-adda-a93fb64be051,2021-02-11 14:01:13,627.838,2021-02-11 12:52:40.305000,2021-02-11 13:03:08.143000,2.0,false,variability_open,cold,oven,../data/prolific_output/run5_scalar_heat-group_scalar_heat/qu70-s_qu3-batch1.csv
qu70-s_qu3-batch1.csv-1,1,NOT AVAILABLE,NOT AVAILABLE,44d44641-22cf-456b-99ee-e83419d5c276,PROLIFIC,11-Feb-2021 14:08:15,1173,46480,12a19e5c-1264-4308-a323-e1e397dbcede,"You can find (a/an) oven which is cold. (A/an) oven is usually either cold, a bit more or less cold or the opposite of cold.","You can find (a/an) chocolate which is bitter. (A/an) chocolate is usually either bitter, a bit more or less bitter or the opposite of bitter.","You can find (a/an) diamond which is soft. (A/an) diamond is usually either soft, a bit more or less soft or the opposite of soft.",5_scalar_heat-set_extension_full_range,https://app.prolific.co/submissions/complete?cc=135DD3C8,Agree or disagree (run5_scalar_heat-set_extension_full_range-experiment_scalar-batch1-70-70),409287,9cbe7f4d-a0b1-4db2-9191-30081c241e18,2021-02-11 14:08:15,305.684,2021-02-11 13:05:35.161000,2021-02-11 13:10:40.845000,6.0,true,variability_open,cold,oven,../data/prolific_output/run5_scalar_heat-group_scalar_heat/qu70-s_qu3-batch1.csv
qu70-s_qu3-batch1.csv-1,1,NOT AVAILABLE,NOT AVAILABLE,01eeb5d1-2a5f-45c4-ba39-ddbf24954839,PROLIFIC,11-Feb-2021 14:54:47,1173,46480,12a19e5c-1264-4308-a323-e1e397dbcede,"You can find (a/an) oven which is cold. (A/an) oven is usually either cold, a bit more or less cold or the opposite of cold.","You can find (a/an) chocolate which is bitter. (A/an) chocolate is usually either bitter, a bit more or less bitter or the opposite of bitter.","You can find (a/an) diamond which is soft. (A/an) diamond is usually either soft, a bit more or less soft or the opposite of soft.",5_scalar_heat-set_extension_full_range,https://app.prolific.co/submissions/complete?cc=135DD3C8,Agree or disagree (run5_scalar_heat-set_extension_full_range-experiment_scalar-batch1-70-70),410336,1d21eb84-502a-451a-9a61-6681b4a983da,2021-02-11 14:54:47,814.511,2021-02-11 13:43:15.871000,2021-02-11 13:56:50.382000,6.0,false,variability_open,cold,oven,../data/prolific_output/run5_scalar_heat-group_scalar_heat/qu70-s_qu3-batch1.csv
qu70-s_qu3-batch1.csv-1,1,NOT AVAILABLE,NOT AVAILABLE,4d7f576e-160c-4416-8a0b-7548a4d8bb97,PROLIFIC,11-Feb-2021 14:16:30,1173,46480,12a19e5c-1264-4308-a323-e1e397dbcede,"You can find (a/an) oven which is cold. (A/an) oven is usually either cold, a bit more or less cold or the opposite of cold.","You can find (a/an) chocolate which is bitter. (A/an) chocolate is usually either bitter, a bit more or less bitter or the opposite of bitter.","You can find (a/an) diamond which is soft. (A/an) diamond is usually either soft, a bit more or less soft or the opposite of soft.",5_scalar_heat-set_extension_full_range,https://app.prolific.co/submissions/complete?cc=135DD3C8,Agree or disagree (run5_scalar_heat-set_extension_full_range-experiment_scalar-batch1-70-70),409616,da567c28-b547-4a83-9d61-de66958dfb1e,2021-02-11 14:16:30,419.382,2021-02-11 13:13:40.482000,2021-02-11 13:20:39.864000,3.0,true,variability_open,cold,oven,../data/prolific_output/run5_scalar_heat-group_scalar_heat/qu70-s_qu3-batch1.csv
qu70-s_qu3-batch1.csv-1,1,NOT AVAILABLE,NOT AVAILABLE,3c6e8c47-52b6-40dc-912b-32b6599fd0ce,PROLIFIC,11-Feb-2021 13:54:01,1173,46480,12a19e5c-1264-4308-a323-e1e397dbcede,"You can find (a/an) oven which is cold. (A/an) oven is usually either cold, a bit more or less cold or the opposite of cold.","You can find (a/an) chocolate which is bitter. (A/an) chocolate is usually either bitter, a bit more or less bitter or the opposite of bitter.","You can find (a/an) diamond which is soft. (A/an) diamond is usually either soft, a bit more or less soft or the opposite of soft.",5_scalar_heat-set_extension_full_range,https://app.prolific.co/submissions/complete?cc=135DD3C8,Agree or disagree (run5_scalar_heat-set_extension_full_range-experiment_scalar-batch1-70-70),408888,213641c3-3d26-47b7-9e06-c2af4cc29ce9,2021-02-11 13:54:01,756.898,2021-02-11 12:49:10.608000,2021-02-11 13:01:47.506000,22.0,false,variability_open,cold,oven,../data/prolific_output/run5_scalar_heat-group_scalar_heat/qu70-s_qu3-batch1.csv
qu70-s_qu3-batch1.csv-1,1,NOT AVAILABLE,NOT AVAILABLE,df22a112-e62a-4607-8c70-d22a89b1a7d6,PROLIFIC,11-Feb-2021 14:46:43,1173,46480,12a19e5c-1264-4308-a323-e1e397dbcede,"You can find (a/an) oven which is cold. (A/an) oven is usually either cold, a bit more or less cold or the opposite of cold.","You can find (a/an) chocolate which is bitter. (A/an) chocolate is usually either bitter, a bit more or less bitter or the opposite of bitter.","You can find (a/an) diamond which is soft. (A/an) diamond is usually either soft, a bit more or less soft or the opposite of soft.",5_scalar_heat-set_extension_full_range,https://app.prolific.co/submissions/complete?cc=135DD3C8,Agree or disagree (run5_scalar_heat-set_extension_full_range-experiment_scalar-batch1-70-70),410161,8ae03c1e-ff44-4b84-b516-288f7d21d08a,2021-02-11 14:46:43,1418.922,2021-02-11 13:25:09.172000,2021-02-11 13:48:48.094000,33.0,true,variability_open,cold,oven,../data/prolific_output/run5_scalar_heat-group_scalar_heat/qu70-s_qu3-batch1.csv
qu70-s_qu3-batch1.csv-1,1,NOT AVAILABLE,NOT AVAILABLE,ba2e5d60-1be5-4160-8883-d9dc1d2a590c,PROLIFIC,11-Feb-2021 14:59:31,1173,46480,12a19e5c-1264-4308-a323-e1e397dbcede,"You can find (a/an) oven which is cold. (A/an) oven is usually either cold, a bit more or less cold or the opposite of cold.","You can find (a/an) chocolate which is bitter. (A/an) chocolate is usually either bitter, a bit more or less bitter or the opposite of bitter.","You can find (a/an) diamond which is soft. (A/an) diamond is usually either soft, a bit more or less soft or the opposite of soft.",5_scalar_heat-set_extension_full_range,https://app.prolific.co/submissions/complete?cc=135DD3C8,Agree or disagree (run5_scalar_heat-set_extension_full_range-experiment_scalar-batch1-70-70),410428,6d236a3e-a487-42e3-af3c-3e4774f07388,2021-02-11 14:59:31,506.867,2021-02-11 13:55:38.597000,2021-02-11 14:04:05.464000,9.0,true,variability_open,cold,oven,../data/prolific_output/run5_scalar_heat-group_scalar_heat/qu70-s_qu3-batch1.csv
qu70-s_qu3-batch1.csv-1,1,NOT AVAILABLE,NOT AVAILABLE,f2b79ec4-328b-4811-ad4e-e541da2cb058,PROLIFIC,11-Feb-2021 14:18:31,1173,46481,34912510-3417-4aab-af8d-b4ef723725b5,``Cold'' is one for the first things which come to mind when I hear ``oven' because cold is one of the typical temperatures of (a/an) oven'.,``Spicy'' is one for the first things which come to mind when I hear ``chili_pepper' because spicy is one of the typical tastes of (a/an) chili_pepper'.,``Sweet'' is one for the first things which come to mind when I hear ``spinach' because sweet is one of the typical tastes of (a/an) spinach'.,5_scalar_heat-set_extension_full_range,https://app.prolific.co/submissions/complete?cc=135DD3C8,Agree or disagree (run5_scalar_heat-set_extension_full_range-experiment_scalar-batch1-70-70),409712,37ed97b6-0f95-4a32-aae3-dd0dd546d3cf,2021-02-11 14:18:31,538.269,2021-02-11 13:10:15.124000,2021-02-11 13:19:13.393000,7.0,false,typical_of_concept,cold,oven,../data/prolific_output/run5_scalar_heat-group_scalar_heat/qu70-s_qu3-batch1.csv
qu70-s_qu3-batch1.csv-1,1,NOT AVAILABLE,NOT AVAILABLE,011937c5-478d-4bcd-af78-a9232b3a0158,PROLIFIC,11-Feb-2021 15:44:53,1173,46481,34912510-3417-4aab-af8d-b4ef723725b5,``Cold'' is one for the first things which come to mind when I hear ``oven' because cold is one of the typical temperatures of (a/an) oven'.,``Spicy'' is one for the first things which come to mind when I hear ``chili_pepper' because spicy is one of the typical tastes of (a/an) chili_pepper'.,``Sweet'' is one for the first things which come to mind when I hear ``spinach' because sweet is one of the typical tastes of (a/an) spinach'.,5_scalar_heat-set_extension_full_range,https://app.prolific.co/submissions/complete?cc=135DD3C8,Agree or disagree (run5_scalar_heat-set_extension_full_range-experiment_scalar-batch1-70-70),410696,e1f967a9-db62-476b-bac1-9bf53c2cb1d4,2021-02-11 15:44:53,1856.165,2021-02-11 14:14:37.373000,2021-02-11 14:45:33.538000,3.0,false,typical_of_concept,cold,oven,../data/prolific_output/run5_scalar_heat-group_scalar_heat/qu70-s_qu3-batch1.csv
qu70-s_qu3-batch1.csv-1,1,NOT AVAILABLE,NOT AVAILABLE,8713bc47-83eb-4eb4-a7fb-ac15b44a0c3a,PROLIFIC,11-Feb-2021 14:02:49,1173,46481,34912510-3417-4aab-af8d-b4ef723725b5,``Cold'' is one for the first things which come to mind when I hear ``oven' because cold is one of the typical temperatures of (a/an) oven'.,``Spicy'' is one for the first things which come to mind when I hear ``chili_pepper' because spicy is one of the typical tastes of (a/an) chili_pepper'.,``Sweet'' is one for the first things which come to mind when I hear ``spinach' because sweet is one of the typical tastes of (a/an) spinach'.,5_scalar_heat-set_extension_full_range,https://app.prolific.co/submissions/complete?cc=135DD3C8,Agree or disagree (run5_scalar_heat-set_extension_full_range-experiment_scalar-batch1-70-70),409181,49edf04c-96b7-4aa1-bf10-d3103a3ae803,2021-02-11 14:02:49,627.838,2021-02-11 12:52:40.305000,2021-02-11 13:03:08.143000,2.0,false,typical_of_concept,cold,oven,../data/prolific_output/run5_scalar_heat-group_scalar_heat/qu70-s_qu3-batch1.csv
qu70-s_qu3-batch1.csv-1,1,NOT AVAILABLE,NOT AVAILABLE,44d44641-22cf-456b-99ee-e83419d5c276,PROLIFIC,11-Feb-2021 14:09:02,1173,46481,34912510-3417-4aab-af8d-b4ef723725b5,``Cold'' is one for the first things which come to mind when I hear ``oven' because cold is one of the typical temperatures of (a/an) oven'.,``Spicy'' is one for the first things which come to mind when I hear ``chili_pepper' because spicy is one of the typical tastes of (a/an) chili_pepper'.,``Sweet'' is one for the first things which come to mind when I hear ``spinach' because sweet is one of the typical tastes of (a/an) spinach'.,5_scalar_heat-set_extension_full_range,https://app.prolific.co/submissions/complete?cc=135DD3C8,Agree or disagree (run5_scalar_heat-set_extension_full_range-experiment_scalar-batch1-70-70),409313,3f01e71c-ec97-4176-bbb6-ede5f07cdc32,2021-02-11 14:09:02,305.684,2021-02-11 13:05:35.161000,2021-02-11 13:10:40.845000,2.0,false,typical_of_concept,cold,oven,../data/prolific_output/run5_scalar_heat-group_scalar_heat/qu70-s_qu3-batch1.csv
qu70-s_qu3-batch1.csv-1,1,NOT AVAILABLE,NOT AVAILABLE,01eeb5d1-2a5f-45c4-ba39-ddbf24954839,PROLIFIC,11-Feb-2021 14:48:51,1173,46481,34912510-3417-4aab-af8d-b4ef723725b5,``Cold'' is one for the first things which come to mind when I hear ``oven' because cold is one of the typical temperatures of (a/an) oven'.,``Spicy'' is one for the first things which come to mind when I hear ``chili_pepper' because spicy is one of the typical tastes of (a/an) chili_pepper'.,``Sweet'' is one for the first things which come to mind when I hear ``spinach' because sweet is one of the typical tastes of (a/an) spinach'.,5_scalar_heat-set_extension_full_range,https://app.prolific.co/submissions/complete?cc=135DD3C8,Agree or disagree (run5_scalar_heat-set_extension_full_range-experiment_scalar-batch1-70-70),410215,1e2cbe3b-aa87-4c49-ac2f-a4dfe3d5c85a,2021-02-11 14:48:51,814.511,2021-02-11 13:43:15.871000,2021-02-11 13:56:50.382000,11.0,false,typical_of_concept,cold,oven,../data/prolific_output/run5_scalar_heat-group_scalar_heat/qu70-s_qu3-batch1.csv
qu70-s_qu3-batch1.csv-1,1,NOT AVAILABLE,NOT AVAILABLE,4d7f576e-160c-4416-8a0b-7548a4d8bb97,PROLIFIC,11-Feb-2021 14:14:04,1173,46481,34912510-3417-4aab-af8d-b4ef723725b5,``Cold'' is one for the first things which come to mind when I hear ``oven' because cold is one of the typical temperatures of (a/an) oven'.,``Spicy'' is one for the first things which come to mind when I hear ``chili_pepper' because spicy is one of the typical tastes of (a/an) chili_pepper'.,``Sweet'' is one for the first things which come to mind when I hear ``spinach' because sweet is one of the typical tastes of (a/an) spinach'.,5_scalar_heat-set_extension_full_range,https://app.prolific.co/submissions/complete?cc=135DD3C8,Agree or disagree (run5_scalar_heat-set_extension_full_range-experiment_scalar-batch1-70-70),409495,085fc412-4da8-45e1-9e3b-3b81cc7893cf,2021-02-11 14:14:04,419.382,2021-02-11 13:13:40.482000,2021-02-11 13:20:39.864000,6.0,false,typical_of_concept,cold,oven,../data/prolific_output/run5_scalar_heat-group_scalar_heat/qu70-s_qu3-batch1.csv
qu70-s_qu3-batch1.csv-1,1,NOT AVAILABLE,NOT AVAILABLE,3c6e8c47-52b6-40dc-912b-32b6599fd0ce,PROLIFIC,11-Feb-2021 14:01:11,1173,46481,34912510-3417-4aab-af8d-b4ef723725b5,``Cold'' is one for the first things which come to mind when I hear ``oven' because cold is one of the typical temperatures of (a/an) oven'.,``Spicy'' is one for the first things which come to mind when I hear ``chili_pepper' because spicy is one of the typical tastes of (a/an) chili_pepper'.,``Sweet'' is one for the first things which come to mind when I hear ``spinach' because sweet is one of the typical tastes of (a/an) spinach'.,5_scalar_heat-set_extension_full_range,https://app.prolific.co/submissions/complete?cc=135DD3C8,Agree or disagree (run5_scalar_heat-set_extension_full_range-experiment_scalar-batch1-70-70),409157,eb98a15a-8cb8-492e-95cc-3a77c3ec7abd,2021-02-11 14:01:11,756.898,2021-02-11 12:49:10.608000,2021-02-11 13:01:47.506000,4.0,false,typical_of_concept,cold,oven,../data/prolific_output/run5_scalar_heat-group_scalar_heat/qu70-s_qu3-batch1.csv
qu70-s_qu3-batch1.csv-1,1,NOT AVAILABLE,NOT AVAILABLE,df22a112-e62a-4607-8c70-d22a89b1a7d6,PROLIFIC,11-Feb-2021 14:39:23,1173,46481,34912510-3417-4aab-af8d-b4ef723725b5,``Cold'' is one for the first things which come to mind when I hear ``oven' because cold is one of the typical temperatures of (a/an) oven'.,``Spicy'' is one for the first things which come to mind when I hear ``chili_pepper' because spicy is one of the typical tastes of (a/an) chili_pepper'.,``Sweet'' is one for the first things which come to mind when I hear ``spinach' because sweet is one of the typical tastes of (a/an) spinach'.,5_scalar_heat-set_extension_full_range,https://app.prolific.co/submissions/complete?cc=135DD3C8,Agree or disagree (run5_scalar_heat-set_extension_full_range-experiment_scalar-batch1-70-70),410088,fde86ee5-fbef-4bdb-b7b5-77b37775b954,2021-02-11 14:39:23,1418.922,2021-02-11 13:25:09.172000,2021-02-11 13:48:48.094000,4.0,false,typical_of_concept,cold,oven,../data/prolific_output/run5_scalar_heat-group_scalar_heat/qu70-s_qu3-batch1.csv
qu70-s_qu3-batch1.csv-1,1,NOT AVAILABLE,NOT AVAILABLE,ba2e5d60-1be5-4160-8883-d9dc1d2a590c,PROLIFIC,11-Feb-2021 15:01:00,1173,46481,34912510-3417-4aab-af8d-b4ef723725b5,``Cold'' is one for the first things which come to mind when I hear ``oven' because cold is one of the typical temperatures of (a/an) oven'.,``Spicy'' is one for the first things which come to mind when I hear ``chili_pepper' because spicy is one of the typical tastes of (a/an) chili_pepper'.,``Sweet'' is one for the first things which come to mind when I hear ``spinach' because sweet is one of the typical tastes of (a/an) spinach'.,5_scalar_heat-set_extension_full_range,https://app.prolific.co/submissions/complete?cc=135DD3C8,Agree or disagree (run5_scalar_heat-set_extension_full_range-experiment_scalar-batch1-70-70),410450,d376abed-bc23-47dc-a166-73267d19aeb7,2021-02-11 15:01:00,506.867,2021-02-11 13:55:38.597000,2021-02-11 14:04:05.464000,6.0,false,typical_of_concept,cold,oven,../data/prolific_output/run5_scalar_heat-group_scalar_heat/qu70-s_qu3-batch1.csv
qu70-s_qu3-batch1.csv-1,1,NOT AVAILABLE,NOT AVAILABLE,f2b79ec4-328b-4811-ad4e-e541da2cb058,PROLIFIC,11-Feb-2021 14:12:41,1173,46482,1f9bc9bb-362e-409d-99aa-94b43afe2cf9,"Usually, (a/an) oven is not cold, but there could be a highly unusual situation in which (a/an) oven is cold.","Usually, (a/an) pony is not blue, but there could be a highly unusual situation in which (a/an) pony is blue.","Usually, (a/an) razor is not sharp, but there could be a highly unusual situation in which (a/an) razor is sharp.",5_scalar_heat-set_extension_full_range,https://app.prolific.co/submissions/complete?cc=135DD3C8,Agree or disagree (run5_scalar_heat-set_extension_full_range-experiment_scalar-batch1-70-70),409449,92eaf785-36d3-45d4-96d7-7fef75c9ba09,2021-02-11 14:12:41,538.269,2021-02-11 13:10:15.124000,2021-02-11 13:19:13.393000,8.0,true,unusual,cold,oven,../data/prolific_output/run5_scalar_heat-group_scalar_heat/qu70-s_qu3-batch1.csv
qu70-s_qu3-batch1.csv-1,1,NOT AVAILABLE,NOT AVAILABLE,011937c5-478d-4bcd-af78-a9232b3a0158,PROLIFIC,11-Feb-2021 15:43:33,1173,46482,1f9bc9bb-362e-409d-99aa-94b43afe2cf9,"Usually, (a/an) oven is not cold, but there could be a highly unusual situation in which (a/an) oven is cold.","Usually, (a/an) pony is not blue, but there could be a highly unusual situation in which (a/an) pony is blue.","Usually, (a/an) razor is not sharp, but there could be a highly unusual situation in which (a/an) razor is sharp.",5_scalar_heat-set_extension_full_range,https://app.prolific.co/submissions/complete?cc=135DD3C8,Agree or disagree (run5_scalar_heat-set_extension_full_range-experiment_scalar-batch1-70-70),410681,042df334-03f8-4bed-af5d-5494be876ff6,2021-02-11 15:43:33,1856.165,2021-02-11 14:14:37.373000,2021-02-11 14:45:33.538000,4.0,false,unusual,cold,oven,../data/prolific_output/run5_scalar_heat-group_scalar_heat/qu70-s_qu3-batch1.csv
qu70-s_qu3-batch1.csv-1,1,NOT AVAILABLE,NOT AVAILABLE,8713bc47-83eb-4eb4-a7fb-ac15b44a0c3a,PROLIFIC,11-Feb-2021 14:01:03,1173,46482,1f9bc9bb-362e-409d-99aa-94b43afe2cf9,"Usually, (a/an) oven is not cold, but there could be a highly unusual situation in which (a/an) oven is cold.","Usually, (a/an) pony is not blue, but there could be a highly unusual situation in which (a/an) pony is blue.","Usually, (a/an) razor is not sharp, but there could be a highly unusual situation in which (a/an) razor is sharp.",5_scalar_heat-set_extension_full_range,https://app.prolific.co/submissions/complete?cc=135DD3C8,Agree or disagree (run5_scalar_heat-set_extension_full_range-experiment_scalar-batch1-70-70),409152,6b6ee6e6-dbfc-495a-9f91-2569be3958aa,2021-02-11 14:01:03,627.838,2021-02-11 12:52:40.305000,2021-02-11 13:03:08.143000,2.0,false,unusual,cold,oven,../data/prolific_output/run5_scalar_heat-group_scalar_heat/qu70-s_qu3-batch1.csv
qu70-s_qu3-batch1.csv-1,1,NOT AVAILABLE,NOT AVAILABLE,44d44641-22cf-456b-99ee-e83419d5c276,PROLIFIC,11-Feb-2021 14:09:55,1173,46482,1f9bc9bb-362e-409d-99aa-94b43afe2cf9,"Usually, (a/an) oven is not cold, but there could be a highly unusual situation in which (a/an) oven is cold.","Usually, (a/an) pony is not blue, but there could be a highly unusual situation in which (a/an) pony is blue.","Usually, (a/an) razor is not sharp, but there could be a highly unusual situation in which (a/an) razor is sharp.",5_scalar_heat-set_extension_full_range,https://app.prolific.co/submissions/complete?cc=135DD3C8,Agree or disagree (run5_scalar_heat-set_extension_full_range-experiment_scalar-batch1-70-70),409357,8c587a3e-4cfc-4be4-9f4e-60dad03f10c5,2021-02-11 14:09:55,305.684,2021-02-11 13:05:35.161000,2021-02-11 13:10:40.845000,4.0,false,unusual,cold,oven,../data/prolific_output/run5_scalar_heat-group_scalar_heat/qu70-s_qu3-batch1.csv
qu70-s_qu3-batch1.csv-1,1,NOT AVAILABLE,NOT AVAILABLE,01eeb5d1-2a5f-45c4-ba39-ddbf24954839,PROLIFIC,11-Feb-2021 14:55:42,1173,46482,1f9bc9bb-362e-409d-99aa-94b43afe2cf9,"Usually, (a/an) oven is not cold, but there could be a highly unusual situation in which (a/an) oven is cold.","Usually, (a/an) pony is not blue, but there could be a highly unusual situation in which (a/an) pony is blue.","Usually, (a/an) razor is not sharp, but there could be a highly unusual situation in which (a/an) razor is sharp.",5_scalar_heat-set_extension_full_range,https://app.prolific.co/submissions/complete?cc=135DD3C8,Agree or disagree (run5_scalar_heat-set_extension_full_range-experiment_scalar-batch1-70-70),410368,20b5f1c8-0e3f-444b-bcaa-35af9c7ae4c8,2021-02-11 14:55:42,814.511,2021-02-11 13:43:15.871000,2021-02-11 13:56:50.382000,8.0,false,unusual,cold,oven,../data/prolific_output/run5_scalar_heat-group_scalar_heat/qu70-s_qu3-batch1.csv
qu70-s_qu3-batch1.csv-1,1,NOT AVAILABLE,NOT AVAILABLE,4d7f576e-160c-4416-8a0b-7548a4d8bb97,PROLIFIC,11-Feb-2021 14:17:21,1173,46482,1f9bc9bb-362e-409d-99aa-94b43afe2cf9,"Usually, (a/an) oven is not cold, but there could be a highly unusual situation in which (a/an) oven is cold.","Usually, (a/an) pony is not blue, but there could be a highly unusual situation in which (a/an) pony is blue.","Usually, (a/an) razor is not sharp, but there could be a highly unusual situation in which (a/an) razor is sharp.",5_scalar_heat-set_extension_full_range,https://app.prolific.co/submissions/complete?cc=135DD3C8,Agree or disagree (run5_scalar_heat-set_extension_full_range-experiment_scalar-batch1-70-70),409651,bc3a2dc5-884f-4ba4-a275-6cd54cc4270b,2021-02-11 14:17:21,419.382,2021-02-11 13:13:40.482000,2021-02-11 13:20:39.864000,7.0,true,unusual,cold,oven,../data/prolific_output/run5_scalar_heat-group_scalar_heat/qu70-s_qu3-batch1.csv
qu70-s_qu3-batch1.csv-1,1,NOT AVAILABLE,NOT AVAILABLE,3c6e8c47-52b6-40dc-912b-32b6599fd0ce,PROLIFIC,11-Feb-2021 13:57:41,1173,46482,1f9bc9bb-362e-409d-99aa-94b43afe2cf9,"Usually, (a/an) oven is not cold, but there could be a highly unusual situation in which (a/an) oven is cold.","Usually, (a/an) pony is not blue, but there could be a highly unusual situation in which (a/an) pony is blue.","Usually, (a/an) razor is not sharp, but there could be a highly unusual situation in which (a/an) razor is sharp.",5_scalar_heat-set_extension_full_range,https://app.prolific.co/submissions/complete?cc=135DD3C8,Agree or disagree (run5_scalar_heat-set_extension_full_range-experiment_scalar-batch1-70-70),409035,9bc12db1-3b77-4651-8921-8cc86ec8f169,2021-02-11 13:57:41,756.898,2021-02-11 12:49:10.608000,2021-02-11 13:01:47.506000,4.0,true,unusual,cold,oven,../data/prolific_output/run5_scalar_heat-group_scalar_heat/qu70-s_qu3-batch1.csv
qu70-s_qu3-batch1.csv-1,1,NOT AVAILABLE,NOT AVAILABLE,df22a112-e62a-4607-8c70-d22a89b1a7d6,PROLIFIC,11-Feb-2021 14:43:47,1173,46482,1f9bc9bb-362e-409d-99aa-94b43afe2cf9,"Usually, (a/an) oven is not cold, but there could be a highly unusual situation in which (a/an) oven is cold.","Usually, (a/an) pony is not blue, but there could be a highly unusual situation in which (a/an) pony is blue.","Usually, (a/an) razor is not sharp, but there could be a highly unusual situation in which (a/an) razor is sharp.",5_scalar_heat-set_extension_full_range,https://app.prolific.co/submissions/complete?cc=135DD3C8,Agree or disagree (run5_scalar_heat-set_extension_full_range-experiment_scalar-batch1-70-70),410134,69cb62d1-0f37-4398-94ba-efb637e18a78,2021-02-11 14:43:47,1418.922,2021-02-11 13:25:09.172000,2021-02-11 13:48:48.094000,121.0,false,unusual,cold,oven,../data/prolific_output/run5_scalar_heat-group_scalar_heat/qu70-s_qu3-batch1.csv
qu70-s_qu3-batch1.csv-1,1,NOT AVAILABLE,NOT AVAILABLE,ba2e5d60-1be5-4160-8883-d9dc1d2a590c,PROLIFIC,11-Feb-2021 15:04:01,1173,46482,1f9bc9bb-362e-409d-99aa-94b43afe2cf9,"Usually, (a/an) oven is not cold, but there could be a highly unusual situation in which (a/an) oven is cold.","Usually, (a/an) pony is not blue, but there could be a highly unusual situation in which (a/an) pony is blue.","Usually, (a/an) razor is not sharp, but there could be a highly unusual situation in which (a/an) razor is sharp.",5_scalar_heat-set_extension_full_range,https://app.prolific.co/submissions/complete?cc=135DD3C8,Agree or disagree (run5_scalar_heat-set_extension_full_range-experiment_scalar-batch1-70-70),410486,569a7938-9b44-45b4-bf0c-c449b4cb5539,2021-02-11 15:04:01,506.867,2021-02-11 13:55:38.597000,2021-02-11 14:04:05.464000,12.464,false,unusual,cold,oven,../data/prolific_output/run5_scalar_heat-group_scalar_heat/qu70-s_qu3-batch1.csv
qu70-s_qu3-batch1.csv-1,1,NOT AVAILABLE,NOT AVAILABLE,f2b79ec4-328b-4811-ad4e-e541da2cb058,PROLIFIC,11-Feb-2021 14:19:05,1173,46483,783747c7-4912-4fbd-add1-e5511286e325,I know that being cold is necessary for many things (a/an) oven does or is used for. ,I know that being pointy is necessary for many things (a/an) needle does or is used for. ,I know that being white is necessary for many things (a/an) t-shirt does or is used for. ,5_scalar_heat-set_extension_full_range,https://app.prolific.co/submissions/complete?cc=135DD3C8,Agree or disagree (run5_scalar_heat-set_extension_full_range-experiment_scalar-batch1-70-70),409741,5d5a8cc3-21a8-4482-90b8-8cd2086c07ec,2021-02-11 14:19:05,538.269,2021-02-11 13:10:15.124000,2021-02-11 13:19:13.393000,2.0,false,affording_activity,cold,oven,../data/prolific_output/run5_scalar_heat-group_scalar_heat/qu70-s_qu3-batch1.csv
qu70-s_qu3-batch1.csv-1,1,NOT AVAILABLE,NOT AVAILABLE,011937c5-478d-4bcd-af78-a9232b3a0158,PROLIFIC,11-Feb-2021 15:35:23,1173,46483,783747c7-4912-4fbd-add1-e5511286e325,I know that being cold is necessary for many things (a/an) oven does or is used for. ,I know that being pointy is necessary for many things (a/an) needle does or is used for. ,I know that being white is necessary for many things (a/an) t-shirt does or is used for. ,5_scalar_heat-set_extension_full_range,https://app.prolific.co/submissions/complete?cc=135DD3C8,Agree or disagree (run5_scalar_heat-set_extension_full_range-experiment_scalar-batch1-70-70),410640,785bcdd8-30c5-4d90-8dc6-0f586d9308e2,2021-02-11 15:35:23,1856.165,2021-02-11 14:14:37.373000,2021-02-11 14:45:33.538000,3.0,false,affording_activity,cold,oven,../data/prolific_output/run5_scalar_heat-group_scalar_heat/qu70-s_qu3-batch1.csv
qu70-s_qu3-batch1.csv-1,1,NOT AVAILABLE,NOT AVAILABLE,8713bc47-83eb-4eb4-a7fb-ac15b44a0c3a,PROLIFIC,11-Feb-2021 13:57:28,1173,46483,783747c7-4912-4fbd-add1-e5511286e325,I know that being cold is necessary for many things (a/an) oven does or is used for. ,I know that being pointy is necessary for many things (a/an) needle does or is used for. ,I know that being white is necessary for many things (a/an) t-shirt does or is used for. ,5_scalar_heat-set_extension_full_range,https://app.prolific.co/submissions/complete?cc=135DD3C8,Agree or disagree (run5_scalar_heat-set_extension_full_range-experiment_scalar-batch1-70-70),409026,e014ea23-51cf-4e53-a89e-235d22c1dcac,2021-02-11 13:57:28,627.838,2021-02-11 12:52:40.305000,2021-02-11 13:03:08.143000,2.0,false,affording_activity,cold,oven,../data/prolific_output/run5_scalar_heat-group_scalar_heat/qu70-s_qu3-batch1.csv
qu70-s_qu3-batch1.csv-1,1,NOT AVAILABLE,NOT AVAILABLE,44d44641-22cf-456b-99ee-e83419d5c276,PROLIFIC,11-Feb-2021 14:08:40,1173,46483,783747c7-4912-4fbd-add1-e5511286e325,I know that being cold is necessary for many things (a/an) oven does or is used for. ,I know that being pointy is necessary for many things (a/an) needle does or is used for. ,I know that being white is necessary for many things (a/an) t-shirt does or is used for. ,5_scalar_heat-set_extension_full_range,https://app.prolific.co/submissions/complete?cc=135DD3C8,Agree or disagree (run5_scalar_heat-set_extension_full_range-experiment_scalar-batch1-70-70),409297,ebcad445-51a9-42be-9582-1db18644d0e1,2021-02-11 14:08:40,305.684,2021-02-11 13:05:35.161000,2021-02-11 13:10:40.845000,2.0,false,affording_activity,cold,oven,../data/prolific_output/run5_scalar_heat-group_scalar_heat/qu70-s_qu3-batch1.csv
qu70-s_qu3-batch1.csv-1,1,NOT AVAILABLE,NOT AVAILABLE,01eeb5d1-2a5f-45c4-ba39-ddbf24954839,PROLIFIC,11-Feb-2021 14:50:50,1173,46483,783747c7-4912-4fbd-add1-e5511286e325,I know that being cold is necessary for many things (a/an) oven does or is used for. ,I know that being pointy is necessary for many things (a/an) needle does or is used for. ,I know that being white is necessary for many things (a/an) t-shirt does or is used for. ,5_scalar_heat-set_extension_full_range,https://app.prolific.co/submissions/complete?cc=135DD3C8,Agree or disagree (run5_scalar_heat-set_extension_full_range-experiment_scalar-batch1-70-70),410240,8fdaa0f4-c9c4-408d-aa00-f5c574841db5,2021-02-11 14:50:50,814.511,2021-02-11 13:43:15.871000,2021-02-11 13:56:50.382000,5.0,false,affording_activity,cold,oven,../data/prolific_output/run5_scalar_heat-group_scalar_heat/qu70-s_qu3-batch1.csv
qu70-s_qu3-batch1.csv-1,1,NOT AVAILABLE,NOT AVAILABLE,4d7f576e-160c-4416-8a0b-7548a4d8bb97,PROLIFIC,11-Feb-2021 14:14:32,1173,46483,783747c7-4912-4fbd-add1-e5511286e325,I know that being cold is necessary for many things (a/an) oven does or is used for. ,I know that being pointy is necessary for many things (a/an) needle does or is used for. ,I know that being white is necessary for many things (a/an) t-shirt does or is used for. ,5_scalar_heat-set_extension_full_range,https://app.prolific.co/submissions/complete?cc=135DD3C8,Agree or disagree (run5_scalar_heat-set_extension_full_range-experiment_scalar-batch1-70-70),409511,95f304f1-e426-4f1d-ac4d-9470a577e369,2021-02-11 14:14:32,419.382,2021-02-11 13:13:40.482000,2021-02-11 13:20:39.864000,5.0,false,affording_activity,cold,oven,../data/prolific_output/run5_scalar_heat-group_scalar_heat/qu70-s_qu3-batch1.csv
qu70-s_qu3-batch1.csv-1,1,NOT AVAILABLE,NOT AVAILABLE,3c6e8c47-52b6-40dc-912b-32b6599fd0ce,PROLIFIC,11-Feb-2021 13:56:25,1173,46483,783747c7-4912-4fbd-add1-e5511286e325,I know that being cold is necessary for many things (a/an) oven does or is used for. ,I know that being pointy is necessary for many things (a/an) needle does or is used for. ,I know that being white is necessary for many things (a/an) t-shirt does or is used for. ,5_scalar_heat-set_extension_full_range,https://app.prolific.co/submissions/complete?cc=135DD3C8,Agree or disagree (run5_scalar_heat-set_extension_full_range-experiment_scalar-batch1-70-70),408984,ca676828-cf25-4a64-83aa-f77868d293fe,2021-02-11 13:56:25,756.898,2021-02-11 12:49:10.608000,2021-02-11 13:01:47.506000,4.0,false,affording_activity,cold,oven,../data/prolific_output/run5_scalar_heat-group_scalar_heat/qu70-s_qu3-batch1.csv
qu70-s_qu3-batch1.csv-1,1,NOT AVAILABLE,NOT AVAILABLE,df22a112-e62a-4607-8c70-d22a89b1a7d6,PROLIFIC,11-Feb-2021 14:41:26,1173,46483,783747c7-4912-4fbd-add1-e5511286e325,I know that being cold is necessary for many things (a/an) oven does or is used for. ,I know that being pointy is necessary for many things (a/an) needle does or is used for. ,I know that being white is necessary for many things (a/an) t-shirt does or is used for. ,5_scalar_heat-set_extension_full_range,https://app.prolific.co/submissions/complete?cc=135DD3C8,Agree or disagree (run5_scalar_heat-set_extension_full_range-experiment_scalar-batch1-70-70),410115,7cef4e1d-c974-4097-9f19-f57c68505660,2021-02-11 14:41:26,1418.922,2021-02-11 13:25:09.172000,2021-02-11 13:48:48.094000,13.0,false,affording_activity,cold,oven,../data/prolific_output/run5_scalar_heat-group_scalar_heat/qu70-s_qu3-batch1.csv
qu70-s_qu3-batch1.csv-1,1,NOT AVAILABLE,NOT AVAILABLE,ba2e5d60-1be5-4160-8883-d9dc1d2a590c,PROLIFIC,11-Feb-2021 15:02:01,1173,46483,783747c7-4912-4fbd-add1-e5511286e325,I know that being cold is necessary for many things (a/an) oven does or is used for. ,I know that being pointy is necessary for many things (a/an) needle does or is used for. ,I know that being white is necessary for many things (a/an) t-shirt does or is used for. ,5_scalar_heat-set_extension_full_range,https://app.prolific.co/submissions/complete?cc=135DD3C8,Agree or disagree (run5_scalar_heat-set_extension_full_range-experiment_scalar-batch1-70-70),410463,b453fe21-7a45-4e7e-b6ec-899d53b4579b,2021-02-11 15:02:01,506.867,2021-02-11 13:55:38.597000,2021-02-11 14:04:05.464000,4.0,false,affording_activity,cold,oven,../data/prolific_output/run5_scalar_heat-group_scalar_heat/qu70-s_qu3-batch1.csv
qu70-s_qu3-batch1.csv-1,1,NOT AVAILABLE,NOT AVAILABLE,f2b79ec4-328b-4811-ad4e-e541da2cb058,PROLIFIC,11-Feb-2021 14:12:06,1173,46484,60b10511-3f48-4cc8-82da-949f995132e2,``Oven'' is one of the first things which come to mind when I hear ``cold' because (a/an) oven is a typical example of things which are cold'. ,``Rainbow'' is one of the first things which come to mind when I hear ``colorful' because (a/an) rainbow is a typical example of things which are colorful'. ,``Dress'' is one of the first things which come to mind when I hear ``white' because (a/an) dress is a typical example of things which are white'. ,5_scalar_heat-set_extension_full_range,https://app.prolific.co/submissions/complete?cc=135DD3C8,Agree or disagree (run5_scalar_heat-set_extension_full_range-experiment_scalar-batch1-70-70),409433,e8f59129-cc1f-4520-aecb-0c3c165665e3,2021-02-11 14:12:06,538.269,2021-02-11 13:10:15.124000,2021-02-11 13:19:13.393000,5.0,false,typical_of_property,cold,oven,../data/prolific_output/run5_scalar_heat-group_scalar_heat/qu70-s_qu3-batch1.csv
qu70-s_qu3-batch1.csv-1,1,NOT AVAILABLE,NOT AVAILABLE,011937c5-478d-4bcd-af78-a9232b3a0158,PROLIFIC,11-Feb-2021 15:44:17,1173,46484,60b10511-3f48-4cc8-82da-949f995132e2,``Oven'' is one of the first things which come to mind when I hear ``cold' because (a/an) oven is a typical example of things which are cold'. ,``Rainbow'' is one of the first things which come to mind when I hear ``colorful' because (a/an) rainbow is a typical example of things which are colorful'. ,``Dress'' is one of the first things which come to mind when I hear ``white' because (a/an) dress is a typical example of things which are white'. ,5_scalar_heat-set_extension_full_range,https://app.prolific.co/submissions/complete?cc=135DD3C8,Agree or disagree (run5_scalar_heat-set_extension_full_range-experiment_scalar-batch1-70-70),410687,6890eee0-749f-444d-bc56-5bb4daca0178,2021-02-11 15:44:17,1856.165,2021-02-11 14:14:37.373000,2021-02-11 14:45:33.538000,6.0,false,typical_of_property,cold,oven,../data/prolific_output/run5_scalar_heat-group_scalar_heat/qu70-s_qu3-batch1.csv
qu70-s_qu3-batch1.csv-1,1,NOT AVAILABLE,NOT AVAILABLE,8713bc47-83eb-4eb4-a7fb-ac15b44a0c3a,PROLIFIC,11-Feb-2021 13:57:12,1173,46484,60b10511-3f48-4cc8-82da-949f995132e2,``Oven'' is one of the first things which come to mind when I hear ``cold' because (a/an) oven is a typical example of things which are cold'. ,``Rainbow'' is one of the first things which come to mind when I hear ``colorful' because (a/an) rainbow is a typical example of things which are colorful'. ,``Dress'' is one of the first things which come to mind when I hear ``white' because (a/an) dress is a typical example of things which are white'. ,5_scalar_heat-set_extension_full_range,https://app.prolific.co/submissions/complete?cc=135DD3C8,Agree or disagree (run5_scalar_heat-set_extension_full_range-experiment_scalar-batch1-70-70),409011,6b0c6737-bd74-4e87-b2f0-318f0fb18213,2021-02-11 13:57:12,627.838,2021-02-11 12:52:40.305000,2021-02-11 13:03:08.143000,3.0,false,typical_of_property,cold,oven,../data/prolific_output/run5_scalar_heat-group_scalar_heat/qu70-s_qu3-batch1.csv
qu70-s_qu3-batch1.csv-1,1,NOT AVAILABLE,NOT AVAILABLE,44d44641-22cf-456b-99ee-e83419d5c276,PROLIFIC,11-Feb-2021 14:06:44,1173,46484,60b10511-3f48-4cc8-82da-949f995132e2,``Oven'' is one of the first things which come to mind when I hear ``cold' because (a/an) oven is a typical example of things which are cold'. ,``Rainbow'' is one of the first things which come to mind when I hear ``colorful' because (a/an) rainbow is a typical example of things which are colorful'. ,``Dress'' is one of the first things which come to mind when I hear ``white' because (a/an) dress is a typical example of things which are white'. ,5_scalar_heat-set_extension_full_range,https://app.prolific.co/submissions/complete?cc=135DD3C8,Agree or disagree (run5_scalar_heat-set_extension_full_range-experiment_scalar-batch1-70-70),409246,f0453df4-9f9f-44bb-a7ad-2fd57c5ead18,2021-02-11 14:06:44,305.684,2021-02-11 13:05:35.161000,2021-02-11 13:10:40.845000,3.0,false,typical_of_property,cold,oven,../data/prolific_output/run5_scalar_heat-group_scalar_heat/qu70-s_qu3-batch1.csv
qu70-s_qu3-batch1.csv-1,1,NOT AVAILABLE,NOT AVAILABLE,01eeb5d1-2a5f-45c4-ba39-ddbf24954839,PROLIFIC,11-Feb-2021 14:50:01,1173,46484,60b10511-3f48-4cc8-82da-949f995132e2,``Oven'' is one of the first things which come to mind when I hear ``cold' because (a/an) oven is a typical example of things which are cold'. ,``Rainbow'' is one of the first things which come to mind when I hear ``colorful' because (a/an) rainbow is a typical example of things which are colorful'. ,``Dress'' is one of the first things which come to mind when I hear ``white' because (a/an) dress is a typical example of things which are white'. ,5_scalar_heat-set_extension_full_range,https://app.prolific.co/submissions/complete?cc=135DD3C8,Agree or disagree (run5_scalar_heat-set_extension_full_range-experiment_scalar-batch1-70-70),410231,596ed912-431f-42ff-8aaf-4c8e588517c1,2021-02-11 14:50:01,814.511,2021-02-11 13:43:15.871000,2021-02-11 13:56:50.382000,3.0,false,typical_of_property,cold,oven,../data/prolific_output/run5_scalar_heat-group_scalar_heat/qu70-s_qu3-batch1.csv
qu70-s_qu3-batch1.csv-1,1,NOT AVAILABLE,NOT AVAILABLE,4d7f576e-160c-4416-8a0b-7548a4d8bb97,PROLIFIC,11-Feb-2021 14:16:12,1173,46484,60b10511-3f48-4cc8-82da-949f995132e2,``Oven'' is one of the first things which come to mind when I hear ``cold' because (a/an) oven is a typical example of things which are cold'. ,``Rainbow'' is one of the first things which come to mind when I hear ``colorful' because (a/an) rainbow is a typical example of things which are colorful'. ,``Dress'' is one of the first things which come to mind when I hear ``white' because (a/an) dress is a typical example of things which are white'. ,5_scalar_heat-set_extension_full_range,https://app.prolific.co/submissions/complete?cc=135DD3C8,Agree or disagree (run5_scalar_heat-set_extension_full_range-experiment_scalar-batch1-70-70),409605,7f103190-13bd-4a34-b3a3-7fba78109086,2021-02-11 14:16:12,419.382,2021-02-11 13:13:40.482000,2021-02-11 13:20:39.864000,5.0,false,typical_of_property,cold,oven,../data/prolific_output/run5_scalar_heat-group_scalar_heat/qu70-s_qu3-batch1.csv
qu70-s_qu3-batch1.csv-1,1,NOT AVAILABLE,NOT AVAILABLE,3c6e8c47-52b6-40dc-912b-32b6599fd0ce,PROLIFIC,11-Feb-2021 14:00:58,1173,46484,60b10511-3f48-4cc8-82da-949f995132e2,``Oven'' is one of the first things which come to mind when I hear ``cold' because (a/an) oven is a typical example of things which are cold'. ,``Rainbow'' is one of the first things which come to mind when I hear ``colorful' because (a/an) rainbow is a typical example of things which are colorful'. ,``Dress'' is one of the first things which come to mind when I hear ``white' because (a/an) dress is a typical example of things which are white'. ,5_scalar_heat-set_extension_full_range,https://app.prolific.co/submissions/complete?cc=135DD3C8,Agree or disagree (run5_scalar_heat-set_extension_full_range-experiment_scalar-batch1-70-70),409148,59929362-37b8-4ae8-b715-e5dbd1c1e269,2021-02-11 14:00:58,756.898,2021-02-11 12:49:10.608000,2021-02-11 13:01:47.506000,3.0,false,typical_of_property,cold,oven,../data/prolific_output/run5_scalar_heat-group_scalar_heat/qu70-s_qu3-batch1.csv
qu70-s_qu3-batch1.csv-1,1,NOT AVAILABLE,NOT AVAILABLE,df22a112-e62a-4607-8c70-d22a89b1a7d6,PROLIFIC,11-Feb-2021 14:32:47,1173,46484,60b10511-3f48-4cc8-82da-949f995132e2,``Oven'' is one of the first things which come to mind when I hear ``cold' because (a/an) oven is a typical example of things which are cold'. ,``Rainbow'' is one of the first things which come to mind when I hear ``colorful' because (a/an) rainbow is a typical example of things which are colorful'. ,``Dress'' is one of the first things which come to mind when I hear ``white' because (a/an) dress is a typical example of things which are white'. ,5_scalar_heat-set_extension_full_range,https://app.prolific.co/submissions/complete?cc=135DD3C8,Agree or disagree (run5_scalar_heat-set_extension_full_range-experiment_scalar-batch1-70-70),409991,8193c541-65f7-4f56-80e0-c6738b50ad45,2021-02-11 14:32:47,1418.922,2021-02-11 13:25:09.172000,2021-02-11 13:48:48.094000,81.0,false,typical_of_property,cold,oven,../data/prolific_output/run5_scalar_heat-group_scalar_heat/qu70-s_qu3-batch1.csv
qu70-s_qu3-batch1.csv-1,1,NOT AVAILABLE,NOT AVAILABLE,ba2e5d60-1be5-4160-8883-d9dc1d2a590c,PROLIFIC,11-Feb-2021 14:59:37,1173,46484,60b10511-3f48-4cc8-82da-949f995132e2,``Oven'' is one of the first things which come to mind when I hear ``cold' because (a/an) oven is a typical example of things which are cold'. ,``Rainbow'' is one of the first things which come to mind when I hear ``colorful' because (a/an) rainbow is a typical example of things which are colorful'. ,``Dress'' is one of the first things which come to mind when I hear ``white' because (a/an) dress is a typical example of things which are white'. ,5_scalar_heat-set_extension_full_range,https://app.prolific.co/submissions/complete?cc=135DD3C8,Agree or disagree (run5_scalar_heat-set_extension_full_range-experiment_scalar-batch1-70-70),410430,a474b96f-8bcf-4dd9-8ae0-be712cfc8ea7,2021-02-11 14:59:37,506.867,2021-02-11 13:55:38.597000,2021-02-11 14:04:05.464000,3.0,false,typical_of_property,cold,oven,../data/prolific_output/run5_scalar_heat-group_scalar_heat/qu70-s_qu3-batch1.csv
qu70-s_qu3-batch1.csv-1,1,NOT AVAILABLE,NOT AVAILABLE,f2b79ec4-328b-4811-ad4e-e541da2cb058,PROLIFIC,11-Feb-2021 14:15:05,1173,46485,a17a19e7-0e03-4805-93c1-2182167c4638,You can find (a/an) tortilla which is warm. (A/an) tortilla is usually either warm or not warm. It cannot be a bit more or less warm.,You can find (a/an) pea which is frozen. (A/an) pea is usually either frozen or not frozen. It cannot be a bit more or less frozen.,You can find (a/an) soup which is salty. (A/an) soup is usually either salty or not salty. It cannot be a bit more or less salty.,5_scalar_heat-set_extension_full_range,https://app.prolific.co/submissions/complete?cc=135DD3C8,Agree or disagree (run5_scalar_heat-set_extension_full_range-experiment_scalar-batch1-70-70),409535,8a0f0c8e-c6ff-4ec4-8fef-99cd085bbf89,2021-02-11 14:15:05,538.269,2021-02-11 13:10:15.124000,2021-02-11 13:19:13.393000,2.0,true,variability_limited,warm,tortilla,../data/prolific_output/run5_scalar_heat-group_scalar_heat/qu70-s_qu3-batch1.csv
qu70-s_qu3-batch1.csv-1,1,NOT AVAILABLE,NOT AVAILABLE,011937c5-478d-4bcd-af78-a9232b3a0158,PROLIFIC,11-Feb-2021 15:42:56,1173,46485,a17a19e7-0e03-4805-93c1-2182167c4638,You can find (a/an) tortilla which is warm. (A/an) tortilla is usually either warm or not warm. It cannot be a bit more or less warm.,You can find (a/an) pea which is frozen. (A/an) pea is usually either frozen or not frozen. It cannot be a bit more or less frozen.,You can find (a/an) soup which is salty. (A/an) soup is usually either salty or not salty. It cannot be a bit more or less salty.,5_scalar_heat-set_extension_full_range,https://app.prolific.co/submissions/complete?cc=135DD3C8,Agree or disagree (run5_scalar_heat-set_extension_full_range-experiment_scalar-batch1-70-70),410669,7b5ff507-fbb1-41e1-b4c1-e83aa5a6fe25,2021-02-11 15:42:56,1856.165,2021-02-11 14:14:37.373000,2021-02-11 14:45:33.538000,3.0,true,variability_limited,warm,tortilla,../data/prolific_output/run5_scalar_heat-group_scalar_heat/qu70-s_qu3-batch1.csv
qu70-s_qu3-batch1.csv-1,1,NOT AVAILABLE,NOT AVAILABLE,8713bc47-83eb-4eb4-a7fb-ac15b44a0c3a,PROLIFIC,11-Feb-2021 14:01:44,1173,46485,a17a19e7-0e03-4805-93c1-2182167c4638,You can find (a/an) tortilla which is warm. (A/an) tortilla is usually either warm or not warm. It cannot be a bit more or less warm.,You can find (a/an) pea which is frozen. (A/an) pea is usually either frozen or not frozen. It cannot be a bit more or less frozen.,You can find (a/an) soup which is salty. (A/an) soup is usually either salty or not salty. It cannot be a bit more or less salty.,5_scalar_heat-set_extension_full_range,https://app.prolific.co/submissions/complete?cc=135DD3C8,Agree or disagree (run5_scalar_heat-set_extension_full_range-experiment_scalar-batch1-70-70),409169,3afbb33c-98a4-40c6-8518-358e58c1e72c,2021-02-11 14:01:44,627.838,2021-02-11 12:52:40.305000,2021-02-11 13:03:08.143000,4.0,false,variability_limited,warm,tortilla,../data/prolific_output/run5_scalar_heat-group_scalar_heat/qu70-s_qu3-batch1.csv
qu70-s_qu3-batch1.csv-1,1,NOT AVAILABLE,NOT AVAILABLE,44d44641-22cf-456b-99ee-e83419d5c276,PROLIFIC,11-Feb-2021 14:08:47,1173,46485,a17a19e7-0e03-4805-93c1-2182167c4638,You can find (a/an) tortilla which is warm. (A/an) tortilla is usually either warm or not warm. It cannot be a bit more or less warm.,You can find (a/an) pea which is frozen. (A/an) pea is usually either frozen or not frozen. It cannot be a bit more or less frozen.,You can find (a/an) soup which is salty. (A/an) soup is usually either salty or not salty. It cannot be a bit more or less salty.,5_scalar_heat-set_extension_full_range,https://app.prolific.co/submissions/complete?cc=135DD3C8,Agree or disagree (run5_scalar_heat-set_extension_full_range-experiment_scalar-batch1-70-70),409302,f42982f4-c4ba-428f-ba1e-011ae90046d5,2021-02-11 14:08:47,305.684,2021-02-11 13:05:35.161000,2021-02-11 13:10:40.845000,2.0,false,variability_limited,warm,tortilla,../data/prolific_output/run5_scalar_heat-group_scalar_heat/qu70-s_qu3-batch1.csv
qu70-s_qu3-batch1.csv-1,1,NOT AVAILABLE,NOT AVAILABLE,01eeb5d1-2a5f-45c4-ba39-ddbf24954839,PROLIFIC,11-Feb-2021 14:56:25,1173,46485,a17a19e7-0e03-4805-93c1-2182167c4638,You can find (a/an) tortilla which is warm. (A/an) tortilla is usually either warm or not warm. It cannot be a bit more or less warm.,You can find (a/an) pea which is frozen. (A/an) pea is usually either frozen or not frozen. It cannot be a bit more or less frozen.,You can find (a/an) soup which is salty. (A/an) soup is usually either salty or not salty. It cannot be a bit more or less salty.,5_scalar_heat-set_extension_full_range,https://app.prolific.co/submissions/complete?cc=135DD3C8,Agree or disagree (run5_scalar_heat-set_extension_full_range-experiment_scalar-batch1-70-70),410380,cde03577-b9b6-4e53-b628-2ecac5a25d83,2021-02-11 14:56:25,814.511,2021-02-11 13:43:15.871000,2021-02-11 13:56:50.382000,3.0,false,variability_limited,warm,tortilla,../data/prolific_output/run5_scalar_heat-group_scalar_heat/qu70-s_qu3-batch1.csv
qu70-s_qu3-batch1.csv-1,1,NOT AVAILABLE,NOT AVAILABLE,4d7f576e-160c-4416-8a0b-7548a4d8bb97,PROLIFIC,11-Feb-2021 14:20:25,1173,46485,a17a19e7-0e03-4805-93c1-2182167c4638,You can find (a/an) tortilla which is warm. (A/an) tortilla is usually either warm or not warm. It cannot be a bit more or less warm.,You can find (a/an) pea which is frozen. (A/an) pea is usually either frozen or not frozen. It cannot be a bit more or less frozen.,You can find (a/an) soup which is salty. (A/an) soup is usually either salty or not salty. It cannot be a bit more or less salty.,5_scalar_heat-set_extension_full_range,https://app.prolific.co/submissions/complete?cc=135DD3C8,Agree or disagree (run5_scalar_heat-set_extension_full_range-experiment_scalar-batch1-70-70),409782,4c51e9f9-38ed-4fe7-b104-74df5810a339,2021-02-11 14:20:25,419.382,2021-02-11 13:13:40.482000,2021-02-11 13:20:39.864000,5.0,false,variability_limited,warm,tortilla,../data/prolific_output/run5_scalar_heat-group_scalar_heat/qu70-s_qu3-batch1.csv
qu70-s_qu3-batch1.csv-1,1,NOT AVAILABLE,NOT AVAILABLE,3c6e8c47-52b6-40dc-912b-32b6599fd0ce,PROLIFIC,11-Feb-2021 14:00:20,1173,46485,a17a19e7-0e03-4805-93c1-2182167c4638,You can find (a/an) tortilla which is warm. (A/an) tortilla is usually either warm or not warm. It cannot be a bit more or less warm.,You can find (a/an) pea which is frozen. (A/an) pea is usually either frozen or not frozen. It cannot be a bit more or less frozen.,You can find (a/an) soup which is salty. (A/an) soup is usually either salty or not salty. It cannot be a bit more or less salty.,5_scalar_heat-set_extension_full_range,https://app.prolific.co/submissions/complete?cc=135DD3C8,Agree or disagree (run5_scalar_heat-set_extension_full_range-experiment_scalar-batch1-70-70),409138,5968cb82-8ef0-455d-9d62-e85d9066df16,2021-02-11 14:00:20,756.898,2021-02-11 12:49:10.608000,2021-02-11 13:01:47.506000,14.0,true,variability_limited,warm,tortilla,../data/prolific_output/run5_scalar_heat-group_scalar_heat/qu70-s_qu3-batch1.csv
qu70-s_qu3-batch1.csv-1,1,NOT AVAILABLE,NOT AVAILABLE,df22a112-e62a-4607-8c70-d22a89b1a7d6,PROLIFIC,11-Feb-2021 14:38:09,1173,46485,a17a19e7-0e03-4805-93c1-2182167c4638,You can find (a/an) tortilla which is warm. (A/an) tortilla is usually either warm or not warm. It cannot be a bit more or less warm.,You can find (a/an) pea which is frozen. (A/an) pea is usually either frozen or not frozen. It cannot be a bit more or less frozen.,You can find (a/an) soup which is salty. (A/an) soup is usually either salty or not salty. It cannot be a bit more or less salty.,5_scalar_heat-set_extension_full_range,https://app.prolific.co/submissions/complete?cc=135DD3C8,Agree or disagree (run5_scalar_heat-set_extension_full_range-experiment_scalar-batch1-70-70),410076,30447eb2-f5a4-490d-b236-312993078f03,2021-02-11 14:38:09,1418.922,2021-02-11 13:25:09.172000,2021-02-11 13:48:48.094000,4.0,false,variability_limited,warm,tortilla,../data/prolific_output/run5_scalar_heat-group_scalar_heat/qu70-s_qu3-batch1.csv
qu70-s_qu3-batch1.csv-1,1,NOT AVAILABLE,NOT AVAILABLE,ba2e5d60-1be5-4160-8883-d9dc1d2a590c,PROLIFIC,11-Feb-2021 14:58:45,1173,46485,a17a19e7-0e03-4805-93c1-2182167c4638,You can find (a/an) tortilla which is warm. (A/an) tortilla is usually either warm or not warm. It cannot be a bit more or less warm.,You can find (a/an) pea which is frozen. (A/an) pea is usually either frozen or not frozen. It cannot be a bit more or less frozen.,You can find (a/an) soup which is salty. (A/an) soup is usually either salty or not salty. It cannot be a bit more or less salty.,5_scalar_heat-set_extension_full_range,https://app.prolific.co/submissions/complete?cc=135DD3C8,Agree or disagree (run5_scalar_heat-set_extension_full_range-experiment_scalar-batch1-70-70),410418,71fb4a87-288b-41d8-b0c7-617116ec0767,2021-02-11 14:58:45,506.867,2021-02-11 13:55:38.597000,2021-02-11 14:04:05.464000,6.0,false,variability_limited,warm,tortilla,../data/prolific_output/run5_scalar_heat-group_scalar_heat/qu70-s_qu3-batch1.csv
qu70-s_qu3-batch1.csv-1,1,NOT AVAILABLE,NOT AVAILABLE,f2b79ec4-328b-4811-ad4e-e541da2cb058,PROLIFIC,11-Feb-2021 14:18:01,1173,46486,ddd20b94-351d-4336-8b86-35afecfc415b,``Warm'' is one for the first things which come to mind when I hear ``tortilla' because warm is one of the typical qualities of (a/an) tortilla'.,``Bitter'' is one for the first things which come to mind when I hear ``coffee' because bitter is one of the typical tastes of (a/an) coffee'.,``Salty'' is one for the first things which come to mind when I hear ``beer' because salty is one of the typical tastes of (a/an) beer'.,5_scalar_heat-set_extension_full_range,https://app.prolific.co/submissions/complete?cc=135DD3C8,Agree or disagree (run5_scalar_heat-set_extension_full_range-experiment_scalar-batch1-70-70),409683,13fa0bad-47e0-4be2-9306-2c1188a1dad8,2021-02-11 14:18:01,538.269,2021-02-11 13:10:15.124000,2021-02-11 13:19:13.393000,4.0,true,typical_of_concept,warm,tortilla,../data/prolific_output/run5_scalar_heat-group_scalar_heat/qu70-s_qu3-batch1.csv
qu70-s_qu3-batch1.csv-1,1,NOT AVAILABLE,NOT AVAILABLE,011937c5-478d-4bcd-af78-a9232b3a0158,PROLIFIC,11-Feb-2021 15:37:00,1173,46486,ddd20b94-351d-4336-8b86-35afecfc415b,``Warm'' is one for the first things which come to mind when I hear ``tortilla' because warm is one of the typical qualities of (a/an) tortilla'.,``Bitter'' is one for the first things which come to mind when I hear ``coffee' because bitter is one of the typical tastes of (a/an) coffee'.,``Salty'' is one for the first things which come to mind when I hear ``beer' because salty is one of the typical tastes of (a/an) beer'.,5_scalar_heat-set_extension_full_range,https://app.prolific.co/submissions/complete?cc=135DD3C8,Agree or disagree (run5_scalar_heat-set_extension_full_range-experiment_scalar-batch1-70-70),410645,79467246-6916-4139-8a02-7b0e06518eec,2021-02-11 15:37:00,1856.165,2021-02-11 14:14:37.373000,2021-02-11 14:45:33.538000,81.0,false,typical_of_concept,warm,tortilla,../data/prolific_output/run5_scalar_heat-group_scalar_heat/qu70-s_qu3-batch1.csv
qu70-s_qu3-batch1.csv-1,1,NOT AVAILABLE,NOT AVAILABLE,8713bc47-83eb-4eb4-a7fb-ac15b44a0c3a,PROLIFIC,11-Feb-2021 14:00:24,1173,46486,ddd20b94-351d-4336-8b86-35afecfc415b,``Warm'' is one for the first things which come to mind when I hear ``tortilla' because warm is one of the typical qualities of (a/an) tortilla'.,``Bitter'' is one for the first things which come to mind when I hear ``coffee' because bitter is one of the typical tastes of (a/an) coffee'.,``Salty'' is one for the first things which come to mind when I hear ``beer' because salty is one of the typical tastes of (a/an) beer'.,5_scalar_heat-set_extension_full_range,https://app.prolific.co/submissions/complete?cc=135DD3C8,Agree or disagree (run5_scalar_heat-set_extension_full_range-experiment_scalar-batch1-70-70),409140,5baadd39-48ec-49c6-84d0-5f1eb7e8ec5f,2021-02-11 14:00:24,627.838,2021-02-11 12:52:40.305000,2021-02-11 13:03:08.143000,3.0,false,typical_of_concept,warm,tortilla,../data/prolific_output/run5_scalar_heat-group_scalar_heat/qu70-s_qu3-batch1.csv
qu70-s_qu3-batch1.csv-1,1,NOT AVAILABLE,NOT AVAILABLE,44d44641-22cf-456b-99ee-e83419d5c276,PROLIFIC,11-Feb-2021 14:08:09,1173,46486,ddd20b94-351d-4336-8b86-35afecfc415b,``Warm'' is one for the first things which come to mind when I hear ``tortilla' because warm is one of the typical qualities of (a/an) tortilla'.,``Bitter'' is one for the first things which come to mind when I hear ``coffee' because bitter is one of the typical tastes of (a/an) coffee'.,``Salty'' is one for the first things which come to mind when I hear ``beer' because salty is one of the typical tastes of (a/an) beer'.,5_scalar_heat-set_extension_full_range,https://app.prolific.co/submissions/complete?cc=135DD3C8,Agree or disagree (run5_scalar_heat-set_extension_full_range-experiment_scalar-batch1-70-70),409286,fd847bc5-7ccd-4ecb-8364-1d491033977f,2021-02-11 14:08:09,305.684,2021-02-11 13:05:35.161000,2021-02-11 13:10:40.845000,6.0,false,typical_of_concept,warm,tortilla,../data/prolific_output/run5_scalar_heat-group_scalar_heat/qu70-s_qu3-batch1.csv
qu70-s_qu3-batch1.csv-1,1,NOT AVAILABLE,NOT AVAILABLE,01eeb5d1-2a5f-45c4-ba39-ddbf24954839,PROLIFIC,11-Feb-2021 14:50:15,1173,46486,ddd20b94-351d-4336-8b86-35afecfc415b,``Warm'' is one for the first things which come to mind when I hear ``tortilla' because warm is one of the typical qualities of (a/an) tortilla'.,``Bitter'' is one for the first things which come to mind when I hear ``coffee' because bitter is one of the typical tastes of (a/an) coffee'.,``Salty'' is one for the first things which come to mind when I hear ``beer' because salty is one of the typical tastes of (a/an) beer'.,5_scalar_heat-set_extension_full_range,https://app.prolific.co/submissions/complete?cc=135DD3C8,Agree or disagree (run5_scalar_heat-set_extension_full_range-experiment_scalar-batch1-70-70),410234,cb68051f-4ef4-4c99-a426-09bcb419c482,2021-02-11 14:50:15,814.511,2021-02-11 13:43:15.871000,2021-02-11 13:56:50.382000,6.0,false,typical_of_concept,warm,tortilla,../data/prolific_output/run5_scalar_heat-group_scalar_heat/qu70-s_qu3-batch1.csv
qu70-s_qu3-batch1.csv-1,1,NOT AVAILABLE,NOT AVAILABLE,4d7f576e-160c-4416-8a0b-7548a4d8bb97,PROLIFIC,11-Feb-2021 14:18:56,1173,46486,ddd20b94-351d-4336-8b86-35afecfc415b,``Warm'' is one for the first things which come to mind when I hear ``tortilla' because warm is one of the typical qualities of (a/an) tortilla'.,``Bitter'' is one for the first things which come to mind when I hear ``coffee' because bitter is one of the typical tastes of (a/an) coffee'.,``Salty'' is one for the first things which come to mind when I hear ``beer' because salty is one of the typical tastes of (a/an) beer'.,5_scalar_heat-set_extension_full_range,https://app.prolific.co/submissions/complete?cc=135DD3C8,Agree or disagree (run5_scalar_heat-set_extension_full_range-experiment_scalar-batch1-70-70),409734,14a1811a-0828-41b7-ab36-2a90956a64e6,2021-02-11 14:18:56,419.382,2021-02-11 13:13:40.482000,2021-02-11 13:20:39.864000,4.0,false,typical_of_concept,warm,tortilla,../data/prolific_output/run5_scalar_heat-group_scalar_heat/qu70-s_qu3-batch1.csv
qu70-s_qu3-batch1.csv-1,1,NOT AVAILABLE,NOT AVAILABLE,3c6e8c47-52b6-40dc-912b-32b6599fd0ce,PROLIFIC,11-Feb-2021 13:59:12,1173,46486,ddd20b94-351d-4336-8b86-35afecfc415b,``Warm'' is one for the first things which come to mind when I hear ``tortilla' because warm is one of the typical qualities of (a/an) tortilla'.,``Bitter'' is one for the first things which come to mind when I hear ``coffee' because bitter is one of the typical tastes of (a/an) coffee'.,``Salty'' is one for the first things which come to mind when I hear ``beer' because salty is one of the typical tastes of (a/an) beer'.,5_scalar_heat-set_extension_full_range,https://app.prolific.co/submissions/complete?cc=135DD3C8,Agree or disagree (run5_scalar_heat-set_extension_full_range-experiment_scalar-batch1-70-70),409100,6a2284ec-5ac3-4173-9350-679fb0f1e5a1,2021-02-11 13:59:12,756.898,2021-02-11 12:49:10.608000,2021-02-11 13:01:47.506000,4.0,false,typical_of_concept,warm,tortilla,../data/prolific_output/run5_scalar_heat-group_scalar_heat/qu70-s_qu3-batch1.csv
qu70-s_qu3-batch1.csv-1,1,NOT AVAILABLE,NOT AVAILABLE,df22a112-e62a-4607-8c70-d22a89b1a7d6,PROLIFIC,11-Feb-2021 14:47:50,1173,46486,ddd20b94-351d-4336-8b86-35afecfc415b,``Warm'' is one for the first things which come to mind when I hear ``tortilla' because warm is one of the typical qualities of (a/an) tortilla'.,``Bitter'' is one for the first things which come to mind when I hear ``coffee' because bitter is one of the typical tastes of (a/an) coffee'.,``Salty'' is one for the first things which come to mind when I hear ``beer' because salty is one of the typical tastes of (a/an) beer'.,5_scalar_heat-set_extension_full_range,https://app.prolific.co/submissions/complete?cc=135DD3C8,Agree or disagree (run5_scalar_heat-set_extension_full_range-experiment_scalar-batch1-70-70),410193,a878ee18-611a-40be-9ca3-997b2c462573,2021-02-11 14:47:50,1418.922,2021-02-11 13:25:09.172000,2021-02-11 13:48:48.094000,13.0,false,typical_of_concept,warm,tortilla,../data/prolific_output/run5_scalar_heat-group_scalar_heat/qu70-s_qu3-batch1.csv
qu70-s_qu3-batch1.csv-1,1,NOT AVAILABLE,NOT AVAILABLE,ba2e5d60-1be5-4160-8883-d9dc1d2a590c,PROLIFIC,11-Feb-2021 15:03:23,1173,46486,ddd20b94-351d-4336-8b86-35afecfc415b,``Warm'' is one for the first things which come to mind when I hear ``tortilla' because warm is one of the typical qualities of (a/an) tortilla'.,``Bitter'' is one for the first things which come to mind when I hear ``coffee' because bitter is one of the typical tastes of (a/an) coffee'.,``Salty'' is one for the first things which come to mind when I hear ``beer' because salty is one of the typical tastes of (a/an) beer'.,5_scalar_heat-set_extension_full_range,https://app.prolific.co/submissions/complete?cc=135DD3C8,Agree or disagree (run5_scalar_heat-set_extension_full_range-experiment_scalar-batch1-70-70),410479,27369524-5c21-4f93-a43a-4ea83b898de6,2021-02-11 15:03:23,506.867,2021-02-11 13:55:38.597000,2021-02-11 14:04:05.464000,12.0,true,typical_of_concept,warm,tortilla,../data/prolific_output/run5_scalar_heat-group_scalar_heat/qu70-s_qu3-batch1.csv
qu70-s_qu3-batch1.csv-1,1,NOT AVAILABLE,NOT AVAILABLE,f2b79ec4-328b-4811-ad4e-e541da2cb058,PROLIFIC,11-Feb-2021 14:11:23,1173,46487,54e79145-952f-46bf-b1f6-d7781abab06f,``Tortilla'' is one of the first things which come to mind when I hear ``warm' because (a/an) tortilla is a typical example of things which are warm'. ,``Mouse'' is one of the first things which come to mind when I hear ``small' because (a/an) mouse is a typical example of things which are small'. ,``Dog'' is one of the first things which come to mind when I hear ``small' because (a/an) dog is a typical example of things which are small'. ,5_scalar_heat-set_extension_full_range,https://app.prolific.co/submissions/complete?cc=135DD3C8,Agree or disagree (run5_scalar_heat-set_extension_full_range-experiment_scalar-batch1-70-70),409409,f8ef55fd-8d83-4f3d-a7ac-b7f4428e9720,2021-02-11 14:11:23,538.269,2021-02-11 13:10:15.124000,2021-02-11 13:19:13.393000,2.0,false,typical_of_property,warm,tortilla,../data/prolific_output/run5_scalar_heat-group_scalar_heat/qu70-s_qu3-batch1.csv
qu70-s_qu3-batch1.csv-1,1,NOT AVAILABLE,NOT AVAILABLE,011937c5-478d-4bcd-af78-a9232b3a0158,PROLIFIC,11-Feb-2021 15:44:09,1173,46487,54e79145-952f-46bf-b1f6-d7781abab06f,``Tortilla'' is one of the first things which come to mind when I hear ``warm' because (a/an) tortilla is a typical example of things which are warm'. ,``Mouse'' is one of the first things which come to mind when I hear ``small' because (a/an) mouse is a typical example of things which are small'. ,``Dog'' is one of the first things which come to mind when I hear ``small' because (a/an) dog is a typical example of things which are small'. ,5_scalar_heat-set_extension_full_range,https://app.prolific.co/submissions/complete?cc=135DD3C8,Agree or disagree (run5_scalar_heat-set_extension_full_range-experiment_scalar-batch1-70-70),410685,f0302f66-fc0a-419c-99a9-7e1139640920,2021-02-11 15:44:09,1856.165,2021-02-11 14:14:37.373000,2021-02-11 14:45:33.538000,7.0,false,typical_of_property,warm,tortilla,../data/prolific_output/run5_scalar_heat-group_scalar_heat/qu70-s_qu3-batch1.csv
qu70-s_qu3-batch1.csv-1,1,NOT AVAILABLE,NOT AVAILABLE,8713bc47-83eb-4eb4-a7fb-ac15b44a0c3a,PROLIFIC,11-Feb-2021 13:58:31,1173,46487,54e79145-952f-46bf-b1f6-d7781abab06f,``Tortilla'' is one of the first things which come to mind when I hear ``warm' because (a/an) tortilla is a typical example of things which are warm'. ,``Mouse'' is one of the first things which come to mind when I hear ``small' because (a/an) mouse is a typical example of things which are small'. ,``Dog'' is one of the first things which come to mind when I hear ``small' because (a/an) dog is a typical example of things which are small'. ,5_scalar_heat-set_extension_full_range,https://app.prolific.co/submissions/complete?cc=135DD3C8,Agree or disagree (run5_scalar_heat-set_extension_full_range-experiment_scalar-batch1-70-70),409071,1c4c3228-9dbc-4b7f-8c36-c264882a58ae,2021-02-11 13:58:31,627.838,2021-02-11 12:52:40.305000,2021-02-11 13:03:08.143000,12.0,false,typical_of_property,warm,tortilla,../data/prolific_output/run5_scalar_heat-group_scalar_heat/qu70-s_qu3-batch1.csv
qu70-s_qu3-batch1.csv-1,1,NOT AVAILABLE,NOT AVAILABLE,44d44641-22cf-456b-99ee-e83419d5c276,PROLIFIC,11-Feb-2021 14:09:27,1173,46487,54e79145-952f-46bf-b1f6-d7781abab06f,``Tortilla'' is one of the first things which come to mind when I hear ``warm' because (a/an) tortilla is a typical example of things which are warm'. ,``Mouse'' is one of the first things which come to mind when I hear ``small' because (a/an) mouse is a typical example of things which are small'. ,``Dog'' is one of the first things which come to mind when I hear ``small' because (a/an) dog is a typical example of things which are small'. ,5_scalar_heat-set_extension_full_range,https://app.prolific.co/submissions/complete?cc=135DD3C8,Agree or disagree (run5_scalar_heat-set_extension_full_range-experiment_scalar-batch1-70-70),409333,bbd803d3-820a-4c09-95b6-96f740afbc73,2021-02-11 14:09:27,305.684,2021-02-11 13:05:35.161000,2021-02-11 13:10:40.845000,2.0,false,typical_of_property,warm,tortilla,../data/prolific_output/run5_scalar_heat-group_scalar_heat/qu70-s_qu3-batch1.csv
qu70-s_qu3-batch1.csv-1,1,NOT AVAILABLE,NOT AVAILABLE,01eeb5d1-2a5f-45c4-ba39-ddbf24954839,PROLIFIC,11-Feb-2021 14:49:34,1173,46487,54e79145-952f-46bf-b1f6-d7781abab06f,``Tortilla'' is one of the first things which come to mind when I hear ``warm' because (a/an) tortilla is a typical example of things which are warm'. ,``Mouse'' is one of the first things which come to mind when I hear ``small' because (a/an) mouse is a typical example of things which are small'. ,``Dog'' is one of the first things which come to mind when I hear ``small' because (a/an) dog is a typical example of things which are small'. ,5_scalar_heat-set_extension_full_range,https://app.prolific.co/submissions/complete?cc=135DD3C8,Agree or disagree (run5_scalar_heat-set_extension_full_range-experiment_scalar-batch1-70-70),410227,85792635-c611-4059-90d4-ffea6b93dcb6,2021-02-11 14:49:34,814.511,2021-02-11 13:43:15.871000,2021-02-11 13:56:50.382000,4.0,false,typical_of_property,warm,tortilla,../data/prolific_output/run5_scalar_heat-group_scalar_heat/qu70-s_qu3-batch1.csv
qu70-s_qu3-batch1.csv-1,1,NOT AVAILABLE,NOT AVAILABLE,4d7f576e-160c-4416-8a0b-7548a4d8bb97,PROLIFIC,11-Feb-2021 14:16:04,1173,46487,54e79145-952f-46bf-b1f6-d7781abab06f,``Tortilla'' is one of the first things which come to mind when I hear ``warm' because (a/an) tortilla is a typical example of things which are warm'. ,``Mouse'' is one of the first things which come to mind when I hear ``small' because (a/an) mouse is a typical example of things which are small'. ,``Dog'' is one of the first things which come to mind when I hear ``small' because (a/an) dog is a typical example of things which are small'. ,5_scalar_heat-set_extension_full_range,https://app.prolific.co/submissions/complete?cc=135DD3C8,Agree or disagree (run5_scalar_heat-set_extension_full_range-experiment_scalar-batch1-70-70),409595,fa07101e-7100-434e-8a25-5ab5f5b5300d,2021-02-11 14:16:04,419.382,2021-02-11 13:13:40.482000,2021-02-11 13:20:39.864000,5.0,false,typical_of_property,warm,tortilla,../data/prolific_output/run5_scalar_heat-group_scalar_heat/qu70-s_qu3-batch1.csv
qu70-s_qu3-batch1.csv-1,1,NOT AVAILABLE,NOT AVAILABLE,3c6e8c47-52b6-40dc-912b-32b6599fd0ce,PROLIFIC,11-Feb-2021 14:00:50,1173,46487,54e79145-952f-46bf-b1f6-d7781abab06f,``Tortilla'' is one of the first things which come to mind when I hear ``warm' because (a/an) tortilla is a typical example of things which are warm'. ,``Mouse'' is one of the first things which come to mind when I hear ``small' because (a/an) mouse is a typical example of things which are small'. ,``Dog'' is one of the first things which come to mind when I hear ``small' because (a/an) dog is a typical example of things which are small'. ,5_scalar_heat-set_extension_full_range,https://app.prolific.co/submissions/complete?cc=135DD3C8,Agree or disagree (run5_scalar_heat-set_extension_full_range-experiment_scalar-batch1-70-70),409145,32cb6e3f-3a62-4a24-8afc-6f0372b1cf92,2021-02-11 14:00:50,756.898,2021-02-11 12:49:10.608000,2021-02-11 13:01:47.506000,5.0,false,typical_of_property,warm,tortilla,../data/prolific_output/run5_scalar_heat-group_scalar_heat/qu70-s_qu3-batch1.csv
qu70-s_qu3-batch1.csv-1,1,NOT AVAILABLE,NOT AVAILABLE,df22a112-e62a-4607-8c70-d22a89b1a7d6,PROLIFIC,11-Feb-2021 14:45:36,1173,46487,54e79145-952f-46bf-b1f6-d7781abab06f,``Tortilla'' is one of the first things which come to mind when I hear ``warm' because (a/an) tortilla is a typical example of things which are warm'. ,``Mouse'' is one of the first things which come to mind when I hear ``small' because (a/an) mouse is a typical example of things which are small'. ,``Dog'' is one of the first things which come to mind when I hear ``small' because (a/an) dog is a typical example of things which are small'. ,5_scalar_heat-set_extension_full_range,https://app.prolific.co/submissions/complete?cc=135DD3C8,Agree or disagree (run5_scalar_heat-set_extension_full_range-experiment_scalar-batch1-70-70),410144,b19f2220-f60d-416c-8577-4386275ef779,2021-02-11 14:45:36,1418.922,2021-02-11 13:25:09.172000,2021-02-11 13:48:48.094000,2.0,false,typical_of_property,warm,tortilla,../data/prolific_output/run5_scalar_heat-group_scalar_heat/qu70-s_qu3-batch1.csv
qu70-s_qu3-batch1.csv-1,1,NOT AVAILABLE,NOT AVAILABLE,ba2e5d60-1be5-4160-8883-d9dc1d2a590c,PROLIFIC,11-Feb-2021 15:02:22,1173,46487,54e79145-952f-46bf-b1f6-d7781abab06f,``Tortilla'' is one of the first things which come to mind when I hear ``warm' because (a/an) tortilla is a typical example of things which are warm'. ,``Mouse'' is one of the first things which come to mind when I hear ``small' because (a/an) mouse is a typical example of things which are small'. ,``Dog'' is one of the first things which come to mind when I hear ``small' because (a/an) dog is a typical example of things which are small'. ,5_scalar_heat-set_extension_full_range,https://app.prolific.co/submissions/complete?cc=135DD3C8,Agree or disagree (run5_scalar_heat-set_extension_full_range-experiment_scalar-batch1-70-70),410468,cdda06f9-0ada-495f-846d-9f04daee899d,2021-02-11 15:02:22,506.867,2021-02-11 13:55:38.597000,2021-02-11 14:04:05.464000,3.0,false,typical_of_property,warm,tortilla,../data/prolific_output/run5_scalar_heat-group_scalar_heat/qu70-s_qu3-batch1.csv
qu70-s_qu3-batch1.csv-1,1,NOT AVAILABLE,NOT AVAILABLE,f2b79ec4-328b-4811-ad4e-e541da2cb058,PROLIFIC,11-Feb-2021 14:18:13,1173,46488,77d05f30-1308-48b5-af96-a93a83bfbdcc,"You can find (a/an) tortilla which is warm. (A/an) tortilla is usually either warm, a bit more or less warm or the opposite of warm.","You can find (a/an) soup which is salty. (A/an) soup is usually either salty, a bit more or less salty or the opposite of salty.","You can find (a/an) strawberry which is salty. (A/an) strawberry is usually either salty, a bit more or less salty or the opposite of salty.",5_scalar_heat-set_extension_full_range,https://app.prolific.co/submissions/complete?cc=135DD3C8,Agree or disagree (run5_scalar_heat-set_extension_full_range-experiment_scalar-batch1-70-70),409695,24c0a230-b648-4345-acf3-f56962017633,2021-02-11 14:18:13,538.269,2021-02-11 13:10:15.124000,2021-02-11 13:19:13.393000,2.0,true,variability_open,warm,tortilla,../data/prolific_output/run5_scalar_heat-group_scalar_heat/qu70-s_qu3-batch1.csv
qu70-s_qu3-batch1.csv-1,1,NOT AVAILABLE,NOT AVAILABLE,011937c5-478d-4bcd-af78-a9232b3a0158,PROLIFIC,11-Feb-2021 15:42:00,1173,46488,77d05f30-1308-48b5-af96-a93a83bfbdcc,"You can find (a/an) tortilla which is warm. (A/an) tortilla is usually either warm, a bit more or less warm or the opposite of warm.","You can find (a/an) soup which is salty. (A/an) soup is usually either salty, a bit more or less salty or the opposite of salty.","You can find (a/an) strawberry which is salty. (A/an) strawberry is usually either salty, a bit more or less salty or the opposite of salty.",5_scalar_heat-set_extension_full_range,https://app.prolific.co/submissions/complete?cc=135DD3C8,Agree or disagree (run5_scalar_heat-set_extension_full_range-experiment_scalar-batch1-70-70),410661,124666d3-93fc-4fb6-bfc8-033ab51cce3a,2021-02-11 15:42:00,1856.165,2021-02-11 14:14:37.373000,2021-02-11 14:45:33.538000,2.0,false,variability_open,warm,tortilla,../data/prolific_output/run5_scalar_heat-group_scalar_heat/qu70-s_qu3-batch1.csv
qu70-s_qu3-batch1.csv-1,1,NOT AVAILABLE,NOT AVAILABLE,8713bc47-83eb-4eb4-a7fb-ac15b44a0c3a,PROLIFIC,11-Feb-2021 13:59:42,1173,46488,77d05f30-1308-48b5-af96-a93a83bfbdcc,"You can find (a/an) tortilla which is warm. (A/an) tortilla is usually either warm, a bit more or less warm or the opposite of warm.","You can find (a/an) soup which is salty. (A/an) soup is usually either salty, a bit more or less salty or the opposite of salty.","You can find (a/an) strawberry which is salty. (A/an) strawberry is usually either salty, a bit more or less salty or the opposite of salty.",5_scalar_heat-set_extension_full_range,https://app.prolific.co/submissions/complete?cc=135DD3C8,Agree or disagree (run5_scalar_heat-set_extension_full_range-experiment_scalar-batch1-70-70),409119,817fa641-1fdc-48d4-b932-98ff206d3905,2021-02-11 13:59:42,627.838,2021-02-11 12:52:40.305000,2021-02-11 13:03:08.143000,7.0,true,variability_open,warm,tortilla,../data/prolific_output/run5_scalar_heat-group_scalar_heat/qu70-s_qu3-batch1.csv
qu70-s_qu3-batch1.csv-1,1,NOT AVAILABLE,NOT AVAILABLE,44d44641-22cf-456b-99ee-e83419d5c276,PROLIFIC,11-Feb-2021 14:07:27,1173,46488,77d05f30-1308-48b5-af96-a93a83bfbdcc,"You can find (a/an) tortilla which is warm. (A/an) tortilla is usually either warm, a bit more or less warm or the opposite of warm.","You can find (a/an) soup which is salty. (A/an) soup is usually either salty, a bit more or less salty or the opposite of salty.","You can find (a/an) strawberry which is salty. (A/an) strawberry is usually either salty, a bit more or less salty or the opposite of salty.",5_scalar_heat-set_extension_full_range,https://app.prolific.co/submissions/complete?cc=135DD3C8,Agree or disagree (run5_scalar_heat-set_extension_full_range-experiment_scalar-batch1-70-70),409262,28edc800-6954-4bf7-9530-e8ab422b85d5,2021-02-11 14:07:27,305.684,2021-02-11 13:05:35.161000,2021-02-11 13:10:40.845000,4.0,true,variability_open,warm,tortilla,../data/prolific_output/run5_scalar_heat-group_scalar_heat/qu70-s_qu3-batch1.csv
qu70-s_qu3-batch1.csv-1,1,NOT AVAILABLE,NOT AVAILABLE,01eeb5d1-2a5f-45c4-ba39-ddbf24954839,PROLIFIC,11-Feb-2021 14:52:44,1173,46488,77d05f30-1308-48b5-af96-a93a83bfbdcc,"You can find (a/an) tortilla which is warm. (A/an) tortilla is usually either warm, a bit more or less warm or the opposite of warm.","You can find (a/an) soup which is salty. (A/an) soup is usually either salty, a bit more or less salty or the opposite of salty.","You can find (a/an) strawberry which is salty. (A/an) strawberry is usually either salty, a bit more or less salty or the opposite of salty.",5_scalar_heat-set_extension_full_range,https://app.prolific.co/submissions/complete?cc=135DD3C8,Agree or disagree (run5_scalar_heat-set_extension_full_range-experiment_scalar-batch1-70-70),410265,23319849-0fbd-4474-ae74-ab1f011583c0,2021-02-11 14:52:44,814.511,2021-02-11 13:43:15.871000,2021-02-11 13:56:50.382000,4.0,false,variability_open,warm,tortilla,../data/prolific_output/run5_scalar_heat-group_scalar_heat/qu70-s_qu3-batch1.csv
qu70-s_qu3-batch1.csv-1,1,NOT AVAILABLE,NOT AVAILABLE,4d7f576e-160c-4416-8a0b-7548a4d8bb97,PROLIFIC,11-Feb-2021 14:16:43,1173,46488,77d05f30-1308-48b5-af96-a93a83bfbdcc,"You can find (a/an) tortilla which is warm. (A/an) tortilla is usually either warm, a bit more or less warm or the opposite of warm.","You can find (a/an) soup which is salty. (A/an) soup is usually either salty, a bit more or less salty or the opposite of salty.","You can find (a/an) strawberry which is salty. (A/an) strawberry is usually either salty, a bit more or less salty or the opposite of salty.",5_scalar_heat-set_extension_full_range,https://app.prolific.co/submissions/complete?cc=135DD3C8,Agree or disagree (run5_scalar_heat-set_extension_full_range-experiment_scalar-batch1-70-70),409625,c5661002-1e86-4926-b311-f1184e729b96,2021-02-11 14:16:43,419.382,2021-02-11 13:13:40.482000,2021-02-11 13:20:39.864000,6.0,true,variability_open,warm,tortilla,../data/prolific_output/run5_scalar_heat-group_scalar_heat/qu70-s_qu3-batch1.csv
qu70-s_qu3-batch1.csv-1,1,NOT AVAILABLE,NOT AVAILABLE,3c6e8c47-52b6-40dc-912b-32b6599fd0ce,PROLIFIC,11-Feb-2021 13:52:20,1173,46488,77d05f30-1308-48b5-af96-a93a83bfbdcc,"You can find (a/an) tortilla which is warm. (A/an) tortilla is usually either warm, a bit more or less warm or the opposite of warm.","You can find (a/an) soup which is salty. (A/an) soup is usually either salty, a bit more or less salty or the opposite of salty.","You can find (a/an) strawberry which is salty. (A/an) strawberry is usually either salty, a bit more or less salty or the opposite of salty.",5_scalar_heat-set_extension_full_range,https://app.prolific.co/submissions/complete?cc=135DD3C8,Agree or disagree (run5_scalar_heat-set_extension_full_range-experiment_scalar-batch1-70-70),408818,02422f8e-f313-4a31-80db-7044ec85f2e3,2021-02-11 13:52:20,756.898,2021-02-11 12:49:10.608000,2021-02-11 13:01:47.506000,11.0,true,variability_open,warm,tortilla,../data/prolific_output/run5_scalar_heat-group_scalar_heat/qu70-s_qu3-batch1.csv
qu70-s_qu3-batch1.csv-1,1,NOT AVAILABLE,NOT AVAILABLE,df22a112-e62a-4607-8c70-d22a89b1a7d6,PROLIFIC,11-Feb-2021 14:33:44,1173,46488,77d05f30-1308-48b5-af96-a93a83bfbdcc,"You can find (a/an) tortilla which is warm. (A/an) tortilla is usually either warm, a bit more or less warm or the opposite of warm.","You can find (a/an) soup which is salty. (A/an) soup is usually either salty, a bit more or less salty or the opposite of salty.","You can find (a/an) strawberry which is salty. (A/an) strawberry is usually either salty, a bit more or less salty or the opposite of salty.",5_scalar_heat-set_extension_full_range,https://app.prolific.co/submissions/complete?cc=135DD3C8,Agree or disagree (run5_scalar_heat-set_extension_full_range-experiment_scalar-batch1-70-70),410022,f91a392a-4014-40e4-99dc-8f98769f25ce,2021-02-11 14:33:44,1418.922,2021-02-11 13:25:09.172000,2021-02-11 13:48:48.094000,6.0,true,variability_open,warm,tortilla,../data/prolific_output/run5_scalar_heat-group_scalar_heat/qu70-s_qu3-batch1.csv
qu70-s_qu3-batch1.csv-1,1,NOT AVAILABLE,NOT AVAILABLE,ba2e5d60-1be5-4160-8883-d9dc1d2a590c,PROLIFIC,11-Feb-2021 15:00:16,1173,46488,77d05f30-1308-48b5-af96-a93a83bfbdcc,"You can find (a/an) tortilla which is warm. (A/an) tortilla is usually either warm, a bit more or less warm or the opposite of warm.","You can find (a/an) soup which is salty. (A/an) soup is usually either salty, a bit more or less salty or the opposite of salty.","You can find (a/an) strawberry which is salty. (A/an) strawberry is usually either salty, a bit more or less salty or the opposite of salty.",5_scalar_heat-set_extension_full_range,https://app.prolific.co/submissions/complete?cc=135DD3C8,Agree or disagree (run5_scalar_heat-set_extension_full_range-experiment_scalar-batch1-70-70),410440,5efbabfd-13f0-4b43-8615-32516f55fdf7,2021-02-11 15:00:16,506.867,2021-02-11 13:55:38.597000,2021-02-11 14:04:05.464000,4.0,true,variability_open,warm,tortilla,../data/prolific_output/run5_scalar_heat-group_scalar_heat/qu70-s_qu3-batch1.csv
qu70-s_qu3-batch1.csv-1,1,NOT AVAILABLE,NOT AVAILABLE,f2b79ec4-328b-4811-ad4e-e541da2cb058,PROLIFIC,11-Feb-2021 14:11:55,1173,46489,5b9e12ee-49a0-49b8-a37d-b2f0ba2e1423,"Usually, (a/an) tortilla is not warm, but there could be a highly unusual situation in which (a/an) tortilla is warm.","Usually, (a/an) clock is not melting, but there could be a highly unusual situation in which (a/an) clock is melting.","Usually, (a/an) ice cream is not melting, but there could be a highly unusual situation in which (a/an) ice cream is melting.",5_scalar_heat-set_extension_full_range,https://app.prolific.co/submissions/complete?cc=135DD3C8,Agree or disagree (run5_scalar_heat-set_extension_full_range-experiment_scalar-batch1-70-70),409425,fdb6a10f-a707-4fb2-bcee-97830de25f7c,2021-02-11 14:11:55,538.269,2021-02-11 13:10:15.124000,2021-02-11 13:19:13.393000,6.0,false,unusual,warm,tortilla,../data/prolific_output/run5_scalar_heat-group_scalar_heat/qu70-s_qu3-batch1.csv
qu70-s_qu3-batch1.csv-1,1,NOT AVAILABLE,NOT AVAILABLE,011937c5-478d-4bcd-af78-a9232b3a0158,PROLIFIC,11-Feb-2021 15:45:27,1173,46489,5b9e12ee-49a0-49b8-a37d-b2f0ba2e1423,"Usually, (a/an) tortilla is not warm, but there could be a highly unusual situation in which (a/an) tortilla is warm.","Usually, (a/an) clock is not melting, but there could be a highly unusual situation in which (a/an) clock is melting.","Usually, (a/an) ice cream is not melting, but there could be a highly unusual situation in which (a/an) ice cream is melting.",5_scalar_heat-set_extension_full_range,https://app.prolific.co/submissions/complete?cc=135DD3C8,Agree or disagree (run5_scalar_heat-set_extension_full_range-experiment_scalar-batch1-70-70),410704,79708213-cc8f-4752-a09b-c0516ea8d49b,2021-02-11 15:45:27,1856.165,2021-02-11 14:14:37.373000,2021-02-11 14:45:33.538000,5.0,true,unusual,warm,tortilla,../data/prolific_output/run5_scalar_heat-group_scalar_heat/qu70-s_qu3-batch1.csv
qu70-s_qu3-batch1.csv-1,1,NOT AVAILABLE,NOT AVAILABLE,011937c5-478d-4bcd-af78-a9232b3a0158,PROLIFIC,11-Feb-2021 15:45:28,1173,46489,5b9e12ee-49a0-49b8-a37d-b2f0ba2e1423,"Usually, (a/an) tortilla is not warm, but there could be a highly unusual situation in which (a/an) tortilla is warm.","Usually, (a/an) clock is not melting, but there could be a highly unusual situation in which (a/an) clock is melting.","Usually, (a/an) ice cream is not melting, but there could be a highly unusual situation in which (a/an) ice cream is melting.",5_scalar_heat-set_extension_full_range,https://app.prolific.co/submissions/complete?cc=135DD3C8,Agree or disagree (run5_scalar_heat-set_extension_full_range-experiment_scalar-batch1-70-70),410705,753f2e69-7375-4963-81ba-b4a4911b517a,2021-02-11 15:45:28,1856.165,2021-02-11 14:14:37.373000,2021-02-11 14:45:33.538000,6.538,true,unusual,warm,tortilla,../data/prolific_output/run5_scalar_heat-group_scalar_heat/qu70-s_qu3-batch1.csv
qu70-s_qu3-batch1.csv-1,1,NOT AVAILABLE,NOT AVAILABLE,8713bc47-83eb-4eb4-a7fb-ac15b44a0c3a,PROLIFIC,11-Feb-2021 14:02:57,1173,46489,5b9e12ee-49a0-49b8-a37d-b2f0ba2e1423,"Usually, (a/an) tortilla is not warm, but there could be a highly unusual situation in which (a/an) tortilla is warm.","Usually, (a/an) clock is not melting, but there could be a highly unusual situation in which (a/an) clock is melting.","Usually, (a/an) ice cream is not melting, but there could be a highly unusual situation in which (a/an) ice cream is melting.",5_scalar_heat-set_extension_full_range,https://app.prolific.co/submissions/complete?cc=135DD3C8,Agree or disagree (run5_scalar_heat-set_extension_full_range-experiment_scalar-batch1-70-70),409185,e68e9d63-c515-4472-82da-cb3d5b248655,2021-02-11 14:02:57,627.838,2021-02-11 12:52:40.305000,2021-02-11 13:03:08.143000,3.0,false,unusual,warm,tortilla,../data/prolific_output/run5_scalar_heat-group_scalar_heat/qu70-s_qu3-batch1.csv
qu70-s_qu3-batch1.csv-1,1,NOT AVAILABLE,NOT AVAILABLE,44d44641-22cf-456b-99ee-e83419d5c276,PROLIFIC,11-Feb-2021 14:06:21,1173,46489,5b9e12ee-49a0-49b8-a37d-b2f0ba2e1423,"Usually, (a/an) tortilla is not warm, but there could be a highly unusual situation in which (a/an) tortilla is warm.","Usually, (a/an) clock is not melting, but there could be a highly unusual situation in which (a/an) clock is melting.","Usually, (a/an) ice cream is not melting, but there could be a highly unusual situation in which (a/an) ice cream is melting.",5_scalar_heat-set_extension_full_range,https://app.prolific.co/submissions/complete?cc=135DD3C8,Agree or disagree (run5_scalar_heat-set_extension_full_range-experiment_scalar-batch1-70-70),409234,d112756c-ca39-4c3a-843d-f0db8124208a,2021-02-11 14:06:21,305.684,2021-02-11 13:05:35.161000,2021-02-11 13:10:40.845000,5.0,false,unusual,warm,tortilla,../data/prolific_output/run5_scalar_heat-group_scalar_heat/qu70-s_qu3-batch1.csv
qu70-s_qu3-batch1.csv-1,1,NOT AVAILABLE,NOT AVAILABLE,01eeb5d1-2a5f-45c4-ba39-ddbf24954839,PROLIFIC,11-Feb-2021 14:53:52,1173,46489,5b9e12ee-49a0-49b8-a37d-b2f0ba2e1423,"Usually, (a/an) tortilla is not warm, but there could be a highly unusual situation in which (a/an) tortilla is warm.","Usually, (a/an) clock is not melting, but there could be a highly unusual situation in which (a/an) clock is melting.","Usually, (a/an) ice cream is not melting, but there could be a highly unusual situation in which (a/an) ice cream is melting.",5_scalar_heat-set_extension_full_range,https://app.prolific.co/submissions/complete?cc=135DD3C8,Agree or disagree (run5_scalar_heat-set_extension_full_range-experiment_scalar-batch1-70-70),410293,311a9f6c-b4cb-4352-aad8-cbbee2cbcca2,2021-02-11 14:53:52,814.511,2021-02-11 13:43:15.871000,2021-02-11 13:56:50.382000,6.0,false,unusual,warm,tortilla,../data/prolific_output/run5_scalar_heat-group_scalar_heat/qu70-s_qu3-batch1.csv
qu70-s_qu3-batch1.csv-1,1,NOT AVAILABLE,NOT AVAILABLE,4d7f576e-160c-4416-8a0b-7548a4d8bb97,PROLIFIC,11-Feb-2021 14:17:26,1173,46489,5b9e12ee-49a0-49b8-a37d-b2f0ba2e1423,"Usually, (a/an) tortilla is not warm, but there could be a highly unusual situation in which (a/an) tortilla is warm.","Usually, (a/an) clock is not melting, but there could be a highly unusual situation in which (a/an) clock is melting.","Usually, (a/an) ice cream is not melting, but there could be a highly unusual situation in which (a/an) ice cream is melting.",5_scalar_heat-set_extension_full_range,https://app.prolific.co/submissions/complete?cc=135DD3C8,Agree or disagree (run5_scalar_heat-set_extension_full_range-experiment_scalar-batch1-70-70),409657,ff82e574-ff14-41eb-a68d-06033202cebc,2021-02-11 14:17:26,419.382,2021-02-11 13:13:40.482000,2021-02-11 13:20:39.864000,5.0,false,unusual,warm,tortilla,../data/prolific_output/run5_scalar_heat-group_scalar_heat/qu70-s_qu3-batch1.csv
qu70-s_qu3-batch1.csv-1,1,NOT AVAILABLE,NOT AVAILABLE,3c6e8c47-52b6-40dc-912b-32b6599fd0ce,PROLIFIC,11-Feb-2021 13:58:42,1173,46489,5b9e12ee-49a0-49b8-a37d-b2f0ba2e1423,"Usually, (a/an) tortilla is not warm, but there could be a highly unusual situation in which (a/an) tortilla is warm.","Usually, (a/an) clock is not melting, but there could be a highly unusual situation in which (a/an) clock is melting.","Usually, (a/an) ice cream is not melting, but there could be a highly unusual situation in which (a/an) ice cream is melting.",5_scalar_heat-set_extension_full_range,https://app.prolific.co/submissions/complete?cc=135DD3C8,Agree or disagree (run5_scalar_heat-set_extension_full_range-experiment_scalar-batch1-70-70),409078,0ae9fff9-09a0-421c-a395-3bc98ffe025e,2021-02-11 13:58:42,756.898,2021-02-11 12:49:10.608000,2021-02-11 13:01:47.506000,6.0,false,unusual,warm,tortilla,../data/prolific_output/run5_scalar_heat-group_scalar_heat/qu70-s_qu3-batch1.csv
qu70-s_qu3-batch1.csv-1,1,NOT AVAILABLE,NOT AVAILABLE,df22a112-e62a-4607-8c70-d22a89b1a7d6,PROLIFIC,11-Feb-2021 14:31:24,1173,46489,5b9e12ee-49a0-49b8-a37d-b2f0ba2e1423,"Usually, (a/an) tortilla is not warm, but there could be a highly unusual situation in which (a/an) tortilla is warm.","Usually, (a/an) clock is not melting, but there could be a highly unusual situation in which (a/an) clock is melting.","Usually, (a/an) ice cream is not melting, but there could be a highly unusual situation in which (a/an) ice cream is melting.",5_scalar_heat-set_extension_full_range,https://app.prolific.co/submissions/complete?cc=135DD3C8,Agree or disagree (run5_scalar_heat-set_extension_full_range-experiment_scalar-batch1-70-70),409943,a25b51c4-b737-42af-8dc3-dcf0fc600411,2021-02-11 14:31:24,1418.922,2021-02-11 13:25:09.172000,2021-02-11 13:48:48.094000,28.0,false,unusual,warm,tortilla,../data/prolific_output/run5_scalar_heat-group_scalar_heat/qu70-s_qu3-batch1.csv
qu70-s_qu3-batch1.csv-1,1,NOT AVAILABLE,NOT AVAILABLE,ba2e5d60-1be5-4160-8883-d9dc1d2a590c,PROLIFIC,11-Feb-2021 15:03:11,1173,46489,5b9e12ee-49a0-49b8-a37d-b2f0ba2e1423,"Usually, (a/an) tortilla is not warm, but there could be a highly unusual situation in which (a/an) tortilla is warm.","Usually, (a/an) clock is not melting, but there could be a highly unusual situation in which (a/an) clock is melting.","Usually, (a/an) ice cream is not melting, but there could be a highly unusual situation in which (a/an) ice cream is melting.",5_scalar_heat-set_extension_full_range,https://app.prolific.co/submissions/complete?cc=135DD3C8,Agree or disagree (run5_scalar_heat-set_extension_full_range-experiment_scalar-batch1-70-70),410478,f574d1ce-0839-4e2e-8733-19cc508d5d68,2021-02-11 15:03:11,506.867,2021-02-11 13:55:38.597000,2021-02-11 14:04:05.464000,6.0,false,unusual,warm,tortilla,../data/prolific_output/run5_scalar_heat-group_scalar_heat/qu70-s_qu3-batch1.csv
qu70-s_qu3-batch1.csv-1,1,NOT AVAILABLE,NOT AVAILABLE,f2b79ec4-328b-4811-ad4e-e541da2cb058,PROLIFIC,11-Feb-2021 14:11:47,1173,46490,52dee6bc-a523-40fa-955b-a01cfc39c0d2,"I think (a/an) tortilla can be warm, but this is rare or uncommon.","I think (a/an) pizza can be sweet, but this is rare or uncommon.","I think (a/an) pizza can be savory, but this is rare or uncommon.",5_scalar_heat-set_extension_full_range,https://app.prolific.co/submissions/complete?cc=135DD3C8,Agree or disagree (run5_scalar_heat-set_extension_full_range-experiment_scalar-batch1-70-70),409419,7461fb8e-8f74-4560-a1a8-8af505ed0258,2021-02-11 14:11:47,538.269,2021-02-11 13:10:15.124000,2021-02-11 13:19:13.393000,2.0,false,rare,warm,tortilla,../data/prolific_output/run5_scalar_heat-group_scalar_heat/qu70-s_qu3-batch1.csv
qu70-s_qu3-batch1.csv-1,1,NOT AVAILABLE,NOT AVAILABLE,011937c5-478d-4bcd-af78-a9232b3a0158,PROLIFIC,11-Feb-2021 15:43:45,1173,46490,52dee6bc-a523-40fa-955b-a01cfc39c0d2,"I think (a/an) tortilla can be warm, but this is rare or uncommon.","I think (a/an) pizza can be sweet, but this is rare or uncommon.","I think (a/an) pizza can be savory, but this is rare or uncommon.",5_scalar_heat-set_extension_full_range,https://app.prolific.co/submissions/complete?cc=135DD3C8,Agree or disagree (run5_scalar_heat-set_extension_full_range-experiment_scalar-batch1-70-70),410682,821f7e79-3761-46f0-a6e4-27a3f890f4c5,2021-02-11 15:43:45,1856.165,2021-02-11 14:14:37.373000,2021-02-11 14:45:33.538000,12.0,false,rare,warm,tortilla,../data/prolific_output/run5_scalar_heat-group_scalar_heat/qu70-s_qu3-batch1.csv
qu70-s_qu3-batch1.csv-1,1,NOT AVAILABLE,NOT AVAILABLE,8713bc47-83eb-4eb4-a7fb-ac15b44a0c3a,PROLIFIC,11-Feb-2021 13:58:41,1173,46490,52dee6bc-a523-40fa-955b-a01cfc39c0d2,"I think (a/an) tortilla can be warm, but this is rare or uncommon.","I think (a/an) pizza can be sweet, but this is rare or uncommon.","I think (a/an) pizza can be savory, but this is rare or uncommon.",5_scalar_heat-set_extension_full_range,https://app.prolific.co/submissions/complete?cc=135DD3C8,Agree or disagree (run5_scalar_heat-set_extension_full_range-experiment_scalar-batch1-70-70),409077,a05c86b6-8c11-4ce3-b676-82a7afb65fa9,2021-02-11 13:58:41,627.838,2021-02-11 12:52:40.305000,2021-02-11 13:03:08.143000,1.0,false,rare,warm,tortilla,../data/prolific_output/run5_scalar_heat-group_scalar_heat/qu70-s_qu3-batch1.csv
qu70-s_qu3-batch1.csv-1,1,NOT AVAILABLE,NOT AVAILABLE,44d44641-22cf-456b-99ee-e83419d5c276,PROLIFIC,11-Feb-2021 14:08:33,1173,46490,52dee6bc-a523-40fa-955b-a01cfc39c0d2,"I think (a/an) tortilla can be warm, but this is rare or uncommon.","I think (a/an) pizza can be sweet, but this is rare or uncommon.","I think (a/an) pizza can be savory, but this is rare or uncommon.",5_scalar_heat-set_extension_full_range,https://app.prolific.co/submissions/complete?cc=135DD3C8,Agree or disagree (run5_scalar_heat-set_extension_full_range-experiment_scalar-batch1-70-70),409294,6450ff15-45a9-42f4-97c6-e6fb29dc03f2,2021-02-11 14:08:33,305.684,2021-02-11 13:05:35.161000,2021-02-11 13:10:40.845000,2.0,false,rare,warm,tortilla,../data/prolific_output/run5_scalar_heat-group_scalar_heat/qu70-s_qu3-batch1.csv
qu70-s_qu3-batch1.csv-1,1,NOT AVAILABLE,NOT AVAILABLE,01eeb5d1-2a5f-45c4-ba39-ddbf24954839,PROLIFIC,11-Feb-2021 14:53:27,1173,46490,52dee6bc-a523-40fa-955b-a01cfc39c0d2,"I think (a/an) tortilla can be warm, but this is rare or uncommon.","I think (a/an) pizza can be sweet, but this is rare or uncommon.","I think (a/an) pizza can be savory, but this is rare or uncommon.",5_scalar_heat-set_extension_full_range,https://app.prolific.co/submissions/complete?cc=135DD3C8,Agree or disagree (run5_scalar_heat-set_extension_full_range-experiment_scalar-batch1-70-70),410283,564b7f58-d42c-4be2-9fba-b030f582bb7d,2021-02-11 14:53:27,814.511,2021-02-11 13:43:15.871000,2021-02-11 13:56:50.382000,3.0,false,rare,warm,tortilla,../data/prolific_output/run5_scalar_heat-group_scalar_heat/qu70-s_qu3-batch1.csv
qu70-s_qu3-batch1.csv-1,1,NOT AVAILABLE,NOT AVAILABLE,4d7f576e-160c-4416-8a0b-7548a4d8bb97,PROLIFIC,11-Feb-2021 14:17:43,1173,46490,52dee6bc-a523-40fa-955b-a01cfc39c0d2,"I think (a/an) tortilla can be warm, but this is rare or uncommon.","I think (a/an) pizza can be sweet, but this is rare or uncommon.","I think (a/an) pizza can be savory, but this is rare or uncommon.",5_scalar_heat-set_extension_full_range,https://app.prolific.co/submissions/complete?cc=135DD3C8,Agree or disagree (run5_scalar_heat-set_extension_full_range-experiment_scalar-batch1-70-70),409666,0a890e00-c457-48c6-80d5-75a9baa22ba9,2021-02-11 14:17:43,419.382,2021-02-11 13:13:40.482000,2021-02-11 13:20:39.864000,3.0,false,rare,warm,tortilla,../data/prolific_output/run5_scalar_heat-group_scalar_heat/qu70-s_qu3-batch1.csv
qu70-s_qu3-batch1.csv-1,1,NOT AVAILABLE,NOT AVAILABLE,3c6e8c47-52b6-40dc-912b-32b6599fd0ce,PROLIFIC,11-Feb-2021 13:52:23,1173,46490,52dee6bc-a523-40fa-955b-a01cfc39c0d2,"I think (a/an) tortilla can be warm, but this is rare or uncommon.","I think (a/an) pizza can be sweet, but this is rare or uncommon.","I think (a/an) pizza can be savory, but this is rare or uncommon.",5_scalar_heat-set_extension_full_range,https://app.prolific.co/submissions/complete?cc=135DD3C8,Agree or disagree (run5_scalar_heat-set_extension_full_range-experiment_scalar-batch1-70-70),408821,ab791e26-d41a-475a-ac39-40a020282492,2021-02-11 13:52:23,756.898,2021-02-11 12:49:10.608000,2021-02-11 13:01:47.506000,3.0,false,rare,warm,tortilla,../data/prolific_output/run5_scalar_heat-group_scalar_heat/qu70-s_qu3-batch1.csv
qu70-s_qu3-batch1.csv-1,1,NOT AVAILABLE,NOT AVAILABLE,df22a112-e62a-4607-8c70-d22a89b1a7d6,PROLIFIC,11-Feb-2021 14:46:10,1173,46490,52dee6bc-a523-40fa-955b-a01cfc39c0d2,"I think (a/an) tortilla can be warm, but this is rare or uncommon.","I think (a/an) pizza can be sweet, but this is rare or uncommon.","I think (a/an) pizza can be savory, but this is rare or uncommon.",5_scalar_heat-set_extension_full_range,https://app.prolific.co/submissions/complete?cc=135DD3C8,Agree or disagree (run5_scalar_heat-set_extension_full_range-experiment_scalar-batch1-70-70),410151,c4d4d818-8fd3-489f-8306-f04368ebaebf,2021-02-11 14:46:10,1418.922,2021-02-11 13:25:09.172000,2021-02-11 13:48:48.094000,34.0,false,rare,warm,tortilla,../data/prolific_output/run5_scalar_heat-group_scalar_heat/qu70-s_qu3-batch1.csv
qu70-s_qu3-batch1.csv-1,1,NOT AVAILABLE,NOT AVAILABLE,ba2e5d60-1be5-4160-8883-d9dc1d2a590c,PROLIFIC,11-Feb-2021 14:59:11,1173,46490,52dee6bc-a523-40fa-955b-a01cfc39c0d2,"I think (a/an) tortilla can be warm, but this is rare or uncommon.","I think (a/an) pizza can be sweet, but this is rare or uncommon.","I think (a/an) pizza can be savory, but this is rare or uncommon.",5_scalar_heat-set_extension_full_range,https://app.prolific.co/submissions/complete?cc=135DD3C8,Agree or disagree (run5_scalar_heat-set_extension_full_range-experiment_scalar-batch1-70-70),410425,7d080454-bb22-4d31-9be9-fe7e3dcf3e5a,2021-02-11 14:59:11,506.867,2021-02-11 13:55:38.597000,2021-02-11 14:04:05.464000,5.0,false,rare,warm,tortilla,../data/prolific_output/run5_scalar_heat-group_scalar_heat/qu70-s_qu3-batch1.csv
qu70-s_qu3-batch1.csv-1,1,NOT AVAILABLE,NOT AVAILABLE,f2b79ec4-328b-4811-ad4e-e541da2cb058,PROLIFIC,11-Feb-2021 14:18:08,1173,46491,a209f034-eb7f-44d5-9f93-18b1a1a66d1a,I know that (a/an) tortilla is warm as most or all other things similar to (a/an) tortilla are warm. ,I know that (a/an) merlot is alcoholic as most or all other things similar to (a/an) merlot are alcoholic. ,I know that (a/an) lemonade is alcoholic as most or all other things similar to (a/an) lemonade are alcoholic. ,5_scalar_heat-set_extension_full_range,https://app.prolific.co/submissions/complete?cc=135DD3C8,Agree or disagree (run5_scalar_heat-set_extension_full_range-experiment_scalar-batch1-70-70),409691,9ff6db9d-4d8b-43b0-ad97-8e5bc27a715a,2021-02-11 14:18:08,538.269,2021-02-11 13:10:15.124000,2021-02-11 13:19:13.393000,7.0,true,implied_category,warm,tortilla,../data/prolific_output/run5_scalar_heat-group_scalar_heat/qu70-s_qu3-batch1.csv
qu70-s_qu3-batch1.csv-1,1,NOT AVAILABLE,NOT AVAILABLE,011937c5-478d-4bcd-af78-a9232b3a0158,PROLIFIC,11-Feb-2021 15:41:47,1173,46491,a209f034-eb7f-44d5-9f93-18b1a1a66d1a,I know that (a/an) tortilla is warm as most or all other things similar to (a/an) tortilla are warm. ,I know that (a/an) merlot is alcoholic as most or all other things similar to (a/an) merlot are alcoholic. ,I know that (a/an) lemonade is alcoholic as most or all other things similar to (a/an) lemonade are alcoholic. ,5_scalar_heat-set_extension_full_range,https://app.prolific.co/submissions/complete?cc=135DD3C8,Agree or disagree (run5_scalar_heat-set_extension_full_range-experiment_scalar-batch1-70-70),410656,d077667a-2968-4045-9f12-4fbe2380ada6,2021-02-11 15:41:47,1856.165,2021-02-11 14:14:37.373000,2021-02-11 14:45:33.538000,125.0,false,implied_category,warm,tortilla,../data/prolific_output/run5_scalar_heat-group_scalar_heat/qu70-s_qu3-batch1.csv
qu70-s_qu3-batch1.csv-1,1,NOT AVAILABLE,NOT AVAILABLE,8713bc47-83eb-4eb4-a7fb-ac15b44a0c3a,PROLIFIC,11-Feb-2021 14:02:54,1173,46491,a209f034-eb7f-44d5-9f93-18b1a1a66d1a,I know that (a/an) tortilla is warm as most or all other things similar to (a/an) tortilla are warm. ,I know that (a/an) merlot is alcoholic as most or all other things similar to (a/an) merlot are alcoholic. ,I know that (a/an) lemonade is alcoholic as most or all other things similar to (a/an) lemonade are alcoholic. ,5_scalar_heat-set_extension_full_range,https://app.prolific.co/submissions/complete?cc=135DD3C8,Agree or disagree (run5_scalar_heat-set_extension_full_range-experiment_scalar-batch1-70-70),409183,b8a141f6-5336-400f-9a4b-22ed48d6ede4,2021-02-11 14:02:54,627.838,2021-02-11 12:52:40.305000,2021-02-11 13:03:08.143000,2.0,false,implied_category,warm,tortilla,../data/prolific_output/run5_scalar_heat-group_scalar_heat/qu70-s_qu3-batch1.csv
qu70-s_qu3-batch1.csv-1,1,NOT AVAILABLE,NOT AVAILABLE,44d44641-22cf-456b-99ee-e83419d5c276,PROLIFIC,11-Feb-2021 14:08:52,1173,46491,a209f034-eb7f-44d5-9f93-18b1a1a66d1a,I know that (a/an) tortilla is warm as most or all other things similar to (a/an) tortilla are warm. ,I know that (a/an) merlot is alcoholic as most or all other things similar to (a/an) merlot are alcoholic. ,I know that (a/an) lemonade is alcoholic as most or all other things similar to (a/an) lemonade are alcoholic. ,5_scalar_heat-set_extension_full_range,https://app.prolific.co/submissions/complete?cc=135DD3C8,Agree or disagree (run5_scalar_heat-set_extension_full_range-experiment_scalar-batch1-70-70),409306,ad6b9e02-0aee-4ea2-9426-eaef447625b7,2021-02-11 14:08:52,305.684,2021-02-11 13:05:35.161000,2021-02-11 13:10:40.845000,3.0,false,implied_category,warm,tortilla,../data/prolific_output/run5_scalar_heat-group_scalar_heat/qu70-s_qu3-batch1.csv
qu70-s_qu3-batch1.csv-1,1,NOT AVAILABLE,NOT AVAILABLE,01eeb5d1-2a5f-45c4-ba39-ddbf24954839,PROLIFIC,11-Feb-2021 14:56:38,1173,46491,a209f034-eb7f-44d5-9f93-18b1a1a66d1a,I know that (a/an) tortilla is warm as most or all other things similar to (a/an) tortilla are warm. ,I know that (a/an) merlot is alcoholic as most or all other things similar to (a/an) merlot are alcoholic. ,I know that (a/an) lemonade is alcoholic as most or all other things similar to (a/an) lemonade are alcoholic. ,5_scalar_heat-set_extension_full_range,https://app.prolific.co/submissions/complete?cc=135DD3C8,Agree or disagree (run5_scalar_heat-set_extension_full_range-experiment_scalar-batch1-70-70),410385,9a86c447-7b67-4faf-bbc9-365f123c95c3,2021-02-11 14:56:38,814.511,2021-02-11 13:43:15.871000,2021-02-11 13:56:50.382000,3.0,false,implied_category,warm,tortilla,../data/prolific_output/run5_scalar_heat-group_scalar_heat/qu70-s_qu3-batch1.csv
qu70-s_qu3-batch1.csv-1,1,NOT AVAILABLE,NOT AVAILABLE,4d7f576e-160c-4416-8a0b-7548a4d8bb97,PROLIFIC,11-Feb-2021 14:17:40,1173,46491,a209f034-eb7f-44d5-9f93-18b1a1a66d1a,I know that (a/an) tortilla is warm as most or all other things similar to (a/an) tortilla are warm. ,I know that (a/an) merlot is alcoholic as most or all other things similar to (a/an) merlot are alcoholic. ,I know that (a/an) lemonade is alcoholic as most or all other things similar to (a/an) lemonade are alcoholic. ,5_scalar_heat-set_extension_full_range,https://app.prolific.co/submissions/complete?cc=135DD3C8,Agree or disagree (run5_scalar_heat-set_extension_full_range-experiment_scalar-batch1-70-70),409664,3c3e6524-ca72-4a58-8684-78069a23ea59,2021-02-11 14:17:40,419.382,2021-02-11 13:13:40.482000,2021-02-11 13:20:39.864000,9.0,false,implied_category,warm,tortilla,../data/prolific_output/run5_scalar_heat-group_scalar_heat/qu70-s_qu3-batch1.csv
qu70-s_qu3-batch1.csv-1,1,NOT AVAILABLE,NOT AVAILABLE,3c6e8c47-52b6-40dc-912b-32b6599fd0ce,PROLIFIC,11-Feb-2021 13:56:38,1173,46491,a209f034-eb7f-44d5-9f93-18b1a1a66d1a,I know that (a/an) tortilla is warm as most or all other things similar to (a/an) tortilla are warm. ,I know that (a/an) merlot is alcoholic as most or all other things similar to (a/an) merlot are alcoholic. ,I know that (a/an) lemonade is alcoholic as most or all other things similar to (a/an) lemonade are alcoholic. ,5_scalar_heat-set_extension_full_range,https://app.prolific.co/submissions/complete?cc=135DD3C8,Agree or disagree (run5_scalar_heat-set_extension_full_range-experiment_scalar-batch1-70-70),408991,a035b48a-99f8-4989-9315-eed5e99d408a,2021-02-11 13:56:38,756.898,2021-02-11 12:49:10.608000,2021-02-11 13:01:47.506000,13.0,false,implied_category,warm,tortilla,../data/prolific_output/run5_scalar_heat-group_scalar_heat/qu70-s_qu3-batch1.csv
qu70-s_qu3-batch1.csv-1,1,NOT AVAILABLE,NOT AVAILABLE,df22a112-e62a-4607-8c70-d22a89b1a7d6,PROLIFIC,11-Feb-2021 14:48:38,1173,46491,a209f034-eb7f-44d5-9f93-18b1a1a66d1a,I know that (a/an) tortilla is warm as most or all other things similar to (a/an) tortilla are warm. ,I know that (a/an) merlot is alcoholic as most or all other things similar to (a/an) merlot are alcoholic. ,I know that (a/an) lemonade is alcoholic as most or all other things similar to (a/an) lemonade are alcoholic. ,5_scalar_heat-set_extension_full_range,https://app.prolific.co/submissions/complete?cc=135DD3C8,Agree or disagree (run5_scalar_heat-set_extension_full_range-experiment_scalar-batch1-70-70),410207,5f2ff06a-5ab3-44a1-9b81-8cdf0199ef93,2021-02-11 14:48:38,1418.922,2021-02-11 13:25:09.172000,2021-02-11 13:48:48.094000,45.0,false,implied_category,warm,tortilla,../data/prolific_output/run5_scalar_heat-group_scalar_heat/qu70-s_qu3-batch1.csv
qu70-s_qu3-batch1.csv-1,1,NOT AVAILABLE,NOT AVAILABLE,ba2e5d60-1be5-4160-8883-d9dc1d2a590c,PROLIFIC,11-Feb-2021 15:02:11,1173,46491,a209f034-eb7f-44d5-9f93-18b1a1a66d1a,I know that (a/an) tortilla is warm as most or all other things similar to (a/an) tortilla are warm. ,I know that (a/an) merlot is alcoholic as most or all other things similar to (a/an) merlot are alcoholic. ,I know that (a/an) lemonade is alcoholic as most or all other things similar to (a/an) lemonade are alcoholic. ,5_scalar_heat-set_extension_full_range,https://app.prolific.co/submissions/complete?cc=135DD3C8,Agree or disagree (run5_scalar_heat-set_extension_full_range-experiment_scalar-batch1-70-70),410465,44c5380b-e541-4158-80d0-b5b5043fd105,2021-02-11 15:02:11,506.867,2021-02-11 13:55:38.597000,2021-02-11 14:04:05.464000,6.0,false,implied_category,warm,tortilla,../data/prolific_output/run5_scalar_heat-group_scalar_heat/qu70-s_qu3-batch1.csv
qu70-s_qu3-batch1.csv-1,1,NOT AVAILABLE,NOT AVAILABLE,f2b79ec4-328b-4811-ad4e-e541da2cb058,PROLIFIC,11-Feb-2021 14:10:52,1173,46492,4c13ece3-48a4-4fe8-a8c7-7e0e88b7202e,I know that being warm is necessary for many things (a/an) tortilla does or is used for. ,I know that being sharp is necessary for many things (a/an) razor does or is used for. ,I know that being colorful is necessary for many things (a/an) dress does or is used for. ,5_scalar_heat-set_extension_full_range,https://app.prolific.co/submissions/complete?cc=135DD3C8,Agree or disagree (run5_scalar_heat-set_extension_full_range-experiment_scalar-batch1-70-70),409391,29d843fc-0979-4923-82cf-c4d11fd809bd,2021-02-11 14:10:52,538.269,2021-02-11 13:10:15.124000,2021-02-11 13:19:13.393000,4.0,false,affording_activity,warm,tortilla,../data/prolific_output/run5_scalar_heat-group_scalar_heat/qu70-s_qu3-batch1.csv
qu70-s_qu3-batch1.csv-1,1,NOT AVAILABLE,NOT AVAILABLE,011937c5-478d-4bcd-af78-a9232b3a0158,PROLIFIC,11-Feb-2021 15:44:50,1173,46492,4c13ece3-48a4-4fe8-a8c7-7e0e88b7202e,I know that being warm is necessary for many things (a/an) tortilla does or is used for. ,I know that being sharp is necessary for many things (a/an) razor does or is used for. ,I know that being colorful is necessary for many things (a/an) dress does or is used for. ,5_scalar_heat-set_extension_full_range,https://app.prolific.co/submissions/complete?cc=135DD3C8,Agree or disagree (run5_scalar_heat-set_extension_full_range-experiment_scalar-batch1-70-70),410695,50e9baec-3ec8-44ea-bdb9-5e6453fec706,2021-02-11 15:44:50,1856.165,2021-02-11 14:14:37.373000,2021-02-11 14:45:33.538000,2.0,false,affording_activity,warm,tortilla,../data/prolific_output/run5_scalar_heat-group_scalar_heat/qu70-s_qu3-batch1.csv
qu70-s_qu3-batch1.csv-1,1,NOT AVAILABLE,NOT AVAILABLE,8713bc47-83eb-4eb4-a7fb-ac15b44a0c3a,PROLIFIC,11-Feb-2021 13:57:43,1173,46492,4c13ece3-48a4-4fe8-a8c7-7e0e88b7202e,I know that being warm is necessary for many things (a/an) tortilla does or is used for. ,I know that being sharp is necessary for many things (a/an) razor does or is used for. ,I know that being colorful is necessary for many things (a/an) dress does or is used for. ,5_scalar_heat-set_extension_full_range,https://app.prolific.co/submissions/complete?cc=135DD3C8,Agree or disagree (run5_scalar_heat-set_extension_full_range-experiment_scalar-batch1-70-70),409037,381965ed-a27b-40fc-8311-37685b22c28d,2021-02-11 13:57:43,627.838,2021-02-11 12:52:40.305000,2021-02-11 13:03:08.143000,11.0,false,affording_activity,warm,tortilla,../data/prolific_output/run5_scalar_heat-group_scalar_heat/qu70-s_qu3-batch1.csv
qu70-s_qu3-batch1.csv-1,1,NOT AVAILABLE,NOT AVAILABLE,44d44641-22cf-456b-99ee-e83419d5c276,PROLIFIC,11-Feb-2021 14:10:06,1173,46492,4c13ece3-48a4-4fe8-a8c7-7e0e88b7202e,I know that being warm is necessary for many things (a/an) tortilla does or is used for. ,I know that being sharp is necessary for many things (a/an) razor does or is used for. ,I know that being colorful is necessary for many things (a/an) dress does or is used for. ,5_scalar_heat-set_extension_full_range,https://app.prolific.co/submissions/complete?cc=135DD3C8,Agree or disagree (run5_scalar_heat-set_extension_full_range-experiment_scalar-batch1-70-70),409361,9f3efdf9-fe9d-4041-8647-3170a48db43c,2021-02-11 14:10:06,305.684,2021-02-11 13:05:35.161000,2021-02-11 13:10:40.845000,11.0,true,affording_activity,warm,tortilla,../data/prolific_output/run5_scalar_heat-group_scalar_heat/qu70-s_qu3-batch1.csv
qu70-s_qu3-batch1.csv-1,1,NOT AVAILABLE,NOT AVAILABLE,01eeb5d1-2a5f-45c4-ba39-ddbf24954839,PROLIFIC,11-Feb-2021 14:53:46,1173,46492,4c13ece3-48a4-4fe8-a8c7-7e0e88b7202e,I know that being warm is necessary for many things (a/an) tortilla does or is used for. ,I know that being sharp is necessary for many things (a/an) razor does or is used for. ,I know that being colorful is necessary for many things (a/an) dress does or is used for. ,5_scalar_heat-set_extension_full_range,https://app.prolific.co/submissions/complete?cc=135DD3C8,Agree or disagree (run5_scalar_heat-set_extension_full_range-experiment_scalar-batch1-70-70),410292,02447454-7649-4804-bd90-2706f8d671af,2021-02-11 14:53:46,814.511,2021-02-11 13:43:15.871000,2021-02-11 13:56:50.382000,4.0,false,affording_activity,warm,tortilla,../data/prolific_output/run5_scalar_heat-group_scalar_heat/qu70-s_qu3-batch1.csv
qu70-s_qu3-batch1.csv-1,1,NOT AVAILABLE,NOT AVAILABLE,4d7f576e-160c-4416-8a0b-7548a4d8bb97,PROLIFIC,11-Feb-2021 14:17:11,1173,46492,4c13ece3-48a4-4fe8-a8c7-7e0e88b7202e,I know that being warm is necessary for many things (a/an) tortilla does or is used for. ,I know that being sharp is necessary for many things (a/an) razor does or is used for. ,I know that being colorful is necessary for many things (a/an) dress does or is used for. ,5_scalar_heat-set_extension_full_range,https://app.prolific.co/submissions/complete?cc=135DD3C8,Agree or disagree (run5_scalar_heat-set_extension_full_range-experiment_scalar-batch1-70-70),409646,dea6890c-37f7-42b1-9bf0-21dd27c7192a,2021-02-11 14:17:11,419.382,2021-02-11 13:13:40.482000,2021-02-11 13:20:39.864000,5.0,false,affording_activity,warm,tortilla,../data/prolific_output/run5_scalar_heat-group_scalar_heat/qu70-s_qu3-batch1.csv
qu70-s_qu3-batch1.csv-1,1,NOT AVAILABLE,NOT AVAILABLE,3c6e8c47-52b6-40dc-912b-32b6599fd0ce,PROLIFIC,11-Feb-2021 13:56:42,1173,46492,4c13ece3-48a4-4fe8-a8c7-7e0e88b7202e,I know that being warm is necessary for many things (a/an) tortilla does or is used for. ,I know that being sharp is necessary for many things (a/an) razor does or is used for. ,I know that being colorful is necessary for many things (a/an) dress does or is used for. ,5_scalar_heat-set_extension_full_range,https://app.prolific.co/submissions/complete?cc=135DD3C8,Agree or disagree (run5_scalar_heat-set_extension_full_range-experiment_scalar-batch1-70-70),408993,32a9adc1-e36b-4b9d-8fa8-88d418aa3009,2021-02-11 13:56:42,756.898,2021-02-11 12:49:10.608000,2021-02-11 13:01:47.506000,4.0,false,affording_activity,warm,tortilla,../data/prolific_output/run5_scalar_heat-group_scalar_heat/qu70-s_qu3-batch1.csv
qu70-s_qu3-batch1.csv-1,1,NOT AVAILABLE,NOT AVAILABLE,df22a112-e62a-4607-8c70-d22a89b1a7d6,PROLIFIC,11-Feb-2021 14:41:03,1173,46492,4c13ece3-48a4-4fe8-a8c7-7e0e88b7202e,I know that being warm is necessary for many things (a/an) tortilla does or is used for. ,I know that being sharp is necessary for many things (a/an) razor does or is used for. ,I know that being colorful is necessary for many things (a/an) dress does or is used for. ,5_scalar_heat-set_extension_full_range,https://app.prolific.co/submissions/complete?cc=135DD3C8,Agree or disagree (run5_scalar_heat-set_extension_full_range-experiment_scalar-batch1-70-70),410106,b3c22217-f5cd-4d8f-ba32-bc62447c95a1,2021-02-11 14:41:03,1418.922,2021-02-11 13:25:09.172000,2021-02-11 13:48:48.094000,15.0,false,affording_activity,warm,tortilla,../data/prolific_output/run5_scalar_heat-group_scalar_heat/qu70-s_qu3-batch1.csv
qu70-s_qu3-batch1.csv-1,1,NOT AVAILABLE,NOT AVAILABLE,ba2e5d60-1be5-4160-8883-d9dc1d2a590c,PROLIFIC,11-Feb-2021 15:01:11,1173,46492,4c13ece3-48a4-4fe8-a8c7-7e0e88b7202e,I know that being warm is necessary for many things (a/an) tortilla does or is used for. ,I know that being sharp is necessary for many things (a/an) razor does or is used for. ,I know that being colorful is necessary for many things (a/an) dress does or is used for. ,5_scalar_heat-set_extension_full_range,https://app.prolific.co/submissions/complete?cc=135DD3C8,Agree or disagree (run5_scalar_heat-set_extension_full_range-experiment_scalar-batch1-70-70),410453,fd590298-dcb4-458e-9d19-b82898587c89,2021-02-11 15:01:11,506.867,2021-02-11 13:55:38.597000,2021-02-11 14:04:05.464000,3.0,false,affording_activity,warm,tortilla,../data/prolific_output/run5_scalar_heat-group_scalar_heat/qu70-s_qu3-batch1.csv
qu70-s_qu3-batch1.csv-1,1,NOT AVAILABLE,NOT AVAILABLE,f2b79ec4-328b-4811-ad4e-e541da2cb058,PROLIFIC,11-Feb-2021 14:12:53,1173,46493,ec93b6cb-76c7-4fd4-8a8c-129f6c9f9157,I think it is impossible for (a/an) tortilla to be warm.,I think it is impossible for (a/an) water to be dry.,I think it is impossible for (a/an) rose to be white.,5_scalar_heat-set_extension_full_range,https://app.prolific.co/submissions/complete?cc=135DD3C8,Agree or disagree (run5_scalar_heat-set_extension_full_range-experiment_scalar-batch1-70-70),409460,446a43af-b3d6-47c5-a111-d92010b7e973,2021-02-11 14:12:53,538.269,2021-02-11 13:10:15.124000,2021-02-11 13:19:13.393000,7.0,false,impossible,warm,tortilla,../data/prolific_output/run5_scalar_heat-group_scalar_heat/qu70-s_qu3-batch1.csv
qu70-s_qu3-batch1.csv-1,1,NOT AVAILABLE,NOT AVAILABLE,011937c5-478d-4bcd-af78-a9232b3a0158,PROLIFIC,11-Feb-2021 15:43:47,1173,46493,ec93b6cb-76c7-4fd4-8a8c-129f6c9f9157,I think it is impossible for (a/an) tortilla to be warm.,I think it is impossible for (a/an) water to be dry.,I think it is impossible for (a/an) rose to be white.,5_scalar_heat-set_extension_full_range,https://app.prolific.co/submissions/complete?cc=135DD3C8,Agree or disagree (run5_scalar_heat-set_extension_full_range-experiment_scalar-batch1-70-70),410683,88ecad3f-0602-4236-97c4-6c1d6823dcce,2021-02-11 15:43:47,1856.165,2021-02-11 14:14:37.373000,2021-02-11 14:45:33.538000,2.0,false,impossible,warm,tortilla,../data/prolific_output/run5_scalar_heat-group_scalar_heat/qu70-s_qu3-batch1.csv
qu70-s_qu3-batch1.csv-1,1,NOT AVAILABLE,NOT AVAILABLE,8713bc47-83eb-4eb4-a7fb-ac15b44a0c3a,PROLIFIC,11-Feb-2021 14:03:05,1173,46493,ec93b6cb-76c7-4fd4-8a8c-129f6c9f9157,I think it is impossible for (a/an) tortilla to be warm.,I think it is impossible for (a/an) water to be dry.,I think it is impossible for (a/an) rose to be white.,5_scalar_heat-set_extension_full_range,https://app.prolific.co/submissions/complete?cc=135DD3C8,Agree or disagree (run5_scalar_heat-set_extension_full_range-experiment_scalar-batch1-70-70),409187,1b1ab5cb-50fe-4fe2-9db3-cab0aa84743c,2021-02-11 14:03:05,627.838,2021-02-11 12:52:40.305000,2021-02-11 13:03:08.143000,5.143,false,impossible,warm,tortilla,../data/prolific_output/run5_scalar_heat-group_scalar_heat/qu70-s_qu3-batch1.csv
qu70-s_qu3-batch1.csv-1,1,NOT AVAILABLE,NOT AVAILABLE,44d44641-22cf-456b-99ee-e83419d5c276,PROLIFIC,11-Feb-2021 14:10:35,1173,46493,ec93b6cb-76c7-4fd4-8a8c-129f6c9f9157,I think it is impossible for (a/an) tortilla to be warm.,I think it is impossible for (a/an) water to be dry.,I think it is impossible for (a/an) rose to be white.,5_scalar_heat-set_extension_full_range,https://app.prolific.co/submissions/complete?cc=135DD3C8,Agree or disagree (run5_scalar_heat-set_extension_full_range-experiment_scalar-batch1-70-70),409382,28c2b905-07a1-4bf6-93b5-b814efea4e3c,2021-02-11 14:10:35,305.684,2021-02-11 13:05:35.161000,2021-02-11 13:10:40.845000,8.845,false,impossible,warm,tortilla,../data/prolific_output/run5_scalar_heat-group_scalar_heat/qu70-s_qu3-batch1.csv
qu70-s_qu3-batch1.csv-1,1,NOT AVAILABLE,NOT AVAILABLE,01eeb5d1-2a5f-45c4-ba39-ddbf24954839,PROLIFIC,11-Feb-2021 14:53:14,1173,46493,ec93b6cb-76c7-4fd4-8a8c-129f6c9f9157,I think it is impossible for (a/an) tortilla to be warm.,I think it is impossible for (a/an) water to be dry.,I think it is impossible for (a/an) rose to be white.,5_scalar_heat-set_extension_full_range,https://app.prolific.co/submissions/complete?cc=135DD3C8,Agree or disagree (run5_scalar_heat-set_extension_full_range-experiment_scalar-batch1-70-70),410277,19541cdb-1a95-4fbb-8ab7-f05bc2bd425e,2021-02-11 14:53:14,814.511,2021-02-11 13:43:15.871000,2021-02-11 13:56:50.382000,30.0,true,impossible,warm,tortilla,../data/prolific_output/run5_scalar_heat-group_scalar_heat/qu70-s_qu3-batch1.csv
qu70-s_qu3-batch1.csv-1,1,NOT AVAILABLE,NOT AVAILABLE,4d7f576e-160c-4416-8a0b-7548a4d8bb97,PROLIFIC,11-Feb-2021 14:19:16,1173,46493,ec93b6cb-76c7-4fd4-8a8c-129f6c9f9157,I think it is impossible for (a/an) tortilla to be warm.,I think it is impossible for (a/an) water to be dry.,I think it is impossible for (a/an) rose to be white.,5_scalar_heat-set_extension_full_range,https://app.prolific.co/submissions/complete?cc=135DD3C8,Agree or disagree (run5_scalar_heat-set_extension_full_range-experiment_scalar-batch1-70-70),409748,eed69d16-412d-4421-ad33-2cdaf1b18bec,2021-02-11 14:19:16,419.382,2021-02-11 13:13:40.482000,2021-02-11 13:20:39.864000,3.0,false,impossible,warm,tortilla,../data/prolific_output/run5_scalar_heat-group_scalar_heat/qu70-s_qu3-batch1.csv
qu70-s_qu3-batch1.csv-1,1,NOT AVAILABLE,NOT AVAILABLE,3c6e8c47-52b6-40dc-912b-32b6599fd0ce,PROLIFIC,11-Feb-2021 13:58:47,1173,46493,ec93b6cb-76c7-4fd4-8a8c-129f6c9f9157,I think it is impossible for (a/an) tortilla to be warm.,I think it is impossible for (a/an) water to be dry.,I think it is impossible for (a/an) rose to be white.,5_scalar_heat-set_extension_full_range,https://app.prolific.co/submissions/complete?cc=135DD3C8,Agree or disagree (run5_scalar_heat-set_extension_full_range-experiment_scalar-batch1-70-70),409084,73cf27c2-cc63-44ef-8d28-42d8c8e125b0,2021-02-11 13:58:47,756.898,2021-02-11 12:49:10.608000,2021-02-11 13:01:47.506000,3.0,false,impossible,warm,tortilla,../data/prolific_output/run5_scalar_heat-group_scalar_heat/qu70-s_qu3-batch1.csv
qu70-s_qu3-batch1.csv-1,1,NOT AVAILABLE,NOT AVAILABLE,df22a112-e62a-4607-8c70-d22a89b1a7d6,PROLIFIC,11-Feb-2021 14:38:17,1173,46493,ec93b6cb-76c7-4fd4-8a8c-129f6c9f9157,I think it is impossible for (a/an) tortilla to be warm.,I think it is impossible for (a/an) water to be dry.,I think it is impossible for (a/an) rose to be white.,5_scalar_heat-set_extension_full_range,https://app.prolific.co/submissions/complete?cc=135DD3C8,Agree or disagree (run5_scalar_heat-set_extension_full_range-experiment_scalar-batch1-70-70),410079,2ab1154f-a297-4196-ba5a-704d1dd6e27f,2021-02-11 14:38:17,1418.922,2021-02-11 13:25:09.172000,2021-02-11 13:48:48.094000,4.0,false,impossible,warm,tortilla,../data/prolific_output/run5_scalar_heat-group_scalar_heat/qu70-s_qu3-batch1.csv
qu70-s_qu3-batch1.csv-1,1,NOT AVAILABLE,NOT AVAILABLE,ba2e5d60-1be5-4160-8883-d9dc1d2a590c,PROLIFIC,11-Feb-2021 15:02:19,1173,46493,ec93b6cb-76c7-4fd4-8a8c-129f6c9f9157,I think it is impossible for (a/an) tortilla to be warm.,I think it is impossible for (a/an) water to be dry.,I think it is impossible for (a/an) rose to be white.,5_scalar_heat-set_extension_full_range,https://app.prolific.co/submissions/complete?cc=135DD3C8,Agree or disagree (run5_scalar_heat-set_extension_full_range-experiment_scalar-batch1-70-70),410467,d16284a4-41e6-4761-a65f-5cbe4216789c,2021-02-11 15:02:19,506.867,2021-02-11 13:55:38.597000,2021-02-11 14:04:05.464000,2.0,false,impossible,warm,tortilla,../data/prolific_output/run5_scalar_heat-group_scalar_heat/qu70-s_qu3-batch1.csv
qu70-s_qu3-batch1.csv-1,1,NOT AVAILABLE,NOT AVAILABLE,f2b79ec4-328b-4811-ad4e-e541da2cb058,PROLIFIC,11-Feb-2021 14:11:59,1173,46494,8f25845e-2bad-4666-b4b9-87855b85b0dd,"I could say (a/an) tortilla is warm, but I would most certainly not mean it literally.","I could say (a/an) anger is hot, but I would most certainly not mean it literally.
I could say (a/an) person is cold, but I would most certainly not mean it literally.
I could say (a/an) story is dark, but I would most certainly not mean it literally.","I could say (a/an) fire is hot, but I would most certainly not mean it literally.
I could say (a/an) stone is heavy, but I would most certainly not mean it literally.
I could say (a/an) argument is liquid, but I would most certainly not mean it literally.",5_scalar_heat-set_extension_full_range,https://app.prolific.co/submissions/complete?cc=135DD3C8,Agree or disagree (run5_scalar_heat-set_extension_full_range-experiment_scalar-batch1-70-70),409426,95404ffe-f3af-498c-85b7-0cda845c22f9,2021-02-11 14:11:59,538.269,2021-02-11 13:10:15.124000,2021-02-11 13:19:13.393000,4.0,false,creative,warm,tortilla,../data/prolific_output/run5_scalar_heat-group_scalar_heat/qu70-s_qu3-batch1.csv
qu70-s_qu3-batch1.csv-1,1,NOT AVAILABLE,NOT AVAILABLE,011937c5-478d-4bcd-af78-a9232b3a0158,PROLIFIC,11-Feb-2021 15:42:02,1173,46494,8f25845e-2bad-4666-b4b9-87855b85b0dd,"I could say (a/an) tortilla is warm, but I would most certainly not mean it literally.","I could say (a/an) anger is hot, but I would most certainly not mean it literally.
I could say (a/an) person is cold, but I would most certainly not mean it literally.
I could say (a/an) story is dark, but I would most certainly not mean it literally.","I could say (a/an) fire is hot, but I would most certainly not mean it literally.
I could say (a/an) stone is heavy, but I would most certainly not mean it literally.
I could say (a/an) argument is liquid, but I would most certainly not mean it literally.",5_scalar_heat-set_extension_full_range,https://app.prolific.co/submissions/complete?cc=135DD3C8,Agree or disagree (run5_scalar_heat-set_extension_full_range-experiment_scalar-batch1-70-70),410662,17c978b6-5cd0-457b-9075-0b97eb88d50a,2021-02-11 15:42:02,1856.165,2021-02-11 14:14:37.373000,2021-02-11 14:45:33.538000,2.0,false,creative,warm,tortilla,../data/prolific_output/run5_scalar_heat-group_scalar_heat/qu70-s_qu3-batch1.csv
qu70-s_qu3-batch1.csv-1,1,NOT AVAILABLE,NOT AVAILABLE,8713bc47-83eb-4eb4-a7fb-ac15b44a0c3a,PROLIFIC,11-Feb-2021 13:58:15,1173,46494,8f25845e-2bad-4666-b4b9-87855b85b0dd,"I could say (a/an) tortilla is warm, but I would most certainly not mean it literally.","I could say (a/an) anger is hot, but I would most certainly not mean it literally.
I could say (a/an) person is cold, but I would most certainly not mean it literally.
I could say (a/an) story is dark, but I would most certainly not mean it literally.","I could say (a/an) fire is hot, but I would most certainly not mean it literally.
I could say (a/an) stone is heavy, but I would most certainly not mean it literally.
I could say (a/an) argument is liquid, but I would most certainly not mean it literally.",5_scalar_heat-set_extension_full_range,https://app.prolific.co/submissions/complete?cc=135DD3C8,Agree or disagree (run5_scalar_heat-set_extension_full_range-experiment_scalar-batch1-70-70),409062,153c49db-0be1-494b-9fcb-033a3a2e53cd,2021-02-11 13:58:15,627.838,2021-02-11 12:52:40.305000,2021-02-11 13:03:08.143000,3.0,false,creative,warm,tortilla,../data/prolific_output/run5_scalar_heat-group_scalar_heat/qu70-s_qu3-batch1.csv
qu70-s_qu3-batch1.csv-1,1,NOT AVAILABLE,NOT AVAILABLE,44d44641-22cf-456b-99ee-e83419d5c276,PROLIFIC,11-Feb-2021 14:06:09,1173,46494,8f25845e-2bad-4666-b4b9-87855b85b0dd,"I could say (a/an) tortilla is warm, but I would most certainly not mean it literally.","I could say (a/an) anger is hot, but I would most certainly not mean it literally.
I could say (a/an) person is cold, but I would most certainly not mean it literally.
I could say (a/an) story is dark, but I would most certainly not mean it literally.","I could say (a/an) fire is hot, but I would most certainly not mean it literally.
I could say (a/an) stone is heavy, but I would most certainly not mean it literally.
I could say (a/an) argument is liquid, but I would most certainly not mean it literally.",5_scalar_heat-set_extension_full_range,https://app.prolific.co/submissions/complete?cc=135DD3C8,Agree or disagree (run5_scalar_heat-set_extension_full_range-experiment_scalar-batch1-70-70),409226,fd8d2d74-be05-4791-94d8-8cc0363591fd,2021-02-11 14:06:09,305.684,2021-02-11 13:05:35.161000,2021-02-11 13:10:40.845000,2.0,false,creative,warm,tortilla,../data/prolific_output/run5_scalar_heat-group_scalar_heat/qu70-s_qu3-batch1.csv
qu70-s_qu3-batch1.csv-1,1,NOT AVAILABLE,NOT AVAILABLE,01eeb5d1-2a5f-45c4-ba39-ddbf24954839,PROLIFIC,11-Feb-2021 14:47:33,1173,46494,8f25845e-2bad-4666-b4b9-87855b85b0dd,"I could say (a/an) tortilla is warm, but I would most certainly not mean it literally.","I could say (a/an) anger is hot, but I would most certainly not mean it literally.
I could say (a/an) person is cold, but I would most certainly not mean it literally.
I could say (a/an) story is dark, but I would most certainly not mean it literally.","I could say (a/an) fire is hot, but I would most certainly not mean it literally.
I could say (a/an) stone is heavy, but I would most certainly not mean it literally.
I could say (a/an) argument is liquid, but I would most certainly not mean it literally.",5_scalar_heat-set_extension_full_range,https://app.prolific.co/submissions/complete?cc=135DD3C8,Agree or disagree (run5_scalar_heat-set_extension_full_range-experiment_scalar-batch1-70-70),410187,253430f3-5585-400c-9080-b81a8e2183e7,2021-02-11 14:47:33,814.511,2021-02-11 13:43:15.871000,2021-02-11 13:56:50.382000,5.0,true,creative,warm,tortilla,../data/prolific_output/run5_scalar_heat-group_scalar_heat/qu70-s_qu3-batch1.csv
qu70-s_qu3-batch1.csv-1,1,NOT AVAILABLE,NOT AVAILABLE,4d7f576e-160c-4416-8a0b-7548a4d8bb97,PROLIFIC,11-Feb-2021 14:20:11,1173,46494,8f25845e-2bad-4666-b4b9-87855b85b0dd,"I could say (a/an) tortilla is warm, but I would most certainly not mean it literally.","I could say (a/an) anger is hot, but I would most certainly not mean it literally.
I could say (a/an) person is cold, but I would most certainly not mean it literally.
I could say (a/an) story is dark, but I would most certainly not mean it literally.","I could say (a/an) fire is hot, but I would most certainly not mean it literally.
I could say (a/an) stone is heavy, but I would most certainly not mean it literally.
I could say (a/an) argument is liquid, but I would most certainly not mean it literally.",5_scalar_heat-set_extension_full_range,https://app.prolific.co/submissions/complete?cc=135DD3C8,Agree or disagree (run5_scalar_heat-set_extension_full_range-experiment_scalar-batch1-70-70),409775,4aef1ef8-d52e-4d76-8f69-5a48d9e91471,2021-02-11 14:20:11,419.382,2021-02-11 13:13:40.482000,2021-02-11 13:20:39.864000,3.0,false,creative,warm,tortilla,../data/prolific_output/run5_scalar_heat-group_scalar_heat/qu70-s_qu3-batch1.csv
qu70-s_qu3-batch1.csv-1,1,NOT AVAILABLE,NOT AVAILABLE,3c6e8c47-52b6-40dc-912b-32b6599fd0ce,PROLIFIC,11-Feb-2021 13:58:51,1173,46494,8f25845e-2bad-4666-b4b9-87855b85b0dd,"I could say (a/an) tortilla is warm, but I would most certainly not mean it literally.","I could say (a/an) anger is hot, but I would most certainly not mean it literally.
I could say (a/an) person is cold, but I would most certainly not mean it literally.
I could say (a/an) story is dark, but I would most certainly not mean it literally.","I could say (a/an) fire is hot, but I would most certainly not mean it literally.
I could say (a/an) stone is heavy, but I would most certainly not mean it literally.
I could say (a/an) argument is liquid, but I would most certainly not mean it literally.",5_scalar_heat-set_extension_full_range,https://app.prolific.co/submissions/complete?cc=135DD3C8,Agree or disagree (run5_scalar_heat-set_extension_full_range-experiment_scalar-batch1-70-70),409087,a1d1bfa3-73d5-4f91-85bc-4dc081c98f17,2021-02-11 13:58:51,756.898,2021-02-11 12:49:10.608000,2021-02-11 13:01:47.506000,4.0,false,creative,warm,tortilla,../data/prolific_output/run5_scalar_heat-group_scalar_heat/qu70-s_qu3-batch1.csv
qu70-s_qu3-batch1.csv-1,1,NOT AVAILABLE,NOT AVAILABLE,df22a112-e62a-4607-8c70-d22a89b1a7d6,PROLIFIC,11-Feb-2021 14:45:27,1173,46494,8f25845e-2bad-4666-b4b9-87855b85b0dd,"I could say (a/an) tortilla is warm, but I would most certainly not mean it literally.","I could say (a/an) anger is hot, but I would most certainly not mean it literally.
I could say (a/an) person is cold, but I would most certainly not mean it literally.
I could say (a/an) story is dark, but I would most certainly not mean it literally.","I could say (a/an) fire is hot, but I would most certainly not mean it literally.
I could say (a/an) stone is heavy, but I would most certainly not mean it literally.
I could say (a/an) argument is liquid, but I would most certainly not mean it literally.",5_scalar_heat-set_extension_full_range,https://app.prolific.co/submissions/complete?cc=135DD3C8,Agree or disagree (run5_scalar_heat-set_extension_full_range-experiment_scalar-batch1-70-70),410141,88e9e23e-53c2-48a0-a52f-7e8ad8c7f57c,2021-02-11 14:45:27,1418.922,2021-02-11 13:25:09.172000,2021-02-11 13:48:48.094000,47.0,false,creative,warm,tortilla,../data/prolific_output/run5_scalar_heat-group_scalar_heat/qu70-s_qu3-batch1.csv
qu70-s_qu3-batch1.csv-1,1,NOT AVAILABLE,NOT AVAILABLE,ba2e5d60-1be5-4160-8883-d9dc1d2a590c,PROLIFIC,11-Feb-2021 15:02:43,1173,46494,8f25845e-2bad-4666-b4b9-87855b85b0dd,"I could say (a/an) tortilla is warm, but I would most certainly not mean it literally.","I could say (a/an) anger is hot, but I would most certainly not mean it literally.
I could say (a/an) person is cold, but I would most certainly not mean it literally.
I could say (a/an) story is dark, but I would most certainly not mean it literally.","I could say (a/an) fire is hot, but I would most certainly not mean it literally.
I could say (a/an) stone is heavy, but I would most certainly not mean it literally.
I could say (a/an) argument is liquid, but I would most certainly not mean it literally.",5_scalar_heat-set_extension_full_range,https://app.prolific.co/submissions/complete?cc=135DD3C8,Agree or disagree (run5_scalar_heat-set_extension_full_range-experiment_scalar-batch1-70-70),410472,73375677-b708-4a0c-be55-19e25ea8fe80,2021-02-11 15:02:43,506.867,2021-02-11 13:55:38.597000,2021-02-11 14:04:05.464000,3.0,false,creative,warm,tortilla,../data/prolific_output/run5_scalar_heat-group_scalar_heat/qu70-s_qu3-batch1.csv
qu70-s_qu3-batch1.csv-1,1,NOT AVAILABLE,NOT AVAILABLE,f2b79ec4-328b-4811-ad4e-e541da2cb058,PROLIFIC,11-Feb-2021 14:18:55,1173,46495,abd09a6c-8f90-4371-b808-67df1c533001,I know that being warm is necessary for many things (a/an) smoke does or is used for. ,I know that being pointy is necessary for many things (a/an) needle does or is used for. ,I know that being white is necessary for many things (a/an) t-shirt does or is used for. ,5_scalar_heat-set_extension_full_range,https://app.prolific.co/submissions/complete?cc=135DD3C8,Agree or disagree (run5_scalar_heat-set_extension_full_range-experiment_scalar-batch1-70-70),409733,7765b98f-22d9-4cb2-aec2-8d8f344b351f,2021-02-11 14:18:55,538.269,2021-02-11 13:10:15.124000,2021-02-11 13:19:13.393000,3.0,true,affording_activity,warm,smoke,../data/prolific_output/run5_scalar_heat-group_scalar_heat/qu70-s_qu3-batch1.csv
qu70-s_qu3-batch1.csv-1,1,NOT AVAILABLE,NOT AVAILABLE,011937c5-478d-4bcd-af78-a9232b3a0158,PROLIFIC,11-Feb-2021 15:32:32,1173,46495,abd09a6c-8f90-4371-b808-67df1c533001,I know that being warm is necessary for many things (a/an) smoke does or is used for. ,I know that being pointy is necessary for many things (a/an) needle does or is used for. ,I know that being white is necessary for many things (a/an) t-shirt does or is used for. ,5_scalar_heat-set_extension_full_range,https://app.prolific.co/submissions/complete?cc=135DD3C8,Agree or disagree (run5_scalar_heat-set_extension_full_range-experiment_scalar-batch1-70-70),410623,0cf45165-f269-42bd-86fe-7533e0268fc2,2021-02-11 15:32:32,1856.165,2021-02-11 14:14:37.373000,2021-02-11 14:45:33.538000,6.0,true,affording_activity,warm,smoke,../data/prolific_output/run5_scalar_heat-group_scalar_heat/qu70-s_qu3-batch1.csv
qu70-s_qu3-batch1.csv-1,1,NOT AVAILABLE,NOT AVAILABLE,8713bc47-83eb-4eb4-a7fb-ac15b44a0c3a,PROLIFIC,11-Feb-2021 13:58:40,1173,46495,abd09a6c-8f90-4371-b808-67df1c533001,I know that being warm is necessary for many things (a/an) smoke does or is used for. ,I know that being pointy is necessary for many things (a/an) needle does or is used for. ,I know that being white is necessary for many things (a/an) t-shirt does or is used for. ,5_scalar_heat-set_extension_full_range,https://app.prolific.co/submissions/complete?cc=135DD3C8,Agree or disagree (run5_scalar_heat-set_extension_full_range-experiment_scalar-batch1-70-70),409076,a26a3eb8-496d-49fe-a3d8-4e0039c73c73,2021-02-11 13:58:40,627.838,2021-02-11 12:52:40.305000,2021-02-11 13:03:08.143000,3.0,false,affording_activity,warm,smoke,../data/prolific_output/run5_scalar_heat-group_scalar_heat/qu70-s_qu3-batch1.csv
qu70-s_qu3-batch1.csv-1,1,NOT AVAILABLE,NOT AVAILABLE,44d44641-22cf-456b-99ee-e83419d5c276,PROLIFIC,11-Feb-2021 14:06:48,1173,46495,abd09a6c-8f90-4371-b808-67df1c533001,I know that being warm is necessary for many things (a/an) smoke does or is used for. ,I know that being pointy is necessary for many things (a/an) needle does or is used for. ,I know that being white is necessary for many things (a/an) t-shirt does or is used for. ,5_scalar_heat-set_extension_full_range,https://app.prolific.co/submissions/complete?cc=135DD3C8,Agree or disagree (run5_scalar_heat-set_extension_full_range-experiment_scalar-batch1-70-70),409249,2720bfbf-6222-463f-98d1-c290ff4391dc,2021-02-11 14:06:48,305.684,2021-02-11 13:05:35.161000,2021-02-11 13:10:40.845000,4.0,false,affording_activity,warm,smoke,../data/prolific_output/run5_scalar_heat-group_scalar_heat/qu70-s_qu3-batch1.csv
qu70-s_qu3-batch1.csv-1,1,NOT AVAILABLE,NOT AVAILABLE,01eeb5d1-2a5f-45c4-ba39-ddbf24954839,PROLIFIC,11-Feb-2021 14:53:18,1173,46495,abd09a6c-8f90-4371-b808-67df1c533001,I know that being warm is necessary for many things (a/an) smoke does or is used for. ,I know that being pointy is necessary for many things (a/an) needle does or is used for. ,I know that being white is necessary for many things (a/an) t-shirt does or is used for. ,5_scalar_heat-set_extension_full_range,https://app.prolific.co/submissions/complete?cc=135DD3C8,Agree or disagree (run5_scalar_heat-set_extension_full_range-experiment_scalar-batch1-70-70),410279,c507ec8e-1efe-47c2-b131-a88d4eb1fb15,2021-02-11 14:53:18,814.511,2021-02-11 13:43:15.871000,2021-02-11 13:56:50.382000,4.0,true,affording_activity,warm,smoke,../data/prolific_output/run5_scalar_heat-group_scalar_heat/qu70-s_qu3-batch1.csv
qu70-s_qu3-batch1.csv-1,1,NOT AVAILABLE,NOT AVAILABLE,4d7f576e-160c-4416-8a0b-7548a4d8bb97,PROLIFIC,11-Feb-2021 14:19:00,1173,46495,abd09a6c-8f90-4371-b808-67df1c533001,I know that being warm is necessary for many things (a/an) smoke does or is used for. ,I know that being pointy is necessary for many things (a/an) needle does or is used for. ,I know that being white is necessary for many things (a/an) t-shirt does or is used for. ,5_scalar_heat-set_extension_full_range,https://app.prolific.co/submissions/complete?cc=135DD3C8,Agree or disagree (run5_scalar_heat-set_extension_full_range-experiment_scalar-batch1-70-70),409738,104a3afc-3215-4716-a637-1046c10fc608,2021-02-11 14:19:00,419.382,2021-02-11 13:13:40.482000,2021-02-11 13:20:39.864000,4.0,false,affording_activity,warm,smoke,../data/prolific_output/run5_scalar_heat-group_scalar_heat/qu70-s_qu3-batch1.csv
qu70-s_qu3-batch1.csv-1,1,NOT AVAILABLE,NOT AVAILABLE,3c6e8c47-52b6-40dc-912b-32b6599fd0ce,PROLIFIC,11-Feb-2021 14:00:55,1173,46495,abd09a6c-8f90-4371-b808-67df1c533001,I know that being warm is necessary for many things (a/an) smoke does or is used for. ,I know that being pointy is necessary for many things (a/an) needle does or is used for. ,I know that being white is necessary for many things (a/an) t-shirt does or is used for. ,5_scalar_heat-set_extension_full_range,https://app.prolific.co/submissions/complete?cc=135DD3C8,Agree or disagree (run5_scalar_heat-set_extension_full_range-experiment_scalar-batch1-70-70),409146,d4330945-cd69-4caa-8a12-291f0807a399,2021-02-11 14:00:55,756.898,2021-02-11 12:49:10.608000,2021-02-11 13:01:47.506000,5.0,true,affording_activity,warm,smoke,../data/prolific_output/run5_scalar_heat-group_scalar_heat/qu70-s_qu3-batch1.csv
qu70-s_qu3-batch1.csv-1,1,NOT AVAILABLE,NOT AVAILABLE,df22a112-e62a-4607-8c70-d22a89b1a7d6,PROLIFIC,11-Feb-2021 14:41:13,1173,46495,abd09a6c-8f90-4371-b808-67df1c533001,I know that being warm is necessary for many things (a/an) smoke does or is used for. ,I know that being pointy is necessary for many things (a/an) needle does or is used for. ,I know that being white is necessary for many things (a/an) t-shirt does or is used for. ,5_scalar_heat-set_extension_full_range,https://app.prolific.co/submissions/complete?cc=135DD3C8,Agree or disagree (run5_scalar_heat-set_extension_full_range-experiment_scalar-batch1-70-70),410109,4bbdf4f2-09e1-474f-9c66-5bd96a540098,2021-02-11 14:41:13,1418.922,2021-02-11 13:25:09.172000,2021-02-11 13:48:48.094000,10.0,false,affording_activity,warm,smoke,../data/prolific_output/run5_scalar_heat-group_scalar_heat/qu70-s_qu3-batch1.csv
qu70-s_qu3-batch1.csv-1,1,NOT AVAILABLE,NOT AVAILABLE,ba2e5d60-1be5-4160-8883-d9dc1d2a590c,PROLIFIC,11-Feb-2021 14:58:58,1173,46495,abd09a6c-8f90-4371-b808-67df1c533001,I know that being warm is necessary for many things (a/an) smoke does or is used for. ,I know that being pointy is necessary for many things (a/an) needle does or is used for. ,I know that being white is necessary for many things (a/an) t-shirt does or is used for. ,5_scalar_heat-set_extension_full_range,https://app.prolific.co/submissions/complete?cc=135DD3C8,Agree or disagree (run5_scalar_heat-set_extension_full_range-experiment_scalar-batch1-70-70),410422,58da8f87-6ea8-4886-bdf1-c48d5bca7f7f,2021-02-11 14:58:58,506.867,2021-02-11 13:55:38.597000,2021-02-11 14:04:05.464000,6.0,false,affording_activity,warm,smoke,../data/prolific_output/run5_scalar_heat-group_scalar_heat/qu70-s_qu3-batch1.csv
qu70-s_qu3-batch1.csv-1,1,NOT AVAILABLE,NOT AVAILABLE,f2b79ec4-328b-4811-ad4e-e541da2cb058,PROLIFIC,11-Feb-2021 14:18:43,1173,46496,f6d8ae01-0ac0-43f8-92bb-e83e1aa4ee65,"Usually, (a/an) smoke is not warm, but there could be a highly unusual situation in which (a/an) smoke is warm.","Usually, (a/an) table is not furry, but there could be a highly unusual situation in which (a/an) table is furry.","Usually, (a/an) cat is not furry, but there could be a highly unusual situation in which (a/an) cat is furry.",5_scalar_heat-set_extension_full_range,https://app.prolific.co/submissions/complete?cc=135DD3C8,Agree or disagree (run5_scalar_heat-set_extension_full_range-experiment_scalar-batch1-70-70),409722,08032309-11dd-4de8-bb81-3dcd4646f052,2021-02-11 14:18:43,538.269,2021-02-11 13:10:15.124000,2021-02-11 13:19:13.393000,3.0,false,unusual,warm,smoke,../data/prolific_output/run5_scalar_heat-group_scalar_heat/qu70-s_qu3-batch1.csv
qu70-s_qu3-batch1.csv-1,1,NOT AVAILABLE,NOT AVAILABLE,011937c5-478d-4bcd-af78-a9232b3a0158,PROLIFIC,11-Feb-2021 15:33:10,1173,46496,f6d8ae01-0ac0-43f8-92bb-e83e1aa4ee65,"Usually, (a/an) smoke is not warm, but there could be a highly unusual situation in which (a/an) smoke is warm.","Usually, (a/an) table is not furry, but there could be a highly unusual situation in which (a/an) table is furry.","Usually, (a/an) cat is not furry, but there could be a highly unusual situation in which (a/an) cat is furry.",5_scalar_heat-set_extension_full_range,https://app.prolific.co/submissions/complete?cc=135DD3C8,Agree or disagree (run5_scalar_heat-set_extension_full_range-experiment_scalar-batch1-70-70),410628,3da74843-5d16-4d73-a4cd-d4bef2e513be,2021-02-11 15:33:10,1856.165,2021-02-11 14:14:37.373000,2021-02-11 14:45:33.538000,2.0,false,unusual,warm,smoke,../data/prolific_output/run5_scalar_heat-group_scalar_heat/qu70-s_qu3-batch1.csv
qu70-s_qu3-batch1.csv-1,1,NOT AVAILABLE,NOT AVAILABLE,8713bc47-83eb-4eb4-a7fb-ac15b44a0c3a,PROLIFIC,11-Feb-2021 14:01:20,1173,46496,f6d8ae01-0ac0-43f8-92bb-e83e1aa4ee65,"Usually, (a/an) smoke is not warm, but there could be a highly unusual situation in which (a/an) smoke is warm.","Usually, (a/an) table is not furry, but there could be a highly unusual situation in which (a/an) table is furry.","Usually, (a/an) cat is not furry, but there could be a highly unusual situation in which (a/an) cat is furry.",5_scalar_heat-set_extension_full_range,https://app.prolific.co/submissions/complete?cc=135DD3C8,Agree or disagree (run5_scalar_heat-set_extension_full_range-experiment_scalar-batch1-70-70),409161,0f68de7a-baca-4bb2-a0c8-a6ac6abde5ae,2021-02-11 14:01:20,627.838,2021-02-11 12:52:40.305000,2021-02-11 13:03:08.143000,3.0,false,unusual,warm,smoke,../data/prolific_output/run5_scalar_heat-group_scalar_heat/qu70-s_qu3-batch1.csv
qu70-s_qu3-batch1.csv-1,1,NOT AVAILABLE,NOT AVAILABLE,44d44641-22cf-456b-99ee-e83419d5c276,PROLIFIC,11-Feb-2021 14:09:51,1173,46496,f6d8ae01-0ac0-43f8-92bb-e83e1aa4ee65,"Usually, (a/an) smoke is not warm, but there could be a highly unusual situation in which (a/an) smoke is warm.","Usually, (a/an) table is not furry, but there could be a highly unusual situation in which (a/an) table is furry.","Usually, (a/an) cat is not furry, but there could be a highly unusual situation in which (a/an) cat is furry.",5_scalar_heat-set_extension_full_range,https://app.prolific.co/submissions/complete?cc=135DD3C8,Agree or disagree (run5_scalar_heat-set_extension_full_range-experiment_scalar-batch1-70-70),409355,5e5d2224-c72e-437a-a460-ce41ff930858,2021-02-11 14:09:51,305.684,2021-02-11 13:05:35.161000,2021-02-11 13:10:40.845000,3.0,true,unusual,warm,smoke,../data/prolific_output/run5_scalar_heat-group_scalar_heat/qu70-s_qu3-batch1.csv
qu70-s_qu3-batch1.csv-1,1,NOT AVAILABLE,NOT AVAILABLE,01eeb5d1-2a5f-45c4-ba39-ddbf24954839,PROLIFIC,11-Feb-2021 14:45:46,1173,46496,f6d8ae01-0ac0-43f8-92bb-e83e1aa4ee65,"Usually, (a/an) smoke is not warm, but there could be a highly unusual situation in which (a/an) smoke is warm.","Usually, (a/an) table is not furry, but there could be a highly unusual situation in which (a/an) table is furry.","Usually, (a/an) cat is not furry, but there could be a highly unusual situation in which (a/an) cat is furry.",5_scalar_heat-set_extension_full_range,https://app.prolific.co/submissions/complete?cc=135DD3C8,Agree or disagree (run5_scalar_heat-set_extension_full_range-experiment_scalar-batch1-70-70),410145,1185e2c3-3011-427c-86c3-b1798cde1e59,2021-02-11 14:45:46,814.511,2021-02-11 13:43:15.871000,2021-02-11 13:56:50.382000,150.129,false,unusual,warm,smoke,../data/prolific_output/run5_scalar_heat-group_scalar_heat/qu70-s_qu3-batch1.csv
qu70-s_qu3-batch1.csv-1,1,NOT AVAILABLE,NOT AVAILABLE,4d7f576e-160c-4416-8a0b-7548a4d8bb97,PROLIFIC,11-Feb-2021 14:17:14,1173,46496,f6d8ae01-0ac0-43f8-92bb-e83e1aa4ee65,"Usually, (a/an) smoke is not warm, but there could be a highly unusual situation in which (a/an) smoke is warm.","Usually, (a/an) table is not furry, but there could be a highly unusual situation in which (a/an) table is furry.","Usually, (a/an) cat is not furry, but there could be a highly unusual situation in which (a/an) cat is furry.",5_scalar_heat-set_extension_full_range,https://app.prolific.co/submissions/complete?cc=135DD3C8,Agree or disagree (run5_scalar_heat-set_extension_full_range-experiment_scalar-batch1-70-70),409647,8e7672a0-dd5c-4914-b96c-e0ae548ccad1,2021-02-11 14:17:14,419.382,2021-02-11 13:13:40.482000,2021-02-11 13:20:39.864000,3.0,false,unusual,warm,smoke,../data/prolific_output/run5_scalar_heat-group_scalar_heat/qu70-s_qu3-batch1.csv
qu70-s_qu3-batch1.csv-1,1,NOT AVAILABLE,NOT AVAILABLE,3c6e8c47-52b6-40dc-912b-32b6599fd0ce,PROLIFIC,11-Feb-2021 13:57:37,1173,46496,f6d8ae01-0ac0-43f8-92bb-e83e1aa4ee65,"Usually, (a/an) smoke is not warm, but there could be a highly unusual situation in which (a/an) smoke is warm.","Usually, (a/an) table is not furry, but there could be a highly unusual situation in which (a/an) table is furry.","Usually, (a/an) cat is not furry, but there could be a highly unusual situation in which (a/an) cat is furry.",5_scalar_heat-set_extension_full_range,https://app.prolific.co/submissions/complete?cc=135DD3C8,Agree or disagree (run5_scalar_heat-set_extension_full_range-experiment_scalar-batch1-70-70),409032,469daef9-c1e2-4d2c-8359-fbc77a5907dc,2021-02-11 13:57:37,756.898,2021-02-11 12:49:10.608000,2021-02-11 13:01:47.506000,4.0,false,unusual,warm,smoke,../data/prolific_output/run5_scalar_heat-group_scalar_heat/qu70-s_qu3-batch1.csv
qu70-s_qu3-batch1.csv-1,1,NOT AVAILABLE,NOT AVAILABLE,df22a112-e62a-4607-8c70-d22a89b1a7d6,PROLIFIC,11-Feb-2021 14:47:18,1173,46496,f6d8ae01-0ac0-43f8-92bb-e83e1aa4ee65,"Usually, (a/an) smoke is not warm, but there could be a highly unusual situation in which (a/an) smoke is warm.","Usually, (a/an) table is not furry, but there could be a highly unusual situation in which (a/an) table is furry.","Usually, (a/an) cat is not furry, but there could be a highly unusual situation in which (a/an) cat is furry.",5_scalar_heat-set_extension_full_range,https://app.prolific.co/submissions/complete?cc=135DD3C8,Agree or disagree (run5_scalar_heat-set_extension_full_range-experiment_scalar-batch1-70-70),410177,2c6ee77d-8a58-46c5-8e31-74f6d9534754,2021-02-11 14:47:18,1418.922,2021-02-11 13:25:09.172000,2021-02-11 13:48:48.094000,6.0,false,unusual,warm,smoke,../data/prolific_output/run5_scalar_heat-group_scalar_heat/qu70-s_qu3-batch1.csv
qu70-s_qu3-batch1.csv-1,1,NOT AVAILABLE,NOT AVAILABLE,ba2e5d60-1be5-4160-8883-d9dc1d2a590c,PROLIFIC,11-Feb-2021 15:00:50,1173,46496,f6d8ae01-0ac0-43f8-92bb-e83e1aa4ee65,"Usually, (a/an) smoke is not warm, but there could be a highly unusual situation in which (a/an) smoke is warm.","Usually, (a/an) table is not furry, but there could be a highly unusual situation in which (a/an) table is furry.","Usually, (a/an) cat is not furry, but there could be a highly unusual situation in which (a/an) cat is furry.",5_scalar_heat-set_extension_full_range,https://app.prolific.co/submissions/complete?cc=135DD3C8,Agree or disagree (run5_scalar_heat-set_extension_full_range-experiment_scalar-batch1-70-70),410448,e7fd3518-c05b-46e2-822d-728afa4da22d,2021-02-11 15:00:50,506.867,2021-02-11 13:55:38.597000,2021-02-11 14:04:05.464000,7.0,false,unusual,warm,smoke,../data/prolific_output/run5_scalar_heat-group_scalar_heat/qu70-s_qu3-batch1.csv
qu70-s_qu3-batch1.csv-1,1,NOT AVAILABLE,NOT AVAILABLE,f2b79ec4-328b-4811-ad4e-e541da2cb058,PROLIFIC,11-Feb-2021 14:12:55,1173,46497,b789b545-da8c-4a6d-83ba-7d0882ecfa2d,``Smoke'' is one of the first things which come to mind when I hear ``warm' because (a/an) smoke is a typical example of things which are warm'. ,``Rainbow'' is one of the first things which come to mind when I hear ``colorful' because (a/an) rainbow is a typical example of things which are colorful'. ,``Dress'' is one of the first things which come to mind when I hear ``white' because (a/an) dress is a typical example of things which are white'. ,5_scalar_heat-set_extension_full_range,https://app.prolific.co/submissions/complete?cc=135DD3C8,Agree or disagree (run5_scalar_heat-set_extension_full_range-experiment_scalar-batch1-70-70),409462,50882afd-8b8d-46ce-9632-a6329f3f7437,2021-02-11 14:12:55,538.269,2021-02-11 13:10:15.124000,2021-02-11 13:19:13.393000,2.0,true,typical_of_property,warm,smoke,../data/prolific_output/run5_scalar_heat-group_scalar_heat/qu70-s_qu3-batch1.csv
qu70-s_qu3-batch1.csv-1,1,NOT AVAILABLE,NOT AVAILABLE,011937c5-478d-4bcd-af78-a9232b3a0158,PROLIFIC,11-Feb-2021 15:37:11,1173,46497,b789b545-da8c-4a6d-83ba-7d0882ecfa2d,``Smoke'' is one of the first things which come to mind when I hear ``warm' because (a/an) smoke is a typical example of things which are warm'. ,``Rainbow'' is one of the first things which come to mind when I hear ``colorful' because (a/an) rainbow is a typical example of things which are colorful'. ,``Dress'' is one of the first things which come to mind when I hear ``white' because (a/an) dress is a typical example of things which are white'. ,5_scalar_heat-set_extension_full_range,https://app.prolific.co/submissions/complete?cc=135DD3C8,Agree or disagree (run5_scalar_heat-set_extension_full_range-experiment_scalar-batch1-70-70),410647,ebe32955-1bb8-4dbe-8806-ce5b5e92ba40,2021-02-11 15:37:11,1856.165,2021-02-11 14:14:37.373000,2021-02-11 14:45:33.538000,3.0,false,typical_of_property,warm,smoke,../data/prolific_output/run5_scalar_heat-group_scalar_heat/qu70-s_qu3-batch1.csv
qu70-s_qu3-batch1.csv-1,1,NOT AVAILABLE,NOT AVAILABLE,8713bc47-83eb-4eb4-a7fb-ac15b44a0c3a,PROLIFIC,11-Feb-2021 13:57:49,1173,46497,b789b545-da8c-4a6d-83ba-7d0882ecfa2d,``Smoke'' is one of the first things which come to mind when I hear ``warm' because (a/an) smoke is a typical example of things which are warm'. ,``Rainbow'' is one of the first things which come to mind when I hear ``colorful' because (a/an) rainbow is a typical example of things which are colorful'. ,``Dress'' is one of the first things which come to mind when I hear ``white' because (a/an) dress is a typical example of things which are white'. ,5_scalar_heat-set_extension_full_range,https://app.prolific.co/submissions/complete?cc=135DD3C8,Agree or disagree (run5_scalar_heat-set_extension_full_range-experiment_scalar-batch1-70-70),409042,206a9693-f597-4e42-bc90-c78345918284,2021-02-11 13:57:49,627.838,2021-02-11 12:52:40.305000,2021-02-11 13:03:08.143000,4.0,false,typical_of_property,warm,smoke,../data/prolific_output/run5_scalar_heat-group_scalar_heat/qu70-s_qu3-batch1.csv
qu70-s_qu3-batch1.csv-1,1,NOT AVAILABLE,NOT AVAILABLE,44d44641-22cf-456b-99ee-e83419d5c276,PROLIFIC,11-Feb-2021 14:06:13,1173,46497,b789b545-da8c-4a6d-83ba-7d0882ecfa2d,``Smoke'' is one of the first things which come to mind when I hear ``warm' because (a/an) smoke is a typical example of things which are warm'. ,``Rainbow'' is one of the first things which come to mind when I hear ``colorful' because (a/an) rainbow is a typical example of things which are colorful'. ,``Dress'' is one of the first things which come to mind when I hear ``white' because (a/an) dress is a typical example of things which are white'. ,5_scalar_heat-set_extension_full_range,https://app.prolific.co/submissions/complete?cc=135DD3C8,Agree or disagree (run5_scalar_heat-set_extension_full_range-experiment_scalar-batch1-70-70),409229,95f7cb95-42f1-4fdd-bb18-f682812e414c,2021-02-11 14:06:13,305.684,2021-02-11 13:05:35.161000,2021-02-11 13:10:40.845000,4.0,false,typical_of_property,warm,smoke,../data/prolific_output/run5_scalar_heat-group_scalar_heat/qu70-s_qu3-batch1.csv
qu70-s_qu3-batch1.csv-1,1,NOT AVAILABLE,NOT AVAILABLE,01eeb5d1-2a5f-45c4-ba39-ddbf24954839,PROLIFIC,11-Feb-2021 14:49:58,1173,46497,b789b545-da8c-4a6d-83ba-7d0882ecfa2d,``Smoke'' is one of the first things which come to mind when I hear ``warm' because (a/an) smoke is a typical example of things which are warm'. ,``Rainbow'' is one of the first things which come to mind when I hear ``colorful' because (a/an) rainbow is a typical example of things which are colorful'. ,``Dress'' is one of the first things which come to mind when I hear ``white' because (a/an) dress is a typical example of things which are white'. ,5_scalar_heat-set_extension_full_range,https://app.prolific.co/submissions/complete?cc=135DD3C8,Agree or disagree (run5_scalar_heat-set_extension_full_range-experiment_scalar-batch1-70-70),410230,12d92f75-9064-4014-ba56-d1b1ac81fe71,2021-02-11 14:49:58,814.511,2021-02-11 13:43:15.871000,2021-02-11 13:56:50.382000,5.0,true,typical_of_property,warm,smoke,../data/prolific_output/run5_scalar_heat-group_scalar_heat/qu70-s_qu3-batch1.csv
qu70-s_qu3-batch1.csv-1,1,NOT AVAILABLE,NOT AVAILABLE,4d7f576e-160c-4416-8a0b-7548a4d8bb97,PROLIFIC,11-Feb-2021 14:20:08,1173,46497,b789b545-da8c-4a6d-83ba-7d0882ecfa2d,``Smoke'' is one of the first things which come to mind when I hear ``warm' because (a/an) smoke is a typical example of things which are warm'. ,``Rainbow'' is one of the first things which come to mind when I hear ``colorful' because (a/an) rainbow is a typical example of things which are colorful'. ,``Dress'' is one of the first things which come to mind when I hear ``white' because (a/an) dress is a typical example of things which are white'. ,5_scalar_heat-set_extension_full_range,https://app.prolific.co/submissions/complete?cc=135DD3C8,Agree or disagree (run5_scalar_heat-set_extension_full_range-experiment_scalar-batch1-70-70),409774,ebdb23e3-8971-45cb-b709-1e5c115420f3,2021-02-11 14:20:08,419.382,2021-02-11 13:13:40.482000,2021-02-11 13:20:39.864000,3.0,false,typical_of_property,warm,smoke,../data/prolific_output/run5_scalar_heat-group_scalar_heat/qu70-s_qu3-batch1.csv
qu70-s_qu3-batch1.csv-1,1,NOT AVAILABLE,NOT AVAILABLE,3c6e8c47-52b6-40dc-912b-32b6599fd0ce,PROLIFIC,11-Feb-2021 13:51:59,1173,46497,b789b545-da8c-4a6d-83ba-7d0882ecfa2d,``Smoke'' is one of the first things which come to mind when I hear ``warm' because (a/an) smoke is a typical example of things which are warm'. ,``Rainbow'' is one of the first things which come to mind when I hear ``colorful' because (a/an) rainbow is a typical example of things which are colorful'. ,``Dress'' is one of the first things which come to mind when I hear ``white' because (a/an) dress is a typical example of things which are white'. ,5_scalar_heat-set_extension_full_range,https://app.prolific.co/submissions/complete?cc=135DD3C8,Agree or disagree (run5_scalar_heat-set_extension_full_range-experiment_scalar-batch1-70-70),408806,f41409e1-f305-43f8-80de-edbf86af475b,2021-02-11 13:51:59,756.898,2021-02-11 12:49:10.608000,2021-02-11 13:01:47.506000,136.0,true,typical_of_property,warm,smoke,../data/prolific_output/run5_scalar_heat-group_scalar_heat/qu70-s_qu3-batch1.csv
qu70-s_qu3-batch1.csv-1,1,NOT AVAILABLE,NOT AVAILABLE,df22a112-e62a-4607-8c70-d22a89b1a7d6,PROLIFIC,11-Feb-2021 14:27:18,1173,46497,b789b545-da8c-4a6d-83ba-7d0882ecfa2d,``Smoke'' is one of the first things which come to mind when I hear ``warm' because (a/an) smoke is a typical example of things which are warm'. ,``Rainbow'' is one of the first things which come to mind when I hear ``colorful' because (a/an) rainbow is a typical example of things which are colorful'. ,``Dress'' is one of the first things which come to mind when I hear ``white' because (a/an) dress is a typical example of things which are white'. ,5_scalar_heat-set_extension_full_range,https://app.prolific.co/submissions/complete?cc=135DD3C8,Agree or disagree (run5_scalar_heat-set_extension_full_range-experiment_scalar-batch1-70-70),409870,7d65b12c-0f84-41f6-83da-96f98ba1aa46,2021-02-11 14:27:18,1418.922,2021-02-11 13:25:09.172000,2021-02-11 13:48:48.094000,24.0,false,typical_of_property,warm,smoke,../data/prolific_output/run5_scalar_heat-group_scalar_heat/qu70-s_qu3-batch1.csv
qu70-s_qu3-batch1.csv-1,1,NOT AVAILABLE,NOT AVAILABLE,ba2e5d60-1be5-4160-8883-d9dc1d2a590c,PROLIFIC,11-Feb-2021 15:01:08,1173,46497,b789b545-da8c-4a6d-83ba-7d0882ecfa2d,``Smoke'' is one of the first things which come to mind when I hear ``warm' because (a/an) smoke is a typical example of things which are warm'. ,``Rainbow'' is one of the first things which come to mind when I hear ``colorful' because (a/an) rainbow is a typical example of things which are colorful'. ,``Dress'' is one of the first things which come to mind when I hear ``white' because (a/an) dress is a typical example of things which are white'. ,5_scalar_heat-set_extension_full_range,https://app.prolific.co/submissions/complete?cc=135DD3C8,Agree or disagree (run5_scalar_heat-set_extension_full_range-experiment_scalar-batch1-70-70),410452,ec809cf7-7460-423f-af18-052824f54496,2021-02-11 15:01:08,506.867,2021-02-11 13:55:38.597000,2021-02-11 14:04:05.464000,6.0,false,typical_of_property,warm,smoke,../data/prolific_output/run5_scalar_heat-group_scalar_heat/qu70-s_qu3-batch1.csv
qu70-s_qu3-batch1.csv-1,1,NOT AVAILABLE,NOT AVAILABLE,f2b79ec4-328b-4811-ad4e-e541da2cb058,PROLIFIC,11-Feb-2021 14:11:14,1173,46498,bcf83b58-6ea5-4e2f-91d7-ba8a378ddba6,``Warm'' is one for the first things which come to mind when I hear ``smoke' because warm is one of the typical qualities of (a/an) smoke'.,``Bitter'' is one for the first things which come to mind when I hear ``coffee' because bitter is one of the typical tastes of (a/an) coffee'.,``Salty'' is one for the first things which come to mind when I hear ``beer' because salty is one of the typical tastes of (a/an) beer'.,5_scalar_heat-set_extension_full_range,https://app.prolific.co/submissions/complete?cc=135DD3C8,Agree or disagree (run5_scalar_heat-set_extension_full_range-experiment_scalar-batch1-70-70),409402,4a0c5b21-cf52-4a7f-bacb-574d7abeb95c,2021-02-11 14:11:14,538.269,2021-02-11 13:10:15.124000,2021-02-11 13:19:13.393000,3.0,true,typical_of_concept,warm,smoke,../data/prolific_output/run5_scalar_heat-group_scalar_heat/qu70-s_qu3-batch1.csv
qu70-s_qu3-batch1.csv-1,1,NOT AVAILABLE,NOT AVAILABLE,011937c5-478d-4bcd-af78-a9232b3a0158,PROLIFIC,11-Feb-2021 15:39:42,1173,46498,bcf83b58-6ea5-4e2f-91d7-ba8a378ddba6,``Warm'' is one for the first things which come to mind when I hear ``smoke' because warm is one of the typical qualities of (a/an) smoke'.,``Bitter'' is one for the first things which come to mind when I hear ``coffee' because bitter is one of the typical tastes of (a/an) coffee'.,``Salty'' is one for the first things which come to mind when I hear ``beer' because salty is one of the typical tastes of (a/an) beer'.,5_scalar_heat-set_extension_full_range,https://app.prolific.co/submissions/complete?cc=135DD3C8,Agree or disagree (run5_scalar_heat-set_extension_full_range-experiment_scalar-batch1-70-70),410655,ff3f0d9a-7f39-403e-a5ae-62690de9602f,2021-02-11 15:39:42,1856.165,2021-02-11 14:14:37.373000,2021-02-11 14:45:33.538000,108.0,true,typical_of_concept,warm,smoke,../data/prolific_output/run5_scalar_heat-group_scalar_heat/qu70-s_qu3-batch1.csv
qu70-s_qu3-batch1.csv-1,1,NOT AVAILABLE,NOT AVAILABLE,8713bc47-83eb-4eb4-a7fb-ac15b44a0c3a,PROLIFIC,11-Feb-2021 13:57:02,1173,46498,bcf83b58-6ea5-4e2f-91d7-ba8a378ddba6,``Warm'' is one for the first things which come to mind when I hear ``smoke' because warm is one of the typical qualities of (a/an) smoke'.,``Bitter'' is one for the first things which come to mind when I hear ``coffee' because bitter is one of the typical tastes of (a/an) coffee'.,``Salty'' is one for the first things which come to mind when I hear ``beer' because salty is one of the typical tastes of (a/an) beer'.,5_scalar_heat-set_extension_full_range,https://app.prolific.co/submissions/complete?cc=135DD3C8,Agree or disagree (run5_scalar_heat-set_extension_full_range-experiment_scalar-batch1-70-70),409004,a7e9b60e-7961-478b-9c6b-5a8cdbe97c31,2021-02-11 13:57:02,627.838,2021-02-11 12:52:40.305000,2021-02-11 13:03:08.143000,9.0,false,typical_of_concept,warm,smoke,../data/prolific_output/run5_scalar_heat-group_scalar_heat/qu70-s_qu3-batch1.csv
qu70-s_qu3-batch1.csv-1,1,NOT AVAILABLE,NOT AVAILABLE,44d44641-22cf-456b-99ee-e83419d5c276,PROLIFIC,11-Feb-2021 14:06:16,1173,46498,bcf83b58-6ea5-4e2f-91d7-ba8a378ddba6,``Warm'' is one for the first things which come to mind when I hear ``smoke' because warm is one of the typical qualities of (a/an) smoke'.,``Bitter'' is one for the first things which come to mind when I hear ``coffee' because bitter is one of the typical tastes of (a/an) coffee'.,``Salty'' is one for the first things which come to mind when I hear ``beer' because salty is one of the typical tastes of (a/an) beer'.,5_scalar_heat-set_extension_full_range,https://app.prolific.co/submissions/complete?cc=135DD3C8,Agree or disagree (run5_scalar_heat-set_extension_full_range-experiment_scalar-batch1-70-70),409231,f5c4b87b-6426-4b41-839e-beabc3a34dbb,2021-02-11 14:06:16,305.684,2021-02-11 13:05:35.161000,2021-02-11 13:10:40.845000,3.0,false,typical_of_concept,warm,smoke,../data/prolific_output/run5_scalar_heat-group_scalar_heat/qu70-s_qu3-batch1.csv
qu70-s_qu3-batch1.csv-1,1,NOT AVAILABLE,NOT AVAILABLE,01eeb5d1-2a5f-45c4-ba39-ddbf24954839,PROLIFIC,11-Feb-2021 14:54:41,1173,46498,bcf83b58-6ea5-4e2f-91d7-ba8a378ddba6,``Warm'' is one for the first things which come to mind when I hear ``smoke' because warm is one of the typical qualities of (a/an) smoke'.,``Bitter'' is one for the first things which come to mind when I hear ``coffee' because bitter is one of the typical tastes of (a/an) coffee'.,``Salty'' is one for the first things which come to mind when I hear ``beer' because salty is one of the typical tastes of (a/an) beer'.,5_scalar_heat-set_extension_full_range,https://app.prolific.co/submissions/complete?cc=135DD3C8,Agree or disagree (run5_scalar_heat-set_extension_full_range-experiment_scalar-batch1-70-70),410331,695d03b4-2413-4926-bff1-764f5471b9ea,2021-02-11 14:54:41,814.511,2021-02-11 13:43:15.871000,2021-02-11 13:56:50.382000,2.0,true,typical_of_concept,warm,smoke,../data/prolific_output/run5_scalar_heat-group_scalar_heat/qu70-s_qu3-batch1.csv
qu70-s_qu3-batch1.csv-1,1,NOT AVAILABLE,NOT AVAILABLE,4d7f576e-160c-4416-8a0b-7548a4d8bb97,PROLIFIC,11-Feb-2021 14:17:03,1173,46498,bcf83b58-6ea5-4e2f-91d7-ba8a378ddba6,``Warm'' is one for the first things which come to mind when I hear ``smoke' because warm is one of the typical qualities of (a/an) smoke'.,``Bitter'' is one for the first things which come to mind when I hear ``coffee' because bitter is one of the typical tastes of (a/an) coffee'.,``Salty'' is one for the first things which come to mind when I hear ``beer' because salty is one of the typical tastes of (a/an) beer'.,5_scalar_heat-set_extension_full_range,https://app.prolific.co/submissions/complete?cc=135DD3C8,Agree or disagree (run5_scalar_heat-set_extension_full_range-experiment_scalar-batch1-70-70),409639,5fc185a4-e03d-49b9-84cd-2e6513e934ab,2021-02-11 14:17:03,419.382,2021-02-11 13:13:40.482000,2021-02-11 13:20:39.864000,7.0,false,typical_of_concept,warm,smoke,../data/prolific_output/run5_scalar_heat-group_scalar_heat/qu70-s_qu3-batch1.csv
qu70-s_qu3-batch1.csv-1,1,NOT AVAILABLE,NOT AVAILABLE,3c6e8c47-52b6-40dc-912b-32b6599fd0ce,PROLIFIC,11-Feb-2021 14:01:07,1173,46498,bcf83b58-6ea5-4e2f-91d7-ba8a378ddba6,``Warm'' is one for the first things which come to mind when I hear ``smoke' because warm is one of the typical qualities of (a/an) smoke'.,``Bitter'' is one for the first things which come to mind when I hear ``coffee' because bitter is one of the typical tastes of (a/an) coffee'.,``Salty'' is one for the first things which come to mind when I hear ``beer' because salty is one of the typical tastes of (a/an) beer'.,5_scalar_heat-set_extension_full_range,https://app.prolific.co/submissions/complete?cc=135DD3C8,Agree or disagree (run5_scalar_heat-set_extension_full_range-experiment_scalar-batch1-70-70),409153,b29f1d1f-bb54-456b-8796-f864a933fbc2,2021-02-11 14:01:07,756.898,2021-02-11 12:49:10.608000,2021-02-11 13:01:47.506000,5.0,true,typical_of_concept,warm,smoke,../data/prolific_output/run5_scalar_heat-group_scalar_heat/qu70-s_qu3-batch1.csv
qu70-s_qu3-batch1.csv-1,1,NOT AVAILABLE,NOT AVAILABLE,df22a112-e62a-4607-8c70-d22a89b1a7d6,PROLIFIC,11-Feb-2021 14:29:10,1173,46498,bcf83b58-6ea5-4e2f-91d7-ba8a378ddba6,``Warm'' is one for the first things which come to mind when I hear ``smoke' because warm is one of the typical qualities of (a/an) smoke'.,``Bitter'' is one for the first things which come to mind when I hear ``coffee' because bitter is one of the typical tastes of (a/an) coffee'.,``Salty'' is one for the first things which come to mind when I hear ``beer' because salty is one of the typical tastes of (a/an) beer'.,5_scalar_heat-set_extension_full_range,https://app.prolific.co/submissions/complete?cc=135DD3C8,Agree or disagree (run5_scalar_heat-set_extension_full_range-experiment_scalar-batch1-70-70),409894,e7db185f-80d9-479e-a2d2-3d3a1ef1b53b,2021-02-11 14:29:10,1418.922,2021-02-11 13:25:09.172000,2021-02-11 13:48:48.094000,26.0,false,typical_of_concept,warm,smoke,../data/prolific_output/run5_scalar_heat-group_scalar_heat/qu70-s_qu3-batch1.csv
qu70-s_qu3-batch1.csv-1,1,NOT AVAILABLE,NOT AVAILABLE,ba2e5d60-1be5-4160-8883-d9dc1d2a590c,PROLIFIC,11-Feb-2021 15:00:31,1173,46498,bcf83b58-6ea5-4e2f-91d7-ba8a378ddba6,``Warm'' is one for the first things which come to mind when I hear ``smoke' because warm is one of the typical qualities of (a/an) smoke'.,``Bitter'' is one for the first things which come to mind when I hear ``coffee' because bitter is one of the typical tastes of (a/an) coffee'.,``Salty'' is one for the first things which come to mind when I hear ``beer' because salty is one of the typical tastes of (a/an) beer'.,5_scalar_heat-set_extension_full_range,https://app.prolific.co/submissions/complete?cc=135DD3C8,Agree or disagree (run5_scalar_heat-set_extension_full_range-experiment_scalar-batch1-70-70),410443,84f0d749-e286-49d5-a431-580d9bfc9182,2021-02-11 15:00:31,506.867,2021-02-11 13:55:38.597000,2021-02-11 14:04:05.464000,3.0,true,typical_of_concept,warm,smoke,../data/prolific_output/run5_scalar_heat-group_scalar_heat/qu70-s_qu3-batch1.csv
qu70-s_qu3-batch1.csv-1,1,NOT AVAILABLE,NOT AVAILABLE,f2b79ec4-328b-4811-ad4e-e541da2cb058,PROLIFIC,11-Feb-2021 14:11:34,1173,46499,fa055b30-f83e-40b9-9e5e-f0798604ac88,"You can find (a/an) smoke which is warm. (A/an) smoke is usually either warm, a bit more or less warm or the opposite of warm.","You can find (a/an) chocolate which is bitter. (A/an) chocolate is usually either bitter, a bit more or less bitter or the opposite of bitter.","You can find (a/an) diamond which is soft. (A/an) diamond is usually either soft, a bit more or less soft or the opposite of soft.",5_scalar_heat-set_extension_full_range,https://app.prolific.co/submissions/complete?cc=135DD3C8,Agree or disagree (run5_scalar_heat-set_extension_full_range-experiment_scalar-batch1-70-70),409413,d7eb43cd-c382-4426-bc94-d323a0a6df8f,2021-02-11 14:11:34,538.269,2021-02-11 13:10:15.124000,2021-02-11 13:19:13.393000,9.0,true,variability_open,warm,smoke,../data/prolific_output/run5_scalar_heat-group_scalar_heat/qu70-s_qu3-batch1.csv
qu70-s_qu3-batch1.csv-1,1,NOT AVAILABLE,NOT AVAILABLE,011937c5-478d-4bcd-af78-a9232b3a0158,PROLIFIC,11-Feb-2021 15:43:03,1173,46499,fa055b30-f83e-40b9-9e5e-f0798604ac88,"You can find (a/an) smoke which is warm. (A/an) smoke is usually either warm, a bit more or less warm or the opposite of warm.","You can find (a/an) chocolate which is bitter. (A/an) chocolate is usually either bitter, a bit more or less bitter or the opposite of bitter.","You can find (a/an) diamond which is soft. (A/an) diamond is usually either soft, a bit more or less soft or the opposite of soft.",5_scalar_heat-set_extension_full_range,https://app.prolific.co/submissions/complete?cc=135DD3C8,Agree or disagree (run5_scalar_heat-set_extension_full_range-experiment_scalar-batch1-70-70),410671,ec2ba404-1576-40fd-b794-f3e20e43cc17,2021-02-11 15:43:03,1856.165,2021-02-11 14:14:37.373000,2021-02-11 14:45:33.538000,3.0,true,variability_open,warm,smoke,../data/prolific_output/run5_scalar_heat-group_scalar_heat/qu70-s_qu3-batch1.csv
qu70-s_qu3-batch1.csv-1,1,NOT AVAILABLE,NOT AVAILABLE,8713bc47-83eb-4eb4-a7fb-ac15b44a0c3a,PROLIFIC,11-Feb-2021 13:59:22,1173,46499,fa055b30-f83e-40b9-9e5e-f0798604ac88,"You can find (a/an) smoke which is warm. (A/an) smoke is usually either warm, a bit more or less warm or the opposite of warm.","You can find (a/an) chocolate which is bitter. (A/an) chocolate is usually either bitter, a bit more or less bitter or the opposite of bitter.","You can find (a/an) diamond which is soft. (A/an) diamond is usually either soft, a bit more or less soft or the opposite of soft.",5_scalar_heat-set_extension_full_range,https://app.prolific.co/submissions/complete?cc=135DD3C8,Agree or disagree (run5_scalar_heat-set_extension_full_range-experiment_scalar-batch1-70-70),409106,1066d4a4-8a6f-4b12-a70f-597279cefe31,2021-02-11 13:59:22,627.838,2021-02-11 12:52:40.305000,2021-02-11 13:03:08.143000,26.0,false,variability_open,warm,smoke,../data/prolific_output/run5_scalar_heat-group_scalar_heat/qu70-s_qu3-batch1.csv
qu70-s_qu3-batch1.csv-1,1,NOT AVAILABLE,NOT AVAILABLE,44d44641-22cf-456b-99ee-e83419d5c276,PROLIFIC,11-Feb-2021 14:07:23,1173,46499,fa055b30-f83e-40b9-9e5e-f0798604ac88,"You can find (a/an) smoke which is warm. (A/an) smoke is usually either warm, a bit more or less warm or the opposite of warm.","You can find (a/an) chocolate which is bitter. (A/an) chocolate is usually either bitter, a bit more or less bitter or the opposite of bitter.","You can find (a/an) diamond which is soft. (A/an) diamond is usually either soft, a bit more or less soft or the opposite of soft.",5_scalar_heat-set_extension_full_range,https://app.prolific.co/submissions/complete?cc=135DD3C8,Agree or disagree (run5_scalar_heat-set_extension_full_range-experiment_scalar-batch1-70-70),409261,61559fd9-06d7-420c-b2ad-9cf065d3b60f,2021-02-11 14:07:23,305.684,2021-02-11 13:05:35.161000,2021-02-11 13:10:40.845000,9.0,true,variability_open,warm,smoke,../data/prolific_output/run5_scalar_heat-group_scalar_heat/qu70-s_qu3-batch1.csv
qu70-s_qu3-batch1.csv-1,1,NOT AVAILABLE,NOT AVAILABLE,01eeb5d1-2a5f-45c4-ba39-ddbf24954839,PROLIFIC,11-Feb-2021 14:50:23,1173,46499,fa055b30-f83e-40b9-9e5e-f0798604ac88,"You can find (a/an) smoke which is warm. (A/an) smoke is usually either warm, a bit more or less warm or the opposite of warm.","You can find (a/an) chocolate which is bitter. (A/an) chocolate is usually either bitter, a bit more or less bitter or the opposite of bitter.","You can find (a/an) diamond which is soft. (A/an) diamond is usually either soft, a bit more or less soft or the opposite of soft.",5_scalar_heat-set_extension_full_range,https://app.prolific.co/submissions/complete?cc=135DD3C8,Agree or disagree (run5_scalar_heat-set_extension_full_range-experiment_scalar-batch1-70-70),410235,d719ed2e-4be6-4366-94f4-c10e5d4b490a,2021-02-11 14:50:23,814.511,2021-02-11 13:43:15.871000,2021-02-11 13:56:50.382000,8.0,true,variability_open,warm,smoke,../data/prolific_output/run5_scalar_heat-group_scalar_heat/qu70-s_qu3-batch1.csv
qu70-s_qu3-batch1.csv-1,1,NOT AVAILABLE,NOT AVAILABLE,4d7f576e-160c-4416-8a0b-7548a4d8bb97,PROLIFIC,11-Feb-2021 14:19:07,1173,46499,fa055b30-f83e-40b9-9e5e-f0798604ac88,"You can find (a/an) smoke which is warm. (A/an) smoke is usually either warm, a bit more or less warm or the opposite of warm.","You can find (a/an) chocolate which is bitter. (A/an) chocolate is usually either bitter, a bit more or less bitter or the opposite of bitter.","You can find (a/an) diamond which is soft. (A/an) diamond is usually either soft, a bit more or less soft or the opposite of soft.",5_scalar_heat-set_extension_full_range,https://app.prolific.co/submissions/complete?cc=135DD3C8,Agree or disagree (run5_scalar_heat-set_extension_full_range-experiment_scalar-batch1-70-70),409742,c4c871ea-7ccf-40a9-b599-af2f3b2d02b1,2021-02-11 14:19:07,419.382,2021-02-11 13:13:40.482000,2021-02-11 13:20:39.864000,4.0,true,variability_open,warm,smoke,../data/prolific_output/run5_scalar_heat-group_scalar_heat/qu70-s_qu3-batch1.csv
qu70-s_qu3-batch1.csv-1,1,NOT AVAILABLE,NOT AVAILABLE,3c6e8c47-52b6-40dc-912b-32b6599fd0ce,PROLIFIC,11-Feb-2021 13:59:43,1173,46499,fa055b30-f83e-40b9-9e5e-f0798604ac88,"You can find (a/an) smoke which is warm. (A/an) smoke is usually either warm, a bit more or less warm or the opposite of warm.","You can find (a/an) chocolate which is bitter. (A/an) chocolate is usually either bitter, a bit more or less bitter or the opposite of bitter.","You can find (a/an) diamond which is soft. (A/an) diamond is usually either soft, a bit more or less soft or the opposite of soft.",5_scalar_heat-set_extension_full_range,https://app.prolific.co/submissions/complete?cc=135DD3C8,Agree or disagree (run5_scalar_heat-set_extension_full_range-experiment_scalar-batch1-70-70),409120,1fda1c99-c917-43bf-9c09-e880c0f46533,2021-02-11 13:59:43,756.898,2021-02-11 12:49:10.608000,2021-02-11 13:01:47.506000,12.0,true,variability_open,warm,smoke,../data/prolific_output/run5_scalar_heat-group_scalar_heat/qu70-s_qu3-batch1.csv
qu70-s_qu3-batch1.csv-1,1,NOT AVAILABLE,NOT AVAILABLE,df22a112-e62a-4607-8c70-d22a89b1a7d6,PROLIFIC,11-Feb-2021 14:41:46,1173,46499,fa055b30-f83e-40b9-9e5e-f0798604ac88,"You can find (a/an) smoke which is warm. (A/an) smoke is usually either warm, a bit more or less warm or the opposite of warm.","You can find (a/an) chocolate which is bitter. (A/an) chocolate is usually either bitter, a bit more or less bitter or the opposite of bitter.","You can find (a/an) diamond which is soft. (A/an) diamond is usually either soft, a bit more or less soft or the opposite of soft.",5_scalar_heat-set_extension_full_range,https://app.prolific.co/submissions/complete?cc=135DD3C8,Agree or disagree (run5_scalar_heat-set_extension_full_range-experiment_scalar-batch1-70-70),410118,8eef79d6-1ef3-4814-9ace-ae8113bd4648,2021-02-11 14:41:46,1418.922,2021-02-11 13:25:09.172000,2021-02-11 13:48:48.094000,16.0,false,variability_open,warm,smoke,../data/prolific_output/run5_scalar_heat-group_scalar_heat/qu70-s_qu3-batch1.csv
qu70-s_qu3-batch1.csv-1,1,NOT AVAILABLE,NOT AVAILABLE,ba2e5d60-1be5-4160-8883-d9dc1d2a590c,PROLIFIC,11-Feb-2021 15:01:57,1173,46499,fa055b30-f83e-40b9-9e5e-f0798604ac88,"You can find (a/an) smoke which is warm. (A/an) smoke is usually either warm, a bit more or less warm or the opposite of warm.","You can find (a/an) chocolate which is bitter. (A/an) chocolate is usually either bitter, a bit more or less bitter or the opposite of bitter.","You can find (a/an) diamond which is soft. (A/an) diamond is usually either soft, a bit more or less soft or the opposite of soft.",5_scalar_heat-set_extension_full_range,https://app.prolific.co/submissions/complete?cc=135DD3C8,Agree or disagree (run5_scalar_heat-set_extension_full_range-experiment_scalar-batch1-70-70),410462,4cfba51e-09b4-4c94-a973-a4b6d7315db7,2021-02-11 15:01:57,506.867,2021-02-11 13:55:38.597000,2021-02-11 14:04:05.464000,6.0,true,variability_open,warm,smoke,../data/prolific_output/run5_scalar_heat-group_scalar_heat/qu70-s_qu3-batch1.csv
qu70-s_qu3-batch1.csv-1,1,NOT AVAILABLE,NOT AVAILABLE,f2b79ec4-328b-4811-ad4e-e541da2cb058,PROLIFIC,11-Feb-2021 14:16:07,1173,46500,94303e3a-b774-4b09-8446-35263699cb4c,I know that (a/an) smoke is warm as most or all other things similar to (a/an) smoke are warm. ,I know that (a/an) chocoloate_bar is sweet as most or all other things similar to (a/an) chocoloate_bar are sweet. ,I know that (a/an) dress is white as most or all other things similar to (a/an) dress are white. ,5_scalar_heat-set_extension_full_range,https://app.prolific.co/submissions/complete?cc=135DD3C8,Agree or disagree (run5_scalar_heat-set_extension_full_range-experiment_scalar-batch1-70-70),409601,d69d4798-b20a-47b2-ab09-77aec68c6e1c,2021-02-11 14:16:07,538.269,2021-02-11 13:10:15.124000,2021-02-11 13:19:13.393000,2.0,true,implied_category,warm,smoke,../data/prolific_output/run5_scalar_heat-group_scalar_heat/qu70-s_qu3-batch1.csv
qu70-s_qu3-batch1.csv-1,1,NOT AVAILABLE,NOT AVAILABLE,011937c5-478d-4bcd-af78-a9232b3a0158,PROLIFIC,11-Feb-2021 15:44:54,1173,46500,94303e3a-b774-4b09-8446-35263699cb4c,I know that (a/an) smoke is warm as most or all other things similar to (a/an) smoke are warm. ,I know that (a/an) chocoloate_bar is sweet as most or all other things similar to (a/an) chocoloate_bar are sweet. ,I know that (a/an) dress is white as most or all other things similar to (a/an) dress are white. ,5_scalar_heat-set_extension_full_range,https://app.prolific.co/submissions/complete?cc=135DD3C8,Agree or disagree (run5_scalar_heat-set_extension_full_range-experiment_scalar-batch1-70-70),410697,fe6795b6-9010-44ae-bae5-39e9c9b2e079,2021-02-11 15:44:54,1856.165,2021-02-11 14:14:37.373000,2021-02-11 14:45:33.538000,1.0,true,implied_category,warm,smoke,../data/prolific_output/run5_scalar_heat-group_scalar_heat/qu70-s_qu3-batch1.csv
qu70-s_qu3-batch1.csv-1,1,NOT AVAILABLE,NOT AVAILABLE,8713bc47-83eb-4eb4-a7fb-ac15b44a0c3a,PROLIFIC,11-Feb-2021 13:56:02,1173,46500,94303e3a-b774-4b09-8446-35263699cb4c,I know that (a/an) smoke is warm as most or all other things similar to (a/an) smoke are warm. ,I know that (a/an) chocoloate_bar is sweet as most or all other things similar to (a/an) chocoloate_bar are sweet. ,I know that (a/an) dress is white as most or all other things similar to (a/an) dress are white. ,5_scalar_heat-set_extension_full_range,https://app.prolific.co/submissions/complete?cc=135DD3C8,Agree or disagree (run5_scalar_heat-set_extension_full_range-experiment_scalar-batch1-70-70),408967,aa543ce4-336b-4598-ae2c-8481f4389c6b,2021-02-11 13:56:02,627.838,2021-02-11 12:52:40.305000,2021-02-11 13:03:08.143000,3.0,false,implied_category,warm,smoke,../data/prolific_output/run5_scalar_heat-group_scalar_heat/qu70-s_qu3-batch1.csv
qu70-s_qu3-batch1.csv-1,1,NOT AVAILABLE,NOT AVAILABLE,44d44641-22cf-456b-99ee-e83419d5c276,PROLIFIC,11-Feb-2021 14:10:16,1173,46500,94303e3a-b774-4b09-8446-35263699cb4c,I know that (a/an) smoke is warm as most or all other things similar to (a/an) smoke are warm. ,I know that (a/an) chocoloate_bar is sweet as most or all other things similar to (a/an) chocoloate_bar are sweet. ,I know that (a/an) dress is white as most or all other things similar to (a/an) dress are white. ,5_scalar_heat-set_extension_full_range,https://app.prolific.co/submissions/complete?cc=135DD3C8,Agree or disagree (run5_scalar_heat-set_extension_full_range-experiment_scalar-batch1-70-70),409368,44f6df8e-e237-491c-b348-a399096387a0,2021-02-11 14:10:16,305.684,2021-02-11 13:05:35.161000,2021-02-11 13:10:40.845000,2.0,false,implied_category,warm,smoke,../data/prolific_output/run5_scalar_heat-group_scalar_heat/qu70-s_qu3-batch1.csv
qu70-s_qu3-batch1.csv-1,1,NOT AVAILABLE,NOT AVAILABLE,01eeb5d1-2a5f-45c4-ba39-ddbf24954839,PROLIFIC,11-Feb-2021 14:56:35,1173,46500,94303e3a-b774-4b09-8446-35263699cb4c,I know that (a/an) smoke is warm as most or all other things similar to (a/an) smoke are warm. ,I know that (a/an) chocoloate_bar is sweet as most or all other things similar to (a/an) chocoloate_bar are sweet. ,I know that (a/an) dress is white as most or all other things similar to (a/an) dress are white. ,5_scalar_heat-set_extension_full_range,https://app.prolific.co/submissions/complete?cc=135DD3C8,Agree or disagree (run5_scalar_heat-set_extension_full_range-experiment_scalar-batch1-70-70),410384,ff866930-d3c7-497b-91d2-22bb21cdd722,2021-02-11 14:56:35,814.511,2021-02-11 13:43:15.871000,2021-02-11 13:56:50.382000,2.0,true,implied_category,warm,smoke,../data/prolific_output/run5_scalar_heat-group_scalar_heat/qu70-s_qu3-batch1.csv
qu70-s_qu3-batch1.csv-1,1,NOT AVAILABLE,NOT AVAILABLE,4d7f576e-160c-4416-8a0b-7548a4d8bb97,PROLIFIC,11-Feb-2021 14:16:24,1173,46500,94303e3a-b774-4b09-8446-35263699cb4c,I know that (a/an) smoke is warm as most or all other things similar to (a/an) smoke are warm. ,I know that (a/an) chocoloate_bar is sweet as most or all other things similar to (a/an) chocoloate_bar are sweet. ,I know that (a/an) dress is white as most or all other things similar to (a/an) dress are white. ,5_scalar_heat-set_extension_full_range,https://app.prolific.co/submissions/complete?cc=135DD3C8,Agree or disagree (run5_scalar_heat-set_extension_full_range-experiment_scalar-batch1-70-70),409612,b0162406-e7b0-4eb1-94a3-694b5cda948c,2021-02-11 14:16:24,419.382,2021-02-11 13:13:40.482000,2021-02-11 13:20:39.864000,4.0,false,implied_category,warm,smoke,../data/prolific_output/run5_scalar_heat-group_scalar_heat/qu70-s_qu3-batch1.csv
qu70-s_qu3-batch1.csv-1,1,NOT AVAILABLE,NOT AVAILABLE,3c6e8c47-52b6-40dc-912b-32b6599fd0ce,PROLIFIC,11-Feb-2021 13:54:28,1173,46500,94303e3a-b774-4b09-8446-35263699cb4c,I know that (a/an) smoke is warm as most or all other things similar to (a/an) smoke are warm. ,I know that (a/an) chocoloate_bar is sweet as most or all other things similar to (a/an) chocoloate_bar are sweet. ,I know that (a/an) dress is white as most or all other things similar to (a/an) dress are white. ,5_scalar_heat-set_extension_full_range,https://app.prolific.co/submissions/complete?cc=135DD3C8,Agree or disagree (run5_scalar_heat-set_extension_full_range-experiment_scalar-batch1-70-70),408905,a600e956-1566-4dfd-aff2-659e51ed9dba,2021-02-11 13:54:28,756.898,2021-02-11 12:49:10.608000,2021-02-11 13:01:47.506000,6.0,false,implied_category,warm,smoke,../data/prolific_output/run5_scalar_heat-group_scalar_heat/qu70-s_qu3-batch1.csv
qu70-s_qu3-batch1.csv-1,1,NOT AVAILABLE,NOT AVAILABLE,df22a112-e62a-4607-8c70-d22a89b1a7d6,PROLIFIC,11-Feb-2021 14:38:13,1173,46500,94303e3a-b774-4b09-8446-35263699cb4c,I know that (a/an) smoke is warm as most or all other things similar to (a/an) smoke are warm. ,I know that (a/an) chocoloate_bar is sweet as most or all other things similar to (a/an) chocoloate_bar are sweet. ,I know that (a/an) dress is white as most or all other things similar to (a/an) dress are white. ,5_scalar_heat-set_extension_full_range,https://app.prolific.co/submissions/complete?cc=135DD3C8,Agree or disagree (run5_scalar_heat-set_extension_full_range-experiment_scalar-batch1-70-70),410078,3a3c646a-7f2a-4004-9322-d006c3002c48,2021-02-11 14:38:13,1418.922,2021-02-11 13:25:09.172000,2021-02-11 13:48:48.094000,4.0,false,implied_category,warm,smoke,../data/prolific_output/run5_scalar_heat-group_scalar_heat/qu70-s_qu3-batch1.csv
qu70-s_qu3-batch1.csv-1,1,NOT AVAILABLE,NOT AVAILABLE,ba2e5d60-1be5-4160-8883-d9dc1d2a590c,PROLIFIC,11-Feb-2021 14:59:42,1173,46500,94303e3a-b774-4b09-8446-35263699cb4c,I know that (a/an) smoke is warm as most or all other things similar to (a/an) smoke are warm. ,I know that (a/an) chocoloate_bar is sweet as most or all other things similar to (a/an) chocoloate_bar are sweet. ,I know that (a/an) dress is white as most or all other things similar to (a/an) dress are white. ,5_scalar_heat-set_extension_full_range,https://app.prolific.co/submissions/complete?cc=135DD3C8,Agree or disagree (run5_scalar_heat-set_extension_full_range-experiment_scalar-batch1-70-70),410431,df62cf49-7ed5-4d3b-8d31-5fe3cda2c974,2021-02-11 14:59:42,506.867,2021-02-11 13:55:38.597000,2021-02-11 14:04:05.464000,5.0,true,implied_category,warm,smoke,../data/prolific_output/run5_scalar_heat-group_scalar_heat/qu70-s_qu3-batch1.csv
qu70-s_qu3-batch1.csv-1,1,NOT AVAILABLE,NOT AVAILABLE,f2b79ec4-328b-4811-ad4e-e541da2cb058,PROLIFIC,11-Feb-2021 14:11:19,1173,46501,04b7da04-3b9b-4e7a-ab0e-bf8a02665e28,"I think (a/an) smoke can be warm, but this is rare or uncommon.","I think (a/an) pizza can be sweet, but this is rare or uncommon.","I think (a/an) pizza can be savory, but this is rare or uncommon.",5_scalar_heat-set_extension_full_range,https://app.prolific.co/submissions/complete?cc=135DD3C8,Agree or disagree (run5_scalar_heat-set_extension_full_range-experiment_scalar-batch1-70-70),409405,0646bef0-f20e-4f45-88ec-732a1bf9a822,2021-02-11 14:11:19,538.269,2021-02-11 13:10:15.124000,2021-02-11 13:19:13.393000,3.0,false,rare,warm,smoke,../data/prolific_output/run5_scalar_heat-group_scalar_heat/qu70-s_qu3-batch1.csv
qu70-s_qu3-batch1.csv-1,1,NOT AVAILABLE,NOT AVAILABLE,011937c5-478d-4bcd-af78-a9232b3a0158,PROLIFIC,11-Feb-2021 15:42:53,1173,46501,04b7da04-3b9b-4e7a-ab0e-bf8a02665e28,"I think (a/an) smoke can be warm, but this is rare or uncommon.","I think (a/an) pizza can be sweet, but this is rare or uncommon.","I think (a/an) pizza can be savory, but this is rare or uncommon.",5_scalar_heat-set_extension_full_range,https://app.prolific.co/submissions/complete?cc=135DD3C8,Agree or disagree (run5_scalar_heat-set_extension_full_range-experiment_scalar-batch1-70-70),410668,5aa6acd0-7408-4bc4-8628-075c81cb150c,2021-02-11 15:42:53,1856.165,2021-02-11 14:14:37.373000,2021-02-11 14:45:33.538000,35.0,false,rare,warm,smoke,../data/prolific_output/run5_scalar_heat-group_scalar_heat/qu70-s_qu3-batch1.csv
qu70-s_qu3-batch1.csv-1,1,NOT AVAILABLE,NOT AVAILABLE,8713bc47-83eb-4eb4-a7fb-ac15b44a0c3a,PROLIFIC,11-Feb-2021 13:58:37,1173,46501,04b7da04-3b9b-4e7a-ab0e-bf8a02665e28,"I think (a/an) smoke can be warm, but this is rare or uncommon.","I think (a/an) pizza can be sweet, but this is rare or uncommon.","I think (a/an) pizza can be savory, but this is rare or uncommon.",5_scalar_heat-set_extension_full_range,https://app.prolific.co/submissions/complete?cc=135DD3C8,Agree or disagree (run5_scalar_heat-set_extension_full_range-experiment_scalar-batch1-70-70),409075,e15155ef-cb80-43db-9913-db0098433455,2021-02-11 13:58:37,627.838,2021-02-11 12:52:40.305000,2021-02-11 13:03:08.143000,6.0,false,rare,warm,smoke,../data/prolific_output/run5_scalar_heat-group_scalar_heat/qu70-s_qu3-batch1.csv
qu70-s_qu3-batch1.csv-1,1,NOT AVAILABLE,NOT AVAILABLE,44d44641-22cf-456b-99ee-e83419d5c276,PROLIFIC,11-Feb-2021 14:08:18,1173,46501,04b7da04-3b9b-4e7a-ab0e-bf8a02665e28,"I think (a/an) smoke can be warm, but this is rare or uncommon.","I think (a/an) pizza can be sweet, but this is rare or uncommon.","I think (a/an) pizza can be savory, but this is rare or uncommon.",5_scalar_heat-set_extension_full_range,https://app.prolific.co/submissions/complete?cc=135DD3C8,Agree or disagree (run5_scalar_heat-set_extension_full_range-experiment_scalar-batch1-70-70),409289,7d523591-773c-4ca4-8d5c-b1c9b9d9288c,2021-02-11 14:08:18,305.684,2021-02-11 13:05:35.161000,2021-02-11 13:10:40.845000,3.0,true,rare,warm,smoke,../data/prolific_output/run5_scalar_heat-group_scalar_heat/qu70-s_qu3-batch1.csv
qu70-s_qu3-batch1.csv-1,1,NOT AVAILABLE,NOT AVAILABLE,01eeb5d1-2a5f-45c4-ba39-ddbf24954839,PROLIFIC,11-Feb-2021 14:54:56,1173,46501,04b7da04-3b9b-4e7a-ab0e-bf8a02665e28,"I think (a/an) smoke can be warm, but this is rare or uncommon.","I think (a/an) pizza can be sweet, but this is rare or uncommon.","I think (a/an) pizza can be savory, but this is rare or uncommon.",5_scalar_heat-set_extension_full_range,https://app.prolific.co/submissions/complete?cc=135DD3C8,Agree or disagree (run5_scalar_heat-set_extension_full_range-experiment_scalar-batch1-70-70),410343,a6216a99-976f-491f-8a4b-12108453a3e1,2021-02-11 14:54:56,814.511,2021-02-11 13:43:15.871000,2021-02-11 13:56:50.382000,3.0,false,rare,warm,smoke,../data/prolific_output/run5_scalar_heat-group_scalar_heat/qu70-s_qu3-batch1.csv
qu70-s_qu3-batch1.csv-1,1,NOT AVAILABLE,NOT AVAILABLE,4d7f576e-160c-4416-8a0b-7548a4d8bb97,PROLIFIC,11-Feb-2021 14:17:31,1173,46501,04b7da04-3b9b-4e7a-ab0e-bf8a02665e28,"I think (a/an) smoke can be warm, but this is rare or uncommon.","I think (a/an) pizza can be sweet, but this is rare or uncommon.","I think (a/an) pizza can be savory, but this is rare or uncommon.",5_scalar_heat-set_extension_full_range,https://app.prolific.co/submissions/complete?cc=135DD3C8,Agree or disagree (run5_scalar_heat-set_extension_full_range-experiment_scalar-batch1-70-70),409661,94ad4033-b1f6-4087-afcc-f32bd0aecc64,2021-02-11 14:17:31,419.382,2021-02-11 13:13:40.482000,2021-02-11 13:20:39.864000,5.0,false,rare,warm,smoke,../data/prolific_output/run5_scalar_heat-group_scalar_heat/qu70-s_qu3-batch1.csv
qu70-s_qu3-batch1.csv-1,1,NOT AVAILABLE,NOT AVAILABLE,3c6e8c47-52b6-40dc-912b-32b6599fd0ce,PROLIFIC,11-Feb-2021 13:59:20,1173,46501,04b7da04-3b9b-4e7a-ab0e-bf8a02665e28,"I think (a/an) smoke can be warm, but this is rare or uncommon.","I think (a/an) pizza can be sweet, but this is rare or uncommon.","I think (a/an) pizza can be savory, but this is rare or uncommon.",5_scalar_heat-set_extension_full_range,https://app.prolific.co/submissions/complete?cc=135DD3C8,Agree or disagree (run5_scalar_heat-set_extension_full_range-experiment_scalar-batch1-70-70),409105,91f909c2-1c27-42f7-9b50-9b52e3b6c895,2021-02-11 13:59:20,756.898,2021-02-11 12:49:10.608000,2021-02-11 13:01:47.506000,5.0,false,rare,warm,smoke,../data/prolific_output/run5_scalar_heat-group_scalar_heat/qu70-s_qu3-batch1.csv
qu70-s_qu3-batch1.csv-1,1,NOT AVAILABLE,NOT AVAILABLE,df22a112-e62a-4607-8c70-d22a89b1a7d6,PROLIFIC,11-Feb-2021 14:33:52,1173,46501,04b7da04-3b9b-4e7a-ab0e-bf8a02665e28,"I think (a/an) smoke can be warm, but this is rare or uncommon.","I think (a/an) pizza can be sweet, but this is rare or uncommon.","I think (a/an) pizza can be savory, but this is rare or uncommon.",5_scalar_heat-set_extension_full_range,https://app.prolific.co/submissions/complete?cc=135DD3C8,Agree or disagree (run5_scalar_heat-set_extension_full_range-experiment_scalar-batch1-70-70),410028,f793aa54-c4ef-4ea2-8462-4b06a72dfb33,2021-02-11 14:33:52,1418.922,2021-02-11 13:25:09.172000,2021-02-11 13:48:48.094000,5.0,false,rare,warm,smoke,../data/prolific_output/run5_scalar_heat-group_scalar_heat/qu70-s_qu3-batch1.csv
qu70-s_qu3-batch1.csv-1,1,NOT AVAILABLE,NOT AVAILABLE,ba2e5d60-1be5-4160-8883-d9dc1d2a590c,PROLIFIC,11-Feb-2021 15:01:29,1173,46501,04b7da04-3b9b-4e7a-ab0e-bf8a02665e28,"I think (a/an) smoke can be warm, but this is rare or uncommon.","I think (a/an) pizza can be sweet, but this is rare or uncommon.","I think (a/an) pizza can be savory, but this is rare or uncommon.",5_scalar_heat-set_extension_full_range,https://app.prolific.co/submissions/complete?cc=135DD3C8,Agree or disagree (run5_scalar_heat-set_extension_full_range-experiment_scalar-batch1-70-70),410456,d63d52a9-d9eb-409c-8dd5-4d2eefbde49e,2021-02-11 15:01:29,506.867,2021-02-11 13:55:38.597000,2021-02-11 14:04:05.464000,2.0,false,rare,warm,smoke,../data/prolific_output/run5_scalar_heat-group_scalar_heat/qu70-s_qu3-batch1.csv
qu70-s_qu3-batch1.csv-1,1,NOT AVAILABLE,NOT AVAILABLE,f2b79ec4-328b-4811-ad4e-e541da2cb058,PROLIFIC,11-Feb-2021 14:14:18,1173,46502,5673e4c7-ad5a-4321-839d-c34aec11116b,You can find (a/an) smoke which is warm. (A/an) smoke is usually either warm or not warm. It cannot be a bit more or less warm.,You can find (a/an) pea which is frozen. (A/an) pea is usually either frozen or not frozen. It cannot be a bit more or less frozen.,You can find (a/an) soup which is salty. (A/an) soup is usually either salty or not salty. It cannot be a bit more or less salty.,5_scalar_heat-set_extension_full_range,https://app.prolific.co/submissions/complete?cc=135DD3C8,Agree or disagree (run5_scalar_heat-set_extension_full_range-experiment_scalar-batch1-70-70),409504,bd41be5d-acdd-47e2-af87-43583b0cd62c,2021-02-11 14:14:18,538.269,2021-02-11 13:10:15.124000,2021-02-11 13:19:13.393000,12.0,true,variability_limited,warm,smoke,../data/prolific_output/run5_scalar_heat-group_scalar_heat/qu70-s_qu3-batch1.csv
qu70-s_qu3-batch1.csv-1,1,NOT AVAILABLE,NOT AVAILABLE,011937c5-478d-4bcd-af78-a9232b3a0158,PROLIFIC,11-Feb-2021 15:35:20,1173,46502,5673e4c7-ad5a-4321-839d-c34aec11116b,You can find (a/an) smoke which is warm. (A/an) smoke is usually either warm or not warm. It cannot be a bit more or less warm.,You can find (a/an) pea which is frozen. (A/an) pea is usually either frozen or not frozen. It cannot be a bit more or less frozen.,You can find (a/an) soup which is salty. (A/an) soup is usually either salty or not salty. It cannot be a bit more or less salty.,5_scalar_heat-set_extension_full_range,https://app.prolific.co/submissions/complete?cc=135DD3C8,Agree or disagree (run5_scalar_heat-set_extension_full_range-experiment_scalar-batch1-70-70),410639,a620d761-b311-484f-a548-c23468daa75a,2021-02-11 15:35:20,1856.165,2021-02-11 14:14:37.373000,2021-02-11 14:45:33.538000,29.0,false,variability_limited,warm,smoke,../data/prolific_output/run5_scalar_heat-group_scalar_heat/qu70-s_qu3-batch1.csv
qu70-s_qu3-batch1.csv-1,1,NOT AVAILABLE,NOT AVAILABLE,8713bc47-83eb-4eb4-a7fb-ac15b44a0c3a,PROLIFIC,11-Feb-2021 14:03:03,1173,46502,5673e4c7-ad5a-4321-839d-c34aec11116b,You can find (a/an) smoke which is warm. (A/an) smoke is usually either warm or not warm. It cannot be a bit more or less warm.,You can find (a/an) pea which is frozen. (A/an) pea is usually either frozen or not frozen. It cannot be a bit more or less frozen.,You can find (a/an) soup which is salty. (A/an) soup is usually either salty or not salty. It cannot be a bit more or less salty.,5_scalar_heat-set_extension_full_range,https://app.prolific.co/submissions/complete?cc=135DD3C8,Agree or disagree (run5_scalar_heat-set_extension_full_range-experiment_scalar-batch1-70-70),409186,f12c05f7-e927-4955-88ae-c739fdcd82b5,2021-02-11 14:03:03,627.838,2021-02-11 12:52:40.305000,2021-02-11 13:03:08.143000,6.0,false,variability_limited,warm,smoke,../data/prolific_output/run5_scalar_heat-group_scalar_heat/qu70-s_qu3-batch1.csv
qu70-s_qu3-batch1.csv-1,1,NOT AVAILABLE,NOT AVAILABLE,44d44641-22cf-456b-99ee-e83419d5c276,PROLIFIC,11-Feb-2021 14:07:32,1173,46502,5673e4c7-ad5a-4321-839d-c34aec11116b,You can find (a/an) smoke which is warm. (A/an) smoke is usually either warm or not warm. It cannot be a bit more or less warm.,You can find (a/an) pea which is frozen. (A/an) pea is usually either frozen or not frozen. It cannot be a bit more or less frozen.,You can find (a/an) soup which is salty. (A/an) soup is usually either salty or not salty. It cannot be a bit more or less salty.,5_scalar_heat-set_extension_full_range,https://app.prolific.co/submissions/complete?cc=135DD3C8,Agree or disagree (run5_scalar_heat-set_extension_full_range-experiment_scalar-batch1-70-70),409264,79c75568-1dc4-40dd-b1fa-f986bf2c2311,2021-02-11 14:07:32,305.684,2021-02-11 13:05:35.161000,2021-02-11 13:10:40.845000,3.0,false,variability_limited,warm,smoke,../data/prolific_output/run5_scalar_heat-group_scalar_heat/qu70-s_qu3-batch1.csv
qu70-s_qu3-batch1.csv-1,1,NOT AVAILABLE,NOT AVAILABLE,01eeb5d1-2a5f-45c4-ba39-ddbf24954839,PROLIFIC,11-Feb-2021 14:55:32,1173,46502,5673e4c7-ad5a-4321-839d-c34aec11116b,You can find (a/an) smoke which is warm. (A/an) smoke is usually either warm or not warm. It cannot be a bit more or less warm.,You can find (a/an) pea which is frozen. (A/an) pea is usually either frozen or not frozen. It cannot be a bit more or less frozen.,You can find (a/an) soup which is salty. (A/an) soup is usually either salty or not salty. It cannot be a bit more or less salty.,5_scalar_heat-set_extension_full_range,https://app.prolific.co/submissions/complete?cc=135DD3C8,Agree or disagree (run5_scalar_heat-set_extension_full_range-experiment_scalar-batch1-70-70),410364,7c9e5d56-a03b-42b0-81e6-c81d6bf82466,2021-02-11 14:55:32,814.511,2021-02-11 13:43:15.871000,2021-02-11 13:56:50.382000,11.0,true,variability_limited,warm,smoke,../data/prolific_output/run5_scalar_heat-group_scalar_heat/qu70-s_qu3-batch1.csv
qu70-s_qu3-batch1.csv-1,1,NOT AVAILABLE,NOT AVAILABLE,4d7f576e-160c-4416-8a0b-7548a4d8bb97,PROLIFIC,11-Feb-2021 14:15:03,1173,46502,5673e4c7-ad5a-4321-839d-c34aec11116b,You can find (a/an) smoke which is warm. (A/an) smoke is usually either warm or not warm. It cannot be a bit more or less warm.,You can find (a/an) pea which is frozen. (A/an) pea is usually either frozen or not frozen. It cannot be a bit more or less frozen.,You can find (a/an) soup which is salty. (A/an) soup is usually either salty or not salty. It cannot be a bit more or less salty.,5_scalar_heat-set_extension_full_range,https://app.prolific.co/submissions/complete?cc=135DD3C8,Agree or disagree (run5_scalar_heat-set_extension_full_range-experiment_scalar-batch1-70-70),409531,e225d106-bcc1-4965-83be-9c51f8f6005d,2021-02-11 14:15:03,419.382,2021-02-11 13:13:40.482000,2021-02-11 13:20:39.864000,7.0,false,variability_limited,warm,smoke,../data/prolific_output/run5_scalar_heat-group_scalar_heat/qu70-s_qu3-batch1.csv
qu70-s_qu3-batch1.csv-1,1,NOT AVAILABLE,NOT AVAILABLE,3c6e8c47-52b6-40dc-912b-32b6599fd0ce,PROLIFIC,11-Feb-2021 14:00:36,1173,46502,5673e4c7-ad5a-4321-839d-c34aec11116b,You can find (a/an) smoke which is warm. (A/an) smoke is usually either warm or not warm. It cannot be a bit more or less warm.,You can find (a/an) pea which is frozen. (A/an) pea is usually either frozen or not frozen. It cannot be a bit more or less frozen.,You can find (a/an) soup which is salty. (A/an) soup is usually either salty or not salty. It cannot be a bit more or less salty.,5_scalar_heat-set_extension_full_range,https://app.prolific.co/submissions/complete?cc=135DD3C8,Agree or disagree (run5_scalar_heat-set_extension_full_range-experiment_scalar-batch1-70-70),409141,d1a9af1a-5f34-4169-aca7-c04a55e1611b,2021-02-11 14:00:36,756.898,2021-02-11 12:49:10.608000,2021-02-11 13:01:47.506000,16.0,false,variability_limited,warm,smoke,../data/prolific_output/run5_scalar_heat-group_scalar_heat/qu70-s_qu3-batch1.csv
qu70-s_qu3-batch1.csv-1,1,NOT AVAILABLE,NOT AVAILABLE,df22a112-e62a-4607-8c70-d22a89b1a7d6,PROLIFIC,11-Feb-2021 14:30:06,1173,46502,5673e4c7-ad5a-4321-839d-c34aec11116b,You can find (a/an) smoke which is warm. (A/an) smoke is usually either warm or not warm. It cannot be a bit more or less warm.,You can find (a/an) pea which is frozen. (A/an) pea is usually either frozen or not frozen. It cannot be a bit more or less frozen.,You can find (a/an) soup which is salty. (A/an) soup is usually either salty or not salty. It cannot be a bit more or less salty.,5_scalar_heat-set_extension_full_range,https://app.prolific.co/submissions/complete?cc=135DD3C8,Agree or disagree (run5_scalar_heat-set_extension_full_range-experiment_scalar-batch1-70-70),409926,da6f4808-6a13-4f56-8236-2c58bc0a435e,2021-02-11 14:30:06,1418.922,2021-02-11 13:25:09.172000,2021-02-11 13:48:48.094000,12.0,false,variability_limited,warm,smoke,../data/prolific_output/run5_scalar_heat-group_scalar_heat/qu70-s_qu3-batch1.csv
qu70-s_qu3-batch1.csv-1,1,NOT AVAILABLE,NOT AVAILABLE,ba2e5d60-1be5-4160-8883-d9dc1d2a590c,PROLIFIC,11-Feb-2021 14:56:26,1173,46502,5673e4c7-ad5a-4321-839d-c34aec11116b,You can find (a/an) smoke which is warm. (A/an) smoke is usually either warm or not warm. It cannot be a bit more or less warm.,You can find (a/an) pea which is frozen. (A/an) pea is usually either frozen or not frozen. It cannot be a bit more or less frozen.,You can find (a/an) soup which is salty. (A/an) soup is usually either salty or not salty. It cannot be a bit more or less salty.,5_scalar_heat-set_extension_full_range,https://app.prolific.co/submissions/complete?cc=135DD3C8,Agree or disagree (run5_scalar_heat-set_extension_full_range-experiment_scalar-batch1-70-70),410381,fb5d7df7-f964-4dfa-94b8-c63432f14a2d,2021-02-11 14:56:26,506.867,2021-02-11 13:55:38.597000,2021-02-11 14:04:05.464000,35.0,true,variability_limited,warm,smoke,../data/prolific_output/run5_scalar_heat-group_scalar_heat/qu70-s_qu3-batch1.csv
qu70-s_qu3-batch1.csv-1,1,NOT AVAILABLE,NOT AVAILABLE,f2b79ec4-328b-4811-ad4e-e541da2cb058,PROLIFIC,11-Feb-2021 14:15:56,1173,46503,596ebdde-2e2d-43e1-8685-7c46a81003d4,I think it is impossible for (a/an) smoke to be warm.,I think it is impossible for (a/an) water to be dry.,I think it is impossible for (a/an) rose to be white.,5_scalar_heat-set_extension_full_range,https://app.prolific.co/submissions/complete?cc=135DD3C8,Agree or disagree (run5_scalar_heat-set_extension_full_range-experiment_scalar-batch1-70-70),409589,fcf22418-168f-4ea0-8627-791f189bfa58,2021-02-11 14:15:56,538.269,2021-02-11 13:10:15.124000,2021-02-11 13:19:13.393000,1.0,false,impossible,warm,smoke,../data/prolific_output/run5_scalar_heat-group_scalar_heat/qu70-s_qu3-batch1.csv
qu70-s_qu3-batch1.csv-1,1,NOT AVAILABLE,NOT AVAILABLE,011937c5-478d-4bcd-af78-a9232b3a0158,PROLIFIC,11-Feb-2021 15:44:48,1173,46503,596ebdde-2e2d-43e1-8685-7c46a81003d4,I think it is impossible for (a/an) smoke to be warm.,I think it is impossible for (a/an) water to be dry.,I think it is impossible for (a/an) rose to be white.,5_scalar_heat-set_extension_full_range,https://app.prolific.co/submissions/complete?cc=135DD3C8,Agree or disagree (run5_scalar_heat-set_extension_full_range-experiment_scalar-batch1-70-70),410694,61d86cfa-05f9-4c66-8bdd-83e194070519,2021-02-11 15:44:48,1856.165,2021-02-11 14:14:37.373000,2021-02-11 14:45:33.538000,12.0,false,impossible,warm,smoke,../data/prolific_output/run5_scalar_heat-group_scalar_heat/qu70-s_qu3-batch1.csv
qu70-s_qu3-batch1.csv-1,1,NOT AVAILABLE,NOT AVAILABLE,8713bc47-83eb-4eb4-a7fb-ac15b44a0c3a,PROLIFIC,11-Feb-2021 13:58:53,1173,46503,596ebdde-2e2d-43e1-8685-7c46a81003d4,I think it is impossible for (a/an) smoke to be warm.,I think it is impossible for (a/an) water to be dry.,I think it is impossible for (a/an) rose to be white.,5_scalar_heat-set_extension_full_range,https://app.prolific.co/submissions/complete?cc=135DD3C8,Agree or disagree (run5_scalar_heat-set_extension_full_range-experiment_scalar-batch1-70-70),409089,0ff893cf-d5b5-47ce-894c-43bbaf4c11f6,2021-02-11 13:58:53,627.838,2021-02-11 12:52:40.305000,2021-02-11 13:03:08.143000,2.0,false,impossible,warm,smoke,../data/prolific_output/run5_scalar_heat-group_scalar_heat/qu70-s_qu3-batch1.csv
qu70-s_qu3-batch1.csv-1,1,NOT AVAILABLE,NOT AVAILABLE,44d44641-22cf-456b-99ee-e83419d5c276,PROLIFIC,11-Feb-2021 14:07:04,1173,46503,596ebdde-2e2d-43e1-8685-7c46a81003d4,I think it is impossible for (a/an) smoke to be warm.,I think it is impossible for (a/an) water to be dry.,I think it is impossible for (a/an) rose to be white.,5_scalar_heat-set_extension_full_range,https://app.prolific.co/submissions/complete?cc=135DD3C8,Agree or disagree (run5_scalar_heat-set_extension_full_range-experiment_scalar-batch1-70-70),409256,be40081a-9f6f-4e7c-bb7f-03a81180dde5,2021-02-11 14:07:04,305.684,2021-02-11 13:05:35.161000,2021-02-11 13:10:40.845000,3.0,false,impossible,warm,smoke,../data/prolific_output/run5_scalar_heat-group_scalar_heat/qu70-s_qu3-batch1.csv
qu70-s_qu3-batch1.csv-1,1,NOT AVAILABLE,NOT AVAILABLE,01eeb5d1-2a5f-45c4-ba39-ddbf24954839,PROLIFIC,11-Feb-2021 14:53:55,1173,46503,596ebdde-2e2d-43e1-8685-7c46a81003d4,I think it is impossible for (a/an) smoke to be warm.,I think it is impossible for (a/an) water to be dry.,I think it is impossible for (a/an) rose to be white.,5_scalar_heat-set_extension_full_range,https://app.prolific.co/submissions/complete?cc=135DD3C8,Agree or disagree (run5_scalar_heat-set_extension_full_range-experiment_scalar-batch1-70-70),410297,4e432dbc-06ef-49b1-bae9-d43e509d9be3,2021-02-11 14:53:55,814.511,2021-02-11 13:43:15.871000,2021-02-11 13:56:50.382000,3.0,false,impossible,warm,smoke,../data/prolific_output/run5_scalar_heat-group_scalar_heat/qu70-s_qu3-batch1.csv
qu70-s_qu3-batch1.csv-1,1,NOT AVAILABLE,NOT AVAILABLE,4d7f576e-160c-4416-8a0b-7548a4d8bb97,PROLIFIC,11-Feb-2021 14:20:02,1173,46503,596ebdde-2e2d-43e1-8685-7c46a81003d4,I think it is impossible for (a/an) smoke to be warm.,I think it is impossible for (a/an) water to be dry.,I think it is impossible for (a/an) rose to be white.,5_scalar_heat-set_extension_full_range,https://app.prolific.co/submissions/complete?cc=135DD3C8,Agree or disagree (run5_scalar_heat-set_extension_full_range-experiment_scalar-batch1-70-70),409769,6d429e66-31e6-4137-90bd-5d98f00896bf,2021-02-11 14:20:02,419.382,2021-02-11 13:13:40.482000,2021-02-11 13:20:39.864000,3.0,false,impossible,warm,smoke,../data/prolific_output/run5_scalar_heat-group_scalar_heat/qu70-s_qu3-batch1.csv
qu70-s_qu3-batch1.csv-1,1,NOT AVAILABLE,NOT AVAILABLE,3c6e8c47-52b6-40dc-912b-32b6599fd0ce,PROLIFIC,11-Feb-2021 13:54:18,1173,46503,596ebdde-2e2d-43e1-8685-7c46a81003d4,I think it is impossible for (a/an) smoke to be warm.,I think it is impossible for (a/an) water to be dry.,I think it is impossible for (a/an) rose to be white.,5_scalar_heat-set_extension_full_range,https://app.prolific.co/submissions/complete?cc=135DD3C8,Agree or disagree (run5_scalar_heat-set_extension_full_range-experiment_scalar-batch1-70-70),408898,b3ca0928-7f14-44b4-9534-c1d3b289fdff,2021-02-11 13:54:18,756.898,2021-02-11 12:49:10.608000,2021-02-11 13:01:47.506000,4.0,false,impossible,warm,smoke,../data/prolific_output/run5_scalar_heat-group_scalar_heat/qu70-s_qu3-batch1.csv
qu70-s_qu3-batch1.csv-1,1,NOT AVAILABLE,NOT AVAILABLE,df22a112-e62a-4607-8c70-d22a89b1a7d6,PROLIFIC,11-Feb-2021 14:28:22,1173,46503,596ebdde-2e2d-43e1-8685-7c46a81003d4,I think it is impossible for (a/an) smoke to be warm.,I think it is impossible for (a/an) water to be dry.,I think it is impossible for (a/an) rose to be white.,5_scalar_heat-set_extension_full_range,https://app.prolific.co/submissions/complete?cc=135DD3C8,Agree or disagree (run5_scalar_heat-set_extension_full_range-experiment_scalar-batch1-70-70),409883,3d6c4967-b6be-47ff-8ea6-ba639799f816,2021-02-11 14:28:22,1418.922,2021-02-11 13:25:09.172000,2021-02-11 13:48:48.094000,14.0,true,impossible,warm,smoke,../data/prolific_output/run5_scalar_heat-group_scalar_heat/qu70-s_qu3-batch1.csv
qu70-s_qu3-batch1.csv-1,1,NOT AVAILABLE,NOT AVAILABLE,ba2e5d60-1be5-4160-8883-d9dc1d2a590c,PROLIFIC,11-Feb-2021 15:01:32,1173,46503,596ebdde-2e2d-43e1-8685-7c46a81003d4,I think it is impossible for (a/an) smoke to be warm.,I think it is impossible for (a/an) water to be dry.,I think it is impossible for (a/an) rose to be white.,5_scalar_heat-set_extension_full_range,https://app.prolific.co/submissions/complete?cc=135DD3C8,Agree or disagree (run5_scalar_heat-set_extension_full_range-experiment_scalar-batch1-70-70),410457,1457c597-ef45-4d18-8a8d-3400230d183a,2021-02-11 15:01:32,506.867,2021-02-11 13:55:38.597000,2021-02-11 14:04:05.464000,3.0,false,impossible,warm,smoke,../data/prolific_output/run5_scalar_heat-group_scalar_heat/qu70-s_qu3-batch1.csv
qu70-s_qu3-batch1.csv-1,1,NOT AVAILABLE,NOT AVAILABLE,f2b79ec4-328b-4811-ad4e-e541da2cb058,PROLIFIC,11-Feb-2021 14:15:58,1173,46504,2cc23673-372f-49fc-9b15-d2081363d9eb,"I could say (a/an) smoke is warm, but I would most certainly not mean it literally.","I could say (a/an) anger is hot, but I would most certainly not mean it literally.
I could say (a/an) person is cold, but I would most certainly not mean it literally.
I could say (a/an) story is dark, but I would most certainly not mean it literally.","I could say (a/an) fire is hot, but I would most certainly not mean it literally.
I could say (a/an) stone is heavy, but I would most certainly not mean it literally.
I could say (a/an) argument is liquid, but I would most certainly not mean it literally.",5_scalar_heat-set_extension_full_range,https://app.prolific.co/submissions/complete?cc=135DD3C8,Agree or disagree (run5_scalar_heat-set_extension_full_range-experiment_scalar-batch1-70-70),409590,b140e86f-5d5e-44ee-985b-07c6b8bb2db1,2021-02-11 14:15:58,538.269,2021-02-11 13:10:15.124000,2021-02-11 13:19:13.393000,2.0,false,creative,warm,smoke,../data/prolific_output/run5_scalar_heat-group_scalar_heat/qu70-s_qu3-batch1.csv
qu70-s_qu3-batch1.csv-1,1,NOT AVAILABLE,NOT AVAILABLE,011937c5-478d-4bcd-af78-a9232b3a0158,PROLIFIC,11-Feb-2021 15:37:16,1173,46504,2cc23673-372f-49fc-9b15-d2081363d9eb,"I could say (a/an) smoke is warm, but I would most certainly not mean it literally.","I could say (a/an) anger is hot, but I would most certainly not mean it literally.
I could say (a/an) person is cold, but I would most certainly not mean it literally.
I could say (a/an) story is dark, but I would most certainly not mean it literally.","I could say (a/an) fire is hot, but I would most certainly not mean it literally.
I could say (a/an) stone is heavy, but I would most certainly not mean it literally.
I could say (a/an) argument is liquid, but I would most certainly not mean it literally.",5_scalar_heat-set_extension_full_range,https://app.prolific.co/submissions/complete?cc=135DD3C8,Agree or disagree (run5_scalar_heat-set_extension_full_range-experiment_scalar-batch1-70-70),410649,31d1b21b-d853-4469-aeaa-a668fb4d8201,2021-02-11 15:37:16,1856.165,2021-02-11 14:14:37.373000,2021-02-11 14:45:33.538000,2.0,false,creative,warm,smoke,../data/prolific_output/run5_scalar_heat-group_scalar_heat/qu70-s_qu3-batch1.csv
qu70-s_qu3-batch1.csv-1,1,NOT AVAILABLE,NOT AVAILABLE,8713bc47-83eb-4eb4-a7fb-ac15b44a0c3a,PROLIFIC,11-Feb-2021 14:01:50,1173,46504,2cc23673-372f-49fc-9b15-d2081363d9eb,"I could say (a/an) smoke is warm, but I would most certainly not mean it literally.","I could say (a/an) anger is hot, but I would most certainly not mean it literally.
I could say (a/an) person is cold, but I would most certainly not mean it literally.
I could say (a/an) story is dark, but I would most certainly not mean it literally.","I could say (a/an) fire is hot, but I would most certainly not mean it literally.
I could say (a/an) stone is heavy, but I would most certainly not mean it literally.
I could say (a/an) argument is liquid, but I would most certainly not mean it literally.",5_scalar_heat-set_extension_full_range,https://app.prolific.co/submissions/complete?cc=135DD3C8,Agree or disagree (run5_scalar_heat-set_extension_full_range-experiment_scalar-batch1-70-70),409172,12d6caf7-4fbc-4456-8411-dfbe8cdccbec,2021-02-11 14:01:50,627.838,2021-02-11 12:52:40.305000,2021-02-11 13:03:08.143000,3.0,false,creative,warm,smoke,../data/prolific_output/run5_scalar_heat-group_scalar_heat/qu70-s_qu3-batch1.csv
qu70-s_qu3-batch1.csv-1,1,NOT AVAILABLE,NOT AVAILABLE,44d44641-22cf-456b-99ee-e83419d5c276,PROLIFIC,11-Feb-2021 14:06:53,1173,46504,2cc23673-372f-49fc-9b15-d2081363d9eb,"I could say (a/an) smoke is warm, but I would most certainly not mean it literally.","I could say (a/an) anger is hot, but I would most certainly not mean it literally.
I could say (a/an) person is cold, but I would most certainly not mean it literally.
I could say (a/an) story is dark, but I would most certainly not mean it literally.","I could say (a/an) fire is hot, but I would most certainly not mean it literally.
I could say (a/an) stone is heavy, but I would most certainly not mean it literally.
I could say (a/an) argument is liquid, but I would most certainly not mean it literally.",5_scalar_heat-set_extension_full_range,https://app.prolific.co/submissions/complete?cc=135DD3C8,Agree or disagree (run5_scalar_heat-set_extension_full_range-experiment_scalar-batch1-70-70),409252,5036463c-96ad-45fb-9f83-2df900cedeb9,2021-02-11 14:06:53,305.684,2021-02-11 13:05:35.161000,2021-02-11 13:10:40.845000,2.0,false,creative,warm,smoke,../data/prolific_output/run5_scalar_heat-group_scalar_heat/qu70-s_qu3-batch1.csv
qu70-s_qu3-batch1.csv-1,1,NOT AVAILABLE,NOT AVAILABLE,01eeb5d1-2a5f-45c4-ba39-ddbf24954839,PROLIFIC,11-Feb-2021 14:54:59,1173,46504,2cc23673-372f-49fc-9b15-d2081363d9eb,"I could say (a/an) smoke is warm, but I would most certainly not mean it literally.","I could say (a/an) anger is hot, but I would most certainly not mean it literally.
I could say (a/an) person is cold, but I would most certainly not mean it literally.
I could say (a/an) story is dark, but I would most certainly not mean it literally.","I could say (a/an) fire is hot, but I would most certainly not mean it literally.
I could say (a/an) stone is heavy, but I would most certainly not mean it literally.
I could say (a/an) argument is liquid, but I would most certainly not mean it literally.",5_scalar_heat-set_extension_full_range,https://app.prolific.co/submissions/complete?cc=135DD3C8,Agree or disagree (run5_scalar_heat-set_extension_full_range-experiment_scalar-batch1-70-70),410346,a5a34bea-e61e-446d-93b1-6a15b991aa02,2021-02-11 14:54:59,814.511,2021-02-11 13:43:15.871000,2021-02-11 13:56:50.382000,3.0,false,creative,warm,smoke,../data/prolific_output/run5_scalar_heat-group_scalar_heat/qu70-s_qu3-batch1.csv
qu70-s_qu3-batch1.csv-1,1,NOT AVAILABLE,NOT AVAILABLE,4d7f576e-160c-4416-8a0b-7548a4d8bb97,PROLIFIC,11-Feb-2021 14:19:37,1173,46504,2cc23673-372f-49fc-9b15-d2081363d9eb,"I could say (a/an) smoke is warm, but I would most certainly not mean it literally.","I could say (a/an) anger is hot, but I would most certainly not mean it literally.
I could say (a/an) person is cold, but I would most certainly not mean it literally.
I could say (a/an) story is dark, but I would most certainly not mean it literally.","I could say (a/an) fire is hot, but I would most certainly not mean it literally.
I could say (a/an) stone is heavy, but I would most certainly not mean it literally.
I could say (a/an) argument is liquid, but I would most certainly not mean it literally.",5_scalar_heat-set_extension_full_range,https://app.prolific.co/submissions/complete?cc=135DD3C8,Agree or disagree (run5_scalar_heat-set_extension_full_range-experiment_scalar-batch1-70-70),409758,6ceb98df-72a4-4905-948c-8e9c1280b7a9,2021-02-11 14:19:37,419.382,2021-02-11 13:13:40.482000,2021-02-11 13:20:39.864000,8.0,false,creative,warm,smoke,../data/prolific_output/run5_scalar_heat-group_scalar_heat/qu70-s_qu3-batch1.csv
qu70-s_qu3-batch1.csv-1,1,NOT AVAILABLE,NOT AVAILABLE,3c6e8c47-52b6-40dc-912b-32b6599fd0ce,PROLIFIC,11-Feb-2021 13:57:25,1173,46504,2cc23673-372f-49fc-9b15-d2081363d9eb,"I could say (a/an) smoke is warm, but I would most certainly not mean it literally.","I could say (a/an) anger is hot, but I would most certainly not mean it literally.
I could say (a/an) person is cold, but I would most certainly not mean it literally.
I could say (a/an) story is dark, but I would most certainly not mean it literally.","I could say (a/an) fire is hot, but I would most certainly not mean it literally.
I could say (a/an) stone is heavy, but I would most certainly not mean it literally.
I could say (a/an) argument is liquid, but I would most certainly not mean it literally.",5_scalar_heat-set_extension_full_range,https://app.prolific.co/submissions/complete?cc=135DD3C8,Agree or disagree (run5_scalar_heat-set_extension_full_range-experiment_scalar-batch1-70-70),409023,8c78bc61-8c69-4491-920d-a93310bbfa38,2021-02-11 13:57:25,756.898,2021-02-11 12:49:10.608000,2021-02-11 13:01:47.506000,7.0,false,creative,warm,smoke,../data/prolific_output/run5_scalar_heat-group_scalar_heat/qu70-s_qu3-batch1.csv
qu70-s_qu3-batch1.csv-1,1,NOT AVAILABLE,NOT AVAILABLE,df22a112-e62a-4607-8c70-d22a89b1a7d6,PROLIFIC,11-Feb-2021 14:39:07,1173,46504,2cc23673-372f-49fc-9b15-d2081363d9eb,"I could say (a/an) smoke is warm, but I would most certainly not mean it literally.","I could say (a/an) anger is hot, but I would most certainly not mean it literally.
I could say (a/an) person is cold, but I would most certainly not mean it literally.
I could say (a/an) story is dark, but I would most certainly not mean it literally.","I could say (a/an) fire is hot, but I would most certainly not mean it literally.
I could say (a/an) stone is heavy, but I would most certainly not mean it literally.
I could say (a/an) argument is liquid, but I would most certainly not mean it literally.",5_scalar_heat-set_extension_full_range,https://app.prolific.co/submissions/complete?cc=135DD3C8,Agree or disagree (run5_scalar_heat-set_extension_full_range-experiment_scalar-batch1-70-70),410083,4982a4b6-f041-45f1-be2b-556fc3e4eeea,2021-02-11 14:39:07,1418.922,2021-02-11 13:25:09.172000,2021-02-11 13:48:48.094000,5.0,true,creative,warm,smoke,../data/prolific_output/run5_scalar_heat-group_scalar_heat/qu70-s_qu3-batch1.csv
qu70-s_qu3-batch1.csv-1,1,NOT AVAILABLE,NOT AVAILABLE,ba2e5d60-1be5-4160-8883-d9dc1d2a590c,PROLIFIC,11-Feb-2021 14:58:52,1173,46504,2cc23673-372f-49fc-9b15-d2081363d9eb,"I could say (a/an) smoke is warm, but I would most certainly not mean it literally.","I could say (a/an) anger is hot, but I would most certainly not mean it literally.
I could say (a/an) person is cold, but I would most certainly not mean it literally.
I could say (a/an) story is dark, but I would most certainly not mean it literally.","I could say (a/an) fire is hot, but I would most certainly not mean it literally.
I could say (a/an) stone is heavy, but I would most certainly not mean it literally.
I could say (a/an) argument is liquid, but I would most certainly not mean it literally.",5_scalar_heat-set_extension_full_range,https://app.prolific.co/submissions/complete?cc=135DD3C8,Agree or disagree (run5_scalar_heat-set_extension_full_range-experiment_scalar-batch1-70-70),410421,1ac8ecd2-3da4-4bed-be2b-79f49cc5e7f7,2021-02-11 14:58:52,506.867,2021-02-11 13:55:38.597000,2021-02-11 14:04:05.464000,4.0,false,creative,warm,smoke,../data/prolific_output/run5_scalar_heat-group_scalar_heat/qu70-s_qu3-batch1.csv
qu70-s_qu3-batch1.csv-1,1,NOT AVAILABLE,NOT AVAILABLE,f2b79ec4-328b-4811-ad4e-e541da2cb058,PROLIFIC,11-Feb-2021 14:12:22,1173,46505,eee2f78d-315a-491e-90d7-020404bb63b4,"Usually, (a/an) fire is not hot, but there could be a highly unusual situation in which (a/an) fire is hot.","Usually, (a/an) pony is not blue, but there could be a highly unusual situation in which (a/an) pony is blue.","Usually, (a/an) razor is not sharp, but there could be a highly unusual situation in which (a/an) razor is sharp.",5_scalar_heat-set_extension_full_range,https://app.prolific.co/submissions/complete?cc=135DD3C8,Agree or disagree (run5_scalar_heat-set_extension_full_range-experiment_scalar-batch1-70-70),409438,c5af4022-fdb5-4aaa-823d-04ad3b34502d,2021-02-11 14:12:22,538.269,2021-02-11 13:10:15.124000,2021-02-11 13:19:13.393000,2.0,false,unusual,hot,fire,../data/prolific_output/run5_scalar_heat-group_scalar_heat/qu70-s_qu3-batch1.csv
qu70-s_qu3-batch1.csv-1,1,NOT AVAILABLE,NOT AVAILABLE,011937c5-478d-4bcd-af78-a9232b3a0158,PROLIFIC,11-Feb-2021 15:41:57,1173,46505,eee2f78d-315a-491e-90d7-020404bb63b4,"Usually, (a/an) fire is not hot, but there could be a highly unusual situation in which (a/an) fire is hot.","Usually, (a/an) pony is not blue, but there could be a highly unusual situation in which (a/an) pony is blue.","Usually, (a/an) razor is not sharp, but there could be a highly unusual situation in which (a/an) razor is sharp.",5_scalar_heat-set_extension_full_range,https://app.prolific.co/submissions/complete?cc=135DD3C8,Agree or disagree (run5_scalar_heat-set_extension_full_range-experiment_scalar-batch1-70-70),410659,cd933e89-29cf-4cff-b4d5-6afc0a230a4e,2021-02-11 15:41:57,1856.165,2021-02-11 14:14:37.373000,2021-02-11 14:45:33.538000,5.0,false,unusual,hot,fire,../data/prolific_output/run5_scalar_heat-group_scalar_heat/qu70-s_qu3-batch1.csv
qu70-s_qu3-batch1.csv-1,1,NOT AVAILABLE,NOT AVAILABLE,8713bc47-83eb-4eb4-a7fb-ac15b44a0c3a,PROLIFIC,11-Feb-2021 13:59:44,1173,46505,eee2f78d-315a-491e-90d7-020404bb63b4,"Usually, (a/an) fire is not hot, but there could be a highly unusual situation in which (a/an) fire is hot.","Usually, (a/an) pony is not blue, but there could be a highly unusual situation in which (a/an) pony is blue.","Usually, (a/an) razor is not sharp, but there could be a highly unusual situation in which (a/an) razor is sharp.",5_scalar_heat-set_extension_full_range,https://app.prolific.co/submissions/complete?cc=135DD3C8,Agree or disagree (run5_scalar_heat-set_extension_full_range-experiment_scalar-batch1-70-70),409121,dddc13a3-e648-4133-af2c-59f03fc2f995,2021-02-11 13:59:44,627.838,2021-02-11 12:52:40.305000,2021-02-11 13:03:08.143000,2.0,false,unusual,hot,fire,../data/prolific_output/run5_scalar_heat-group_scalar_heat/qu70-s_qu3-batch1.csv
qu70-s_qu3-batch1.csv-1,1,NOT AVAILABLE,NOT AVAILABLE,44d44641-22cf-456b-99ee-e83419d5c276,PROLIFIC,11-Feb-2021 14:09:23,1173,46505,eee2f78d-315a-491e-90d7-020404bb63b4,"Usually, (a/an) fire is not hot, but there could be a highly unusual situation in which (a/an) fire is hot.","Usually, (a/an) pony is not blue, but there could be a highly unusual situation in which (a/an) pony is blue.","Usually, (a/an) razor is not sharp, but there could be a highly unusual situation in which (a/an) razor is sharp.",5_scalar_heat-set_extension_full_range,https://app.prolific.co/submissions/complete?cc=135DD3C8,Agree or disagree (run5_scalar_heat-set_extension_full_range-experiment_scalar-batch1-70-70),409326,65f21d22-4c22-4bb9-9290-aad5b341218e,2021-02-11 14:09:23,305.684,2021-02-11 13:05:35.161000,2021-02-11 13:10:40.845000,4.0,false,unusual,hot,fire,../data/prolific_output/run5_scalar_heat-group_scalar_heat/qu70-s_qu3-batch1.csv
qu70-s_qu3-batch1.csv-1,1,NOT AVAILABLE,NOT AVAILABLE,01eeb5d1-2a5f-45c4-ba39-ddbf24954839,PROLIFIC,11-Feb-2021 14:55:09,1173,46505,eee2f78d-315a-491e-90d7-020404bb63b4,"Usually, (a/an) fire is not hot, but there could be a highly unusual situation in which (a/an) fire is hot.","Usually, (a/an) pony is not blue, but there could be a highly unusual situation in which (a/an) pony is blue.","Usually, (a/an) razor is not sharp, but there could be a highly unusual situation in which (a/an) razor is sharp.",5_scalar_heat-set_extension_full_range,https://app.prolific.co/submissions/complete?cc=135DD3C8,Agree or disagree (run5_scalar_heat-set_extension_full_range-experiment_scalar-batch1-70-70),410354,d1905b45-2ab0-49f4-84a9-c44a258d892e,2021-02-11 14:55:09,814.511,2021-02-11 13:43:15.871000,2021-02-11 13:56:50.382000,5.0,false,unusual,hot,fire,../data/prolific_output/run5_scalar_heat-group_scalar_heat/qu70-s_qu3-batch1.csv
qu70-s_qu3-batch1.csv-1,1,NOT AVAILABLE,NOT AVAILABLE,4d7f576e-160c-4416-8a0b-7548a4d8bb97,PROLIFIC,11-Feb-2021 14:20:20,1173,46505,eee2f78d-315a-491e-90d7-020404bb63b4,"Usually, (a/an) fire is not hot, but there could be a highly unusual situation in which (a/an) fire is hot.","Usually, (a/an) pony is not blue, but there could be a highly unusual situation in which (a/an) pony is blue.","Usually, (a/an) razor is not sharp, but there could be a highly unusual situation in which (a/an) razor is sharp.",5_scalar_heat-set_extension_full_range,https://app.prolific.co/submissions/complete?cc=135DD3C8,Agree or disagree (run5_scalar_heat-set_extension_full_range-experiment_scalar-batch1-70-70),409780,8fc7f115-a4a8-444d-887f-0e8b776253d4,2021-02-11 14:20:20,419.382,2021-02-11 13:13:40.482000,2021-02-11 13:20:39.864000,2.0,false,unusual,hot,fire,../data/prolific_output/run5_scalar_heat-group_scalar_heat/qu70-s_qu3-batch1.csv
qu70-s_qu3-batch1.csv-1,1,NOT AVAILABLE,NOT AVAILABLE,3c6e8c47-52b6-40dc-912b-32b6599fd0ce,PROLIFIC,11-Feb-2021 13:54:57,1173,46505,eee2f78d-315a-491e-90d7-020404bb63b4,"Usually, (a/an) fire is not hot, but there could be a highly unusual situation in which (a/an) fire is hot.","Usually, (a/an) pony is not blue, but there could be a highly unusual situation in which (a/an) pony is blue.","Usually, (a/an) razor is not sharp, but there could be a highly unusual situation in which (a/an) razor is sharp.",5_scalar_heat-set_extension_full_range,https://app.prolific.co/submissions/complete?cc=135DD3C8,Agree or disagree (run5_scalar_heat-set_extension_full_range-experiment_scalar-batch1-70-70),408925,77a25467-9de7-4dbd-b52c-d40f8ac675e9,2021-02-11 13:54:57,756.898,2021-02-11 12:49:10.608000,2021-02-11 13:01:47.506000,4.0,false,unusual,hot,fire,../data/prolific_output/run5_scalar_heat-group_scalar_heat/qu70-s_qu3-batch1.csv
qu70-s_qu3-batch1.csv-1,1,NOT AVAILABLE,NOT AVAILABLE,df22a112-e62a-4607-8c70-d22a89b1a7d6,PROLIFIC,11-Feb-2021 14:37:44,1173,46505,eee2f78d-315a-491e-90d7-020404bb63b4,"Usually, (a/an) fire is not hot, but there could be a highly unusual situation in which (a/an) fire is hot.","Usually, (a/an) pony is not blue, but there could be a highly unusual situation in which (a/an) pony is blue.","Usually, (a/an) razor is not sharp, but there could be a highly unusual situation in which (a/an) razor is sharp.",5_scalar_heat-set_extension_full_range,https://app.prolific.co/submissions/complete?cc=135DD3C8,Agree or disagree (run5_scalar_heat-set_extension_full_range-experiment_scalar-batch1-70-70),410068,e3489353-a492-460e-8a97-8c4f820e9fed,2021-02-11 14:37:44,1418.922,2021-02-11 13:25:09.172000,2021-02-11 13:48:48.094000,7.0,false,unusual,hot,fire,../data/prolific_output/run5_scalar_heat-group_scalar_heat/qu70-s_qu3-batch1.csv
qu70-s_qu3-batch1.csv-1,1,NOT AVAILABLE,NOT AVAILABLE,ba2e5d60-1be5-4160-8883-d9dc1d2a590c,PROLIFIC,11-Feb-2021 14:57:27,1173,46505,eee2f78d-315a-491e-90d7-020404bb63b4,"Usually, (a/an) fire is not hot, but there could be a highly unusual situation in which (a/an) fire is hot.","Usually, (a/an) pony is not blue, but there could be a highly unusual situation in which (a/an) pony is blue.","Usually, (a/an) razor is not sharp, but there could be a highly unusual situation in which (a/an) razor is sharp.",5_scalar_heat-set_extension_full_range,https://app.prolific.co/submissions/complete?cc=135DD3C8,Agree or disagree (run5_scalar_heat-set_extension_full_range-experiment_scalar-batch1-70-70),410401,cfa4789f-fd27-4725-bb22-68b2a31b0549,2021-02-11 14:57:27,506.867,2021-02-11 13:55:38.597000,2021-02-11 14:04:05.464000,3.0,false,unusual,hot,fire,../data/prolific_output/run5_scalar_heat-group_scalar_heat/qu70-s_qu3-batch1.csv
qu70-s_qu3-batch1.csv-1,1,NOT AVAILABLE,NOT AVAILABLE,f2b79ec4-328b-4811-ad4e-e541da2cb058,PROLIFIC,11-Feb-2021 14:18:19,1173,46506,cbb3ed03-826e-4c44-8806-1a3929cdc8e3,"I could say (a/an) fire is hot, but I would most certainly not mean it literally.","I could say (a/an) anger is hot, but I would most certainly not mean it literally.
I could say (a/an) person is cold, but I would most certainly not mean it literally.
I could say (a/an) story is dark, but I would most certainly not mean it literally.","I could say (a/an) fire is hot, but I would most certainly not mean it literally.
I could say (a/an) stone is heavy, but I would most certainly not mean it literally.
I could say (a/an) argument is liquid, but I would most certainly not mean it literally.",5_scalar_heat-set_extension_full_range,https://app.prolific.co/submissions/complete?cc=135DD3C8,Agree or disagree (run5_scalar_heat-set_extension_full_range-experiment_scalar-batch1-70-70),409700,1e1bc595-39e6-41f4-976a-78c9eb462c15,2021-02-11 14:18:19,538.269,2021-02-11 13:10:15.124000,2021-02-11 13:19:13.393000,2.0,false,creative,hot,fire,../data/prolific_output/run5_scalar_heat-group_scalar_heat/qu70-s_qu3-batch1.csv
qu70-s_qu3-batch1.csv-1,1,NOT AVAILABLE,NOT AVAILABLE,011937c5-478d-4bcd-af78-a9232b3a0158,PROLIFIC,11-Feb-2021 15:42:07,1173,46506,cbb3ed03-826e-4c44-8806-1a3929cdc8e3,"I could say (a/an) fire is hot, but I would most certainly not mean it literally.","I could say (a/an) anger is hot, but I would most certainly not mean it literally.
I could say (a/an) person is cold, but I would most certainly not mean it literally.
I could say (a/an) story is dark, but I would most certainly not mean it literally.","I could say (a/an) fire is hot, but I would most certainly not mean it literally.
I could say (a/an) stone is heavy, but I would most certainly not mean it literally.
I could say (a/an) argument is liquid, but I would most certainly not mean it literally.",5_scalar_heat-set_extension_full_range,https://app.prolific.co/submissions/complete?cc=135DD3C8,Agree or disagree (run5_scalar_heat-set_extension_full_range-experiment_scalar-batch1-70-70),410663,ab7c49c1-f6af-4fe3-9793-314bfd88067d,2021-02-11 15:42:07,1856.165,2021-02-11 14:14:37.373000,2021-02-11 14:45:33.538000,5.0,false,creative,hot,fire,../data/prolific_output/run5_scalar_heat-group_scalar_heat/qu70-s_qu3-batch1.csv
qu70-s_qu3-batch1.csv-1,1,NOT AVAILABLE,NOT AVAILABLE,8713bc47-83eb-4eb4-a7fb-ac15b44a0c3a,PROLIFIC,11-Feb-2021 13:58:56,1173,46506,cbb3ed03-826e-4c44-8806-1a3929cdc8e3,"I could say (a/an) fire is hot, but I would most certainly not mean it literally.","I could say (a/an) anger is hot, but I would most certainly not mean it literally.
I could say (a/an) person is cold, but I would most certainly not mean it literally.
I could say (a/an) story is dark, but I would most certainly not mean it literally.","I could say (a/an) fire is hot, but I would most certainly not mean it literally.
I could say (a/an) stone is heavy, but I would most certainly not mean it literally.
I could say (a/an) argument is liquid, but I would most certainly not mean it literally.",5_scalar_heat-set_extension_full_range,https://app.prolific.co/submissions/complete?cc=135DD3C8,Agree or disagree (run5_scalar_heat-set_extension_full_range-experiment_scalar-batch1-70-70),409092,f4b5786e-f451-4fcf-8dc3-b911a75fd4b2,2021-02-11 13:58:56,627.838,2021-02-11 12:52:40.305000,2021-02-11 13:03:08.143000,3.0,false,creative,hot,fire,../data/prolific_output/run5_scalar_heat-group_scalar_heat/qu70-s_qu3-batch1.csv
qu70-s_qu3-batch1.csv-1,1,NOT AVAILABLE,NOT AVAILABLE,44d44641-22cf-456b-99ee-e83419d5c276,PROLIFIC,11-Feb-2021 14:06:39,1173,46506,cbb3ed03-826e-4c44-8806-1a3929cdc8e3,"I could say (a/an) fire is hot, but I would most certainly not mean it literally.","I could say (a/an) anger is hot, but I would most certainly not mean it literally.
I could say (a/an) person is cold, but I would most certainly not mean it literally.
I could say (a/an) story is dark, but I would most certainly not mean it literally.","I could say (a/an) fire is hot, but I would most certainly not mean it literally.
I could say (a/an) stone is heavy, but I would most certainly not mean it literally.
I could say (a/an) argument is liquid, but I would most certainly not mean it literally.",5_scalar_heat-set_extension_full_range,https://app.prolific.co/submissions/complete?cc=135DD3C8,Agree or disagree (run5_scalar_heat-set_extension_full_range-experiment_scalar-batch1-70-70),409243,b5145976-51bb-4ed1-8ec1-890a306fcd59,2021-02-11 14:06:39,305.684,2021-02-11 13:05:35.161000,2021-02-11 13:10:40.845000,2.0,false,creative,hot,fire,../data/prolific_output/run5_scalar_heat-group_scalar_heat/qu70-s_qu3-batch1.csv
qu70-s_qu3-batch1.csv-1,1,NOT AVAILABLE,NOT AVAILABLE,01eeb5d1-2a5f-45c4-ba39-ddbf24954839,PROLIFIC,11-Feb-2021 14:46:00,1173,46506,cbb3ed03-826e-4c44-8806-1a3929cdc8e3,"I could say (a/an) fire is hot, but I would most certainly not mean it literally.","I could say (a/an) anger is hot, but I would most certainly not mean it literally.
I could say (a/an) person is cold, but I would most certainly not mean it literally.
I could say (a/an) story is dark, but I would most certainly not mean it literally.","I could say (a/an) fire is hot, but I would most certainly not mean it literally.
I could say (a/an) stone is heavy, but I would most certainly not mean it literally.
I could say (a/an) argument is liquid, but I would most certainly not mean it literally.",5_scalar_heat-set_extension_full_range,https://app.prolific.co/submissions/complete?cc=135DD3C8,Agree or disagree (run5_scalar_heat-set_extension_full_range-experiment_scalar-batch1-70-70),410147,ed4fedbe-c80c-4612-9d7e-ad1f2aa7d6dd,2021-02-11 14:46:00,814.511,2021-02-11 13:43:15.871000,2021-02-11 13:56:50.382000,14.0,false,creative,hot,fire,../data/prolific_output/run5_scalar_heat-group_scalar_heat/qu70-s_qu3-batch1.csv
qu70-s_qu3-batch1.csv-1,1,NOT AVAILABLE,NOT AVAILABLE,4d7f576e-160c-4416-8a0b-7548a4d8bb97,PROLIFIC,11-Feb-2021 14:14:08,1173,46506,cbb3ed03-826e-4c44-8806-1a3929cdc8e3,"I could say (a/an) fire is hot, but I would most certainly not mean it literally.","I could say (a/an) anger is hot, but I would most certainly not mean it literally.
I could say (a/an) person is cold, but I would most certainly not mean it literally.
I could say (a/an) story is dark, but I would most certainly not mean it literally.","I could say (a/an) fire is hot, but I would most certainly not mean it literally.
I could say (a/an) stone is heavy, but I would most certainly not mean it literally.
I could say (a/an) argument is liquid, but I would most certainly not mean it literally.",5_scalar_heat-set_extension_full_range,https://app.prolific.co/submissions/complete?cc=135DD3C8,Agree or disagree (run5_scalar_heat-set_extension_full_range-experiment_scalar-batch1-70-70),409498,6a9165b4-ab4f-4fbf-8080-ea8fc1dea27d,2021-02-11 14:14:08,419.382,2021-02-11 13:13:40.482000,2021-02-11 13:20:39.864000,4.0,false,creative,hot,fire,../data/prolific_output/run5_scalar_heat-group_scalar_heat/qu70-s_qu3-batch1.csv
qu70-s_qu3-batch1.csv-1,1,NOT AVAILABLE,NOT AVAILABLE,3c6e8c47-52b6-40dc-912b-32b6599fd0ce,PROLIFIC,11-Feb-2021 13:54:46,1173,46506,cbb3ed03-826e-4c44-8806-1a3929cdc8e3,"I could say (a/an) fire is hot, but I would most certainly not mean it literally.","I could say (a/an) anger is hot, but I would most certainly not mean it literally.
I could say (a/an) person is cold, but I would most certainly not mean it literally.
I could say (a/an) story is dark, but I would most certainly not mean it literally.","I could say (a/an) fire is hot, but I would most certainly not mean it literally.
I could say (a/an) stone is heavy, but I would most certainly not mean it literally.
I could say (a/an) argument is liquid, but I would most certainly not mean it literally.",5_scalar_heat-set_extension_full_range,https://app.prolific.co/submissions/complete?cc=135DD3C8,Agree or disagree (run5_scalar_heat-set_extension_full_range-experiment_scalar-batch1-70-70),408918,d565841a-fbad-4895-9f8d-de7844b590b6,2021-02-11 13:54:46,756.898,2021-02-11 12:49:10.608000,2021-02-11 13:01:47.506000,7.0,false,creative,hot,fire,../data/prolific_output/run5_scalar_heat-group_scalar_heat/qu70-s_qu3-batch1.csv
qu70-s_qu3-batch1.csv-1,1,NOT AVAILABLE,NOT AVAILABLE,df22a112-e62a-4607-8c70-d22a89b1a7d6,PROLIFIC,11-Feb-2021 14:26:54,1173,46506,cbb3ed03-826e-4c44-8806-1a3929cdc8e3,"I could say (a/an) fire is hot, but I would most certainly not mean it literally.","I could say (a/an) anger is hot, but I would most certainly not mean it literally.
I could say (a/an) person is cold, but I would most certainly not mean it literally.
I could say (a/an) story is dark, but I would most certainly not mean it literally.","I could say (a/an) fire is hot, but I would most certainly not mean it literally.
I could say (a/an) stone is heavy, but I would most certainly not mean it literally.
I could say (a/an) argument is liquid, but I would most certainly not mean it literally.",5_scalar_heat-set_extension_full_range,https://app.prolific.co/submissions/complete?cc=135DD3C8,Agree or disagree (run5_scalar_heat-set_extension_full_range-experiment_scalar-batch1-70-70),409868,9acc94d2-03e6-47e7-b83c-c7e76a123840,2021-02-11 14:26:54,1418.922,2021-02-11 13:25:09.172000,2021-02-11 13:48:48.094000,3.0,false,creative,hot,fire,../data/prolific_output/run5_scalar_heat-group_scalar_heat/qu70-s_qu3-batch1.csv
qu70-s_qu3-batch1.csv-1,1,NOT AVAILABLE,NOT AVAILABLE,ba2e5d60-1be5-4160-8883-d9dc1d2a590c,PROLIFIC,11-Feb-2021 14:55:51,1173,46506,cbb3ed03-826e-4c44-8806-1a3929cdc8e3,"I could say (a/an) fire is hot, but I would most certainly not mean it literally.","I could say (a/an) anger is hot, but I would most certainly not mean it literally.
I could say (a/an) person is cold, but I would most certainly not mean it literally.
I could say (a/an) story is dark, but I would most certainly not mean it literally.","I could say (a/an) fire is hot, but I would most certainly not mean it literally.
I could say (a/an) stone is heavy, but I would most certainly not mean it literally.
I could say (a/an) argument is liquid, but I would most certainly not mean it literally.",5_scalar_heat-set_extension_full_range,https://app.prolific.co/submissions/complete?cc=135DD3C8,Agree or disagree (run5_scalar_heat-set_extension_full_range-experiment_scalar-batch1-70-70),410370,24e94f5b-c330-48c3-9562-2ac6a9e70948,2021-02-11 14:55:51,506.867,2021-02-11 13:55:38.597000,2021-02-11 14:04:05.464000,12.403,false,creative,hot,fire,../data/prolific_output/run5_scalar_heat-group_scalar_heat/qu70-s_qu3-batch1.csv
qu70-s_qu3-batch1.csv-1,1,NOT AVAILABLE,NOT AVAILABLE,f2b79ec4-328b-4811-ad4e-e541da2cb058,PROLIFIC,11-Feb-2021 14:10:59,1173,46507,208e1486-23e5-488d-9c4f-5db00e32e84b,I think it is impossible for (a/an) fire to be hot.,I think it is impossible for (a/an) water to be dry.,I think it is impossible for (a/an) rose to be white.,5_scalar_heat-set_extension_full_range,https://app.prolific.co/submissions/complete?cc=135DD3C8,Agree or disagree (run5_scalar_heat-set_extension_full_range-experiment_scalar-batch1-70-70),409395,f0967102-aa14-47b9-be52-711e6fe07978,2021-02-11 14:10:59,538.269,2021-02-11 13:10:15.124000,2021-02-11 13:19:13.393000,3.0,false,impossible,hot,fire,../data/prolific_output/run5_scalar_heat-group_scalar_heat/qu70-s_qu3-batch1.csv
qu70-s_qu3-batch1.csv-1,1,NOT AVAILABLE,NOT AVAILABLE,011937c5-478d-4bcd-af78-a9232b3a0158,PROLIFIC,11-Feb-2021 15:34:02,1173,46507,208e1486-23e5-488d-9c4f-5db00e32e84b,I think it is impossible for (a/an) fire to be hot.,I think it is impossible for (a/an) water to be dry.,I think it is impossible for (a/an) rose to be white.,5_scalar_heat-set_extension_full_range,https://app.prolific.co/submissions/complete?cc=135DD3C8,Agree or disagree (run5_scalar_heat-set_extension_full_range-experiment_scalar-batch1-70-70),410636,b57bf956-8226-4d71-9d28-a21ec61e7a98,2021-02-11 15:34:02,1856.165,2021-02-11 14:14:37.373000,2021-02-11 14:45:33.538000,10.0,false,impossible,hot,fire,../data/prolific_output/run5_scalar_heat-group_scalar_heat/qu70-s_qu3-batch1.csv
qu70-s_qu3-batch1.csv-1,1,NOT AVAILABLE,NOT AVAILABLE,8713bc47-83eb-4eb4-a7fb-ac15b44a0c3a,PROLIFIC,11-Feb-2021 13:57:16,1173,46507,208e1486-23e5-488d-9c4f-5db00e32e84b,I think it is impossible for (a/an) fire to be hot.,I think it is impossible for (a/an) water to be dry.,I think it is impossible for (a/an) rose to be white.,5_scalar_heat-set_extension_full_range,https://app.prolific.co/submissions/complete?cc=135DD3C8,Agree or disagree (run5_scalar_heat-set_extension_full_range-experiment_scalar-batch1-70-70),409016,f342f577-2850-492e-b2d4-396debdd2945,2021-02-11 13:57:16,627.838,2021-02-11 12:52:40.305000,2021-02-11 13:03:08.143000,2.0,false,impossible,hot,fire,../data/prolific_output/run5_scalar_heat-group_scalar_heat/qu70-s_qu3-batch1.csv
qu70-s_qu3-batch1.csv-1,1,NOT AVAILABLE,NOT AVAILABLE,44d44641-22cf-456b-99ee-e83419d5c276,PROLIFIC,11-Feb-2021 14:06:55,1173,46507,208e1486-23e5-488d-9c4f-5db00e32e84b,I think it is impossible for (a/an) fire to be hot.,I think it is impossible for (a/an) water to be dry.,I think it is impossible for (a/an) rose to be white.,5_scalar_heat-set_extension_full_range,https://app.prolific.co/submissions/complete?cc=135DD3C8,Agree or disagree (run5_scalar_heat-set_extension_full_range-experiment_scalar-batch1-70-70),409254,0eb8744a-7229-4d30-8cf7-481693df7744,2021-02-11 14:06:55,305.684,2021-02-11 13:05:35.161000,2021-02-11 13:10:40.845000,2.0,false,impossible,hot,fire,../data/prolific_output/run5_scalar_heat-group_scalar_heat/qu70-s_qu3-batch1.csv
qu70-s_qu3-batch1.csv-1,1,NOT AVAILABLE,NOT AVAILABLE,01eeb5d1-2a5f-45c4-ba39-ddbf24954839,PROLIFIC,11-Feb-2021 14:54:39,1173,46507,208e1486-23e5-488d-9c4f-5db00e32e84b,I think it is impossible for (a/an) fire to be hot.,I think it is impossible for (a/an) water to be dry.,I think it is impossible for (a/an) rose to be white.,5_scalar_heat-set_extension_full_range,https://app.prolific.co/submissions/complete?cc=135DD3C8,Agree or disagree (run5_scalar_heat-set_extension_full_range-experiment_scalar-batch1-70-70),410327,ce7379dc-44f8-42ae-b080-4b67fe4796ea,2021-02-11 14:54:39,814.511,2021-02-11 13:43:15.871000,2021-02-11 13:56:50.382000,10.0,false,impossible,hot,fire,../data/prolific_output/run5_scalar_heat-group_scalar_heat/qu70-s_qu3-batch1.csv
qu70-s_qu3-batch1.csv-1,1,NOT AVAILABLE,NOT AVAILABLE,4d7f576e-160c-4416-8a0b-7548a4d8bb97,PROLIFIC,11-Feb-2021 14:20:14,1173,46507,208e1486-23e5-488d-9c4f-5db00e32e84b,I think it is impossible for (a/an) fire to be hot.,I think it is impossible for (a/an) water to be dry.,I think it is impossible for (a/an) rose to be white.,5_scalar_heat-set_extension_full_range,https://app.prolific.co/submissions/complete?cc=135DD3C8,Agree or disagree (run5_scalar_heat-set_extension_full_range-experiment_scalar-batch1-70-70),409777,c6992c8a-8aa0-4830-ae7b-66408198e0c5,2021-02-11 14:20:14,419.382,2021-02-11 13:13:40.482000,2021-02-11 13:20:39.864000,3.0,false,impossible,hot,fire,../data/prolific_output/run5_scalar_heat-group_scalar_heat/qu70-s_qu3-batch1.csv
qu70-s_qu3-batch1.csv-1,1,NOT AVAILABLE,NOT AVAILABLE,3c6e8c47-52b6-40dc-912b-32b6599fd0ce,PROLIFIC,11-Feb-2021 14:00:45,1173,46507,208e1486-23e5-488d-9c4f-5db00e32e84b,I think it is impossible for (a/an) fire to be hot.,I think it is impossible for (a/an) water to be dry.,I think it is impossible for (a/an) rose to be white.,5_scalar_heat-set_extension_full_range,https://app.prolific.co/submissions/complete?cc=135DD3C8,Agree or disagree (run5_scalar_heat-set_extension_full_range-experiment_scalar-batch1-70-70),409144,155dcdc2-c94c-4675-8cf3-3c9471996ad5,2021-02-11 14:00:45,756.898,2021-02-11 12:49:10.608000,2021-02-11 13:01:47.506000,2.0,false,impossible,hot,fire,../data/prolific_output/run5_scalar_heat-group_scalar_heat/qu70-s_qu3-batch1.csv
qu70-s_qu3-batch1.csv-1,1,NOT AVAILABLE,NOT AVAILABLE,df22a112-e62a-4607-8c70-d22a89b1a7d6,PROLIFIC,11-Feb-2021 14:27:52,1173,46507,208e1486-23e5-488d-9c4f-5db00e32e84b,I think it is impossible for (a/an) fire to be hot.,I think it is impossible for (a/an) water to be dry.,I think it is impossible for (a/an) rose to be white.,5_scalar_heat-set_extension_full_range,https://app.prolific.co/submissions/complete?cc=135DD3C8,Agree or disagree (run5_scalar_heat-set_extension_full_range-experiment_scalar-batch1-70-70),409878,c66413bb-0317-4234-8ba4-a9199a05a753,2021-02-11 14:27:52,1418.922,2021-02-11 13:25:09.172000,2021-02-11 13:48:48.094000,5.0,false,impossible,hot,fire,../data/prolific_output/run5_scalar_heat-group_scalar_heat/qu70-s_qu3-batch1.csv
qu70-s_qu3-batch1.csv-1,1,NOT AVAILABLE,NOT AVAILABLE,ba2e5d60-1be5-4160-8883-d9dc1d2a590c,PROLIFIC,11-Feb-2021 14:59:34,1173,46507,208e1486-23e5-488d-9c4f-5db00e32e84b,I think it is impossible for (a/an) fire to be hot.,I think it is impossible for (a/an) water to be dry.,I think it is impossible for (a/an) rose to be white.,5_scalar_heat-set_extension_full_range,https://app.prolific.co/submissions/complete?cc=135DD3C8,Agree or disagree (run5_scalar_heat-set_extension_full_range-experiment_scalar-batch1-70-70),410429,36fad676-9a3b-47a7-b1d6-eebee694f4b3,2021-02-11 14:59:34,506.867,2021-02-11 13:55:38.597000,2021-02-11 14:04:05.464000,3.0,false,impossible,hot,fire,../data/prolific_output/run5_scalar_heat-group_scalar_heat/qu70-s_qu3-batch1.csv
qu70-s_qu3-batch1.csv-1,1,NOT AVAILABLE,NOT AVAILABLE,f2b79ec4-328b-4811-ad4e-e541da2cb058,PROLIFIC,11-Feb-2021 14:14:54,1173,46508,4034c073-a1a5-42c6-a46e-aab29d049bd2,"I think (a/an) fire can be hot, but this is rare or uncommon.","I think (a/an) cake can be spicy, but this is rare or uncommon.","I think (a/an) window can be transparent, but this is rare or uncommon.",5_scalar_heat-set_extension_full_range,https://app.prolific.co/submissions/complete?cc=135DD3C8,Agree or disagree (run5_scalar_heat-set_extension_full_range-experiment_scalar-batch1-70-70),409526,48a2ebd4-a301-4513-8dfc-4cf407b2096b,2021-02-11 14:14:54,538.269,2021-02-11 13:10:15.124000,2021-02-11 13:19:13.393000,2.0,false,rare,hot,fire,../data/prolific_output/run5_scalar_heat-group_scalar_heat/qu70-s_qu3-batch1.csv
qu70-s_qu3-batch1.csv-1,1,NOT AVAILABLE,NOT AVAILABLE,011937c5-478d-4bcd-af78-a9232b3a0158,PROLIFIC,11-Feb-2021 15:44:56,1173,46508,4034c073-a1a5-42c6-a46e-aab29d049bd2,"I think (a/an) fire can be hot, but this is rare or uncommon.","I think (a/an) cake can be spicy, but this is rare or uncommon.","I think (a/an) window can be transparent, but this is rare or uncommon.",5_scalar_heat-set_extension_full_range,https://app.prolific.co/submissions/complete?cc=135DD3C8,Agree or disagree (run5_scalar_heat-set_extension_full_range-experiment_scalar-batch1-70-70),410698,8f045e47-2c76-4a40-a279-9a9d4ad861b6,2021-02-11 15:44:56,1856.165,2021-02-11 14:14:37.373000,2021-02-11 14:45:33.538000,2.0,false,rare,hot,fire,../data/prolific_output/run5_scalar_heat-group_scalar_heat/qu70-s_qu3-batch1.csv
qu70-s_qu3-batch1.csv-1,1,NOT AVAILABLE,NOT AVAILABLE,8713bc47-83eb-4eb4-a7fb-ac15b44a0c3a,PROLIFIC,11-Feb-2021 13:56:28,1173,46508,4034c073-a1a5-42c6-a46e-aab29d049bd2,"I think (a/an) fire can be hot, but this is rare or uncommon.","I think (a/an) cake can be spicy, but this is rare or uncommon.","I think (a/an) window can be transparent, but this is rare or uncommon.",5_scalar_heat-set_extension_full_range,https://app.prolific.co/submissions/complete?cc=135DD3C8,Agree or disagree (run5_scalar_heat-set_extension_full_range-experiment_scalar-batch1-70-70),408986,dab135d6-887d-45b6-ba94-ef9370508c70,2021-02-11 13:56:28,627.838,2021-02-11 12:52:40.305000,2021-02-11 13:03:08.143000,2.0,false,rare,hot,fire,../data/prolific_output/run5_scalar_heat-group_scalar_heat/qu70-s_qu3-batch1.csv
qu70-s_qu3-batch1.csv-1,1,NOT AVAILABLE,NOT AVAILABLE,44d44641-22cf-456b-99ee-e83419d5c276,PROLIFIC,11-Feb-2021 14:07:08,1173,46508,4034c073-a1a5-42c6-a46e-aab29d049bd2,"I think (a/an) fire can be hot, but this is rare or uncommon.","I think (a/an) cake can be spicy, but this is rare or uncommon.","I think (a/an) window can be transparent, but this is rare or uncommon.",5_scalar_heat-set_extension_full_range,https://app.prolific.co/submissions/complete?cc=135DD3C8,Agree or disagree (run5_scalar_heat-set_extension_full_range-experiment_scalar-batch1-70-70),409258,174583b2-ae85-40f7-bced-54efa946c126,2021-02-11 14:07:08,305.684,2021-02-11 13:05:35.161000,2021-02-11 13:10:40.845000,2.0,false,rare,hot,fire,../data/prolific_output/run5_scalar_heat-group_scalar_heat/qu70-s_qu3-batch1.csv
qu70-s_qu3-batch1.csv-1,1,NOT AVAILABLE,NOT AVAILABLE,01eeb5d1-2a5f-45c4-ba39-ddbf24954839,PROLIFIC,11-Feb-2021 14:56:44,1173,46508,4034c073-a1a5-42c6-a46e-aab29d049bd2,"I think (a/an) fire can be hot, but this is rare or uncommon.","I think (a/an) cake can be spicy, but this is rare or uncommon.","I think (a/an) window can be transparent, but this is rare or uncommon.",5_scalar_heat-set_extension_full_range,https://app.prolific.co/submissions/complete?cc=135DD3C8,Agree or disagree (run5_scalar_heat-set_extension_full_range-experiment_scalar-batch1-70-70),410388,a7abf6e0-12af-40b0-acab-0feca75b686a,2021-02-11 14:56:44,814.511,2021-02-11 13:43:15.871000,2021-02-11 13:56:50.382000,9.382,false,rare,hot,fire,../data/prolific_output/run5_scalar_heat-group_scalar_heat/qu70-s_qu3-batch1.csv
qu70-s_qu3-batch1.csv-1,1,NOT AVAILABLE,NOT AVAILABLE,4d7f576e-160c-4416-8a0b-7548a4d8bb97,PROLIFIC,11-Feb-2021 14:17:45,1173,46508,4034c073-a1a5-42c6-a46e-aab29d049bd2,"I think (a/an) fire can be hot, but this is rare or uncommon.","I think (a/an) cake can be spicy, but this is rare or uncommon.","I think (a/an) window can be transparent, but this is rare or uncommon.",5_scalar_heat-set_extension_full_range,https://app.prolific.co/submissions/complete?cc=135DD3C8,Agree or disagree (run5_scalar_heat-set_extension_full_range-experiment_scalar-batch1-70-70),409668,204eb294-7266-4ec4-95c7-d0e95e6ccde0,2021-02-11 14:17:45,419.382,2021-02-11 13:13:40.482000,2021-02-11 13:20:39.864000,2.0,false,rare,hot,fire,../data/prolific_output/run5_scalar_heat-group_scalar_heat/qu70-s_qu3-batch1.csv
qu70-s_qu3-batch1.csv-1,1,NOT AVAILABLE,NOT AVAILABLE,3c6e8c47-52b6-40dc-912b-32b6599fd0ce,PROLIFIC,11-Feb-2021 13:55:05,1173,46508,4034c073-a1a5-42c6-a46e-aab29d049bd2,"I think (a/an) fire can be hot, but this is rare or uncommon.","I think (a/an) cake can be spicy, but this is rare or uncommon.","I think (a/an) window can be transparent, but this is rare or uncommon.",5_scalar_heat-set_extension_full_range,https://app.prolific.co/submissions/complete?cc=135DD3C8,Agree or disagree (run5_scalar_heat-set_extension_full_range-experiment_scalar-batch1-70-70),408931,dcba4625-f90f-44e5-a8bb-8455ae269a07,2021-02-11 13:55:05,756.898,2021-02-11 12:49:10.608000,2021-02-11 13:01:47.506000,4.0,false,rare,hot,fire,../data/prolific_output/run5_scalar_heat-group_scalar_heat/qu70-s_qu3-batch1.csv
qu70-s_qu3-batch1.csv-1,1,NOT AVAILABLE,NOT AVAILABLE,df22a112-e62a-4607-8c70-d22a89b1a7d6,PROLIFIC,11-Feb-2021 14:28:08,1173,46508,4034c073-a1a5-42c6-a46e-aab29d049bd2,"I think (a/an) fire can be hot, but this is rare or uncommon.","I think (a/an) cake can be spicy, but this is rare or uncommon.","I think (a/an) window can be transparent, but this is rare or uncommon.",5_scalar_heat-set_extension_full_range,https://app.prolific.co/submissions/complete?cc=135DD3C8,Agree or disagree (run5_scalar_heat-set_extension_full_range-experiment_scalar-batch1-70-70),409881,38d8973c-9ff9-4301-8e7e-2ccf6584ecbc,2021-02-11 14:28:08,1418.922,2021-02-11 13:25:09.172000,2021-02-11 13:48:48.094000,16.0,false,rare,hot,fire,../data/prolific_output/run5_scalar_heat-group_scalar_heat/qu70-s_qu3-batch1.csv
qu70-s_qu3-batch1.csv-1,1,NOT AVAILABLE,NOT AVAILABLE,ba2e5d60-1be5-4160-8883-d9dc1d2a590c,PROLIFIC,11-Feb-2021 15:00:12,1173,46508,4034c073-a1a5-42c6-a46e-aab29d049bd2,"I think (a/an) fire can be hot, but this is rare or uncommon.","I think (a/an) cake can be spicy, but this is rare or uncommon.","I think (a/an) window can be transparent, but this is rare or uncommon.",5_scalar_heat-set_extension_full_range,https://app.prolific.co/submissions/complete?cc=135DD3C8,Agree or disagree (run5_scalar_heat-set_extension_full_range-experiment_scalar-batch1-70-70),410439,1afa7488-a37e-4822-bc99-9ba81419cf8b,2021-02-11 15:00:12,506.867,2021-02-11 13:55:38.597000,2021-02-11 14:04:05.464000,3.0,false,rare,hot,fire,../data/prolific_output/run5_scalar_heat-group_scalar_heat/qu70-s_qu3-batch1.csv
qu70-s_qu3-batch1.csv-1,1,NOT AVAILABLE,NOT AVAILABLE,f2b79ec4-328b-4811-ad4e-e541da2cb058,PROLIFIC,11-Feb-2021 14:18:17,1173,46509,test15_false,I think it is impossible for (a/an) siren to be loud.,I think it is impossible for (a/an) steam to be solid.,I think it is impossible for (a/an) flame to be orange.,5_scalar_heat-set_extension_full_range,https://app.prolific.co/submissions/complete?cc=135DD3C8,Agree or disagree (run5_scalar_heat-set_extension_full_range-experiment_scalar-batch1-70-70),409698,211d4106-3873-4f29-aec5-0312354c5d2c,2021-02-11 14:18:17,538.269,2021-02-11 13:10:15.124000,2021-02-11 13:19:13.393000,4.0,false,impossible,loud,siren,../data/prolific_output/run5_scalar_heat-group_scalar_heat/qu70-s_qu3-batch1.csv
qu70-s_qu3-batch1.csv-1,1,NOT AVAILABLE,NOT AVAILABLE,011937c5-478d-4bcd-af78-a9232b3a0158,PROLIFIC,11-Feb-2021 15:41:52,1173,46509,test15_false,I think it is impossible for (a/an) siren to be loud.,I think it is impossible for (a/an) steam to be solid.,I think it is impossible for (a/an) flame to be orange.,5_scalar_heat-set_extension_full_range,https://app.prolific.co/submissions/complete?cc=135DD3C8,Agree or disagree (run5_scalar_heat-set_extension_full_range-experiment_scalar-batch1-70-70),410658,22eb8556-244b-43c3-bc88-828e7c3e6a4c,2021-02-11 15:41:52,1856.165,2021-02-11 14:14:37.373000,2021-02-11 14:45:33.538000,2.0,false,impossible,loud,siren,../data/prolific_output/run5_scalar_heat-group_scalar_heat/qu70-s_qu3-batch1.csv
qu70-s_qu3-batch1.csv-1,1,NOT AVAILABLE,NOT AVAILABLE,8713bc47-83eb-4eb4-a7fb-ac15b44a0c3a,PROLIFIC,11-Feb-2021 13:57:57,1173,46509,test15_false,I think it is impossible for (a/an) siren to be loud.,I think it is impossible for (a/an) steam to be solid.,I think it is impossible for (a/an) flame to be orange.,5_scalar_heat-set_extension_full_range,https://app.prolific.co/submissions/complete?cc=135DD3C8,Agree or disagree (run5_scalar_heat-set_extension_full_range-experiment_scalar-batch1-70-70),409049,8406e1c8-9a63-47ac-b844-327aa4eb6b65,2021-02-11 13:57:57,627.838,2021-02-11 12:52:40.305000,2021-02-11 13:03:08.143000,3.0,false,impossible,loud,siren,../data/prolific_output/run5_scalar_heat-group_scalar_heat/qu70-s_qu3-batch1.csv
qu70-s_qu3-batch1.csv-1,1,NOT AVAILABLE,NOT AVAILABLE,44d44641-22cf-456b-99ee-e83419d5c276,PROLIFIC,11-Feb-2021 14:06:51,1173,46509,test15_false,I think it is impossible for (a/an) siren to be loud.,I think it is impossible for (a/an) steam to be solid.,I think it is impossible for (a/an) flame to be orange.,5_scalar_heat-set_extension_full_range,https://app.prolific.co/submissions/complete?cc=135DD3C8,Agree or disagree (run5_scalar_heat-set_extension_full_range-experiment_scalar-batch1-70-70),409251,f120a10d-86c9-4ed4-b807-2bb713b51451,2021-02-11 14:06:51,305.684,2021-02-11 13:05:35.161000,2021-02-11 13:10:40.845000,3.0,false,impossible,loud,siren,../data/prolific_output/run5_scalar_heat-group_scalar_heat/qu70-s_qu3-batch1.csv
qu70-s_qu3-batch1.csv-1,1,NOT AVAILABLE,NOT AVAILABLE,01eeb5d1-2a5f-45c4-ba39-ddbf24954839,PROLIFIC,11-Feb-2021 14:55:21,1173,46509,test15_false,I think it is impossible for (a/an) siren to be loud.,I think it is impossible for (a/an) steam to be solid.,I think it is impossible for (a/an) flame to be orange.,5_scalar_heat-set_extension_full_range,https://app.prolific.co/submissions/complete?cc=135DD3C8,Agree or disagree (run5_scalar_heat-set_extension_full_range-experiment_scalar-batch1-70-70),410362,950c91de-ff55-46fe-bd9d-7c3e70bd1ce6,2021-02-11 14:55:21,814.511,2021-02-11 13:43:15.871000,2021-02-11 13:56:50.382000,3.0,false,impossible,loud,siren,../data/prolific_output/run5_scalar_heat-group_scalar_heat/qu70-s_qu3-batch1.csv
qu70-s_qu3-batch1.csv-1,1,NOT AVAILABLE,NOT AVAILABLE,4d7f576e-160c-4416-8a0b-7548a4d8bb97,PROLIFIC,11-Feb-2021 14:17:47,1173,46509,test15_false,I think it is impossible for (a/an) siren to be loud.,I think it is impossible for (a/an) steam to be solid.,I think it is impossible for (a/an) flame to be orange.,5_scalar_heat-set_extension_full_range,https://app.prolific.co/submissions/complete?cc=135DD3C8,Agree or disagree (run5_scalar_heat-set_extension_full_range-experiment_scalar-batch1-70-70),409669,5ba7d632-bf02-4c2c-b62b-609b99fac429,2021-02-11 14:17:47,419.382,2021-02-11 13:13:40.482000,2021-02-11 13:20:39.864000,2.0,false,impossible,loud,siren,../data/prolific_output/run5_scalar_heat-group_scalar_heat/qu70-s_qu3-batch1.csv
qu70-s_qu3-batch1.csv-1,1,NOT AVAILABLE,NOT AVAILABLE,3c6e8c47-52b6-40dc-912b-32b6599fd0ce,PROLIFIC,11-Feb-2021 13:57:12,1173,46509,test15_false,I think it is impossible for (a/an) siren to be loud.,I think it is impossible for (a/an) steam to be solid.,I think it is impossible for (a/an) flame to be orange.,5_scalar_heat-set_extension_full_range,https://app.prolific.co/submissions/complete?cc=135DD3C8,Agree or disagree (run5_scalar_heat-set_extension_full_range-experiment_scalar-batch1-70-70),409013,673a286f-04d7-403a-a777-31bc5725876f,2021-02-11 13:57:12,756.898,2021-02-11 12:49:10.608000,2021-02-11 13:01:47.506000,4.0,false,impossible,loud,siren,../data/prolific_output/run5_scalar_heat-group_scalar_heat/qu70-s_qu3-batch1.csv
qu70-s_qu3-batch1.csv-1,1,NOT AVAILABLE,NOT AVAILABLE,df22a112-e62a-4607-8c70-d22a89b1a7d6,PROLIFIC,11-Feb-2021 14:34:01,1173,46509,test15_false,I think it is impossible for (a/an) siren to be loud.,I think it is impossible for (a/an) steam to be solid.,I think it is impossible for (a/an) flame to be orange.,5_scalar_heat-set_extension_full_range,https://app.prolific.co/submissions/complete?cc=135DD3C8,Agree or disagree (run5_scalar_heat-set_extension_full_range-experiment_scalar-batch1-70-70),410032,fb659bab-93bd-45a1-a330-e90955a66fc1,2021-02-11 14:34:01,1418.922,2021-02-11 13:25:09.172000,2021-02-11 13:48:48.094000,9.0,false,impossible,loud,siren,../data/prolific_output/run5_scalar_heat-group_scalar_heat/qu70-s_qu3-batch1.csv
qu70-s_qu3-batch1.csv-1,1,NOT AVAILABLE,NOT AVAILABLE,ba2e5d60-1be5-4160-8883-d9dc1d2a590c,PROLIFIC,11-Feb-2021 15:02:59,1173,46509,test15_false,I think it is impossible for (a/an) siren to be loud.,I think it is impossible for (a/an) steam to be solid.,I think it is impossible for (a/an) flame to be orange.,5_scalar_heat-set_extension_full_range,https://app.prolific.co/submissions/complete?cc=135DD3C8,Agree or disagree (run5_scalar_heat-set_extension_full_range-experiment_scalar-batch1-70-70),410476,ae9a6677-494a-45ae-8e52-b6dc971ee77c,2021-02-11 15:02:59,506.867,2021-02-11 13:55:38.597000,2021-02-11 14:04:05.464000,3.0,false,impossible,loud,siren,../data/prolific_output/run5_scalar_heat-group_scalar_heat/qu70-s_qu3-batch1.csv
qu70-s_qu3-batch1.csv-1,1,NOT AVAILABLE,NOT AVAILABLE,f2b79ec4-328b-4811-ad4e-e541da2cb058,PROLIFIC,11-Feb-2021 14:10:44,1173,46510,test4_true,``Liquid'' is one for the first things which come to mind when I hear ``water' because liquid is one of the typical states of (a/an) water'.,``Bitter'' is one for the first things which come to mind when I hear ``coffee' because bitter is one of the typical tastes of (a/an) coffee'.,``Salty'' is one for the first things which come to mind when I hear ``beer' because salty is one of the typical tastes of (a/an) beer'.,5_scalar_heat-set_extension_full_range,https://app.prolific.co/submissions/complete?cc=135DD3C8,Agree or disagree (run5_scalar_heat-set_extension_full_range-experiment_scalar-batch1-70-70),409387,968e647e-47a2-46dd-98d0-1f0986cdcb6b,2021-02-11 14:10:44,538.269,2021-02-11 13:10:15.124000,2021-02-11 13:19:13.393000,3.0,true,typical_of_concept,liquid,water,../data/prolific_output/run5_scalar_heat-group_scalar_heat/qu70-s_qu3-batch1.csv
qu70-s_qu3-batch1.csv-1,1,NOT AVAILABLE,NOT AVAILABLE,011937c5-478d-4bcd-af78-a9232b3a0158,PROLIFIC,11-Feb-2021 15:43:11,1173,46510,test4_true,``Liquid'' is one for the first things which come to mind when I hear ``water' because liquid is one of the typical states of (a/an) water'.,``Bitter'' is one for the first things which come to mind when I hear ``coffee' because bitter is one of the typical tastes of (a/an) coffee'.,``Salty'' is one for the first things which come to mind when I hear ``beer' because salty is one of the typical tastes of (a/an) beer'.,5_scalar_heat-set_extension_full_range,https://app.prolific.co/submissions/complete?cc=135DD3C8,Agree or disagree (run5_scalar_heat-set_extension_full_range-experiment_scalar-batch1-70-70),410673,fea76080-c48b-4d06-97dc-44aa16f8992a,2021-02-11 15:43:11,1856.165,2021-02-11 14:14:37.373000,2021-02-11 14:45:33.538000,2.0,true,typical_of_concept,liquid,water,../data/prolific_output/run5_scalar_heat-group_scalar_heat/qu70-s_qu3-batch1.csv
qu70-s_qu3-batch1.csv-1,1,NOT AVAILABLE,NOT AVAILABLE,8713bc47-83eb-4eb4-a7fb-ac15b44a0c3a,PROLIFIC,11-Feb-2021 13:56:17,1173,46510,test4_true,``Liquid'' is one for the first things which come to mind when I hear ``water' because liquid is one of the typical states of (a/an) water'.,``Bitter'' is one for the first things which come to mind when I hear ``coffee' because bitter is one of the typical tastes of (a/an) coffee'.,``Salty'' is one for the first things which come to mind when I hear ``beer' because salty is one of the typical tastes of (a/an) beer'.,5_scalar_heat-set_extension_full_range,https://app.prolific.co/submissions/complete?cc=135DD3C8,Agree or disagree (run5_scalar_heat-set_extension_full_range-experiment_scalar-batch1-70-70),408980,bd843851-fd51-4a6e-b7e1-d1802999271b,2021-02-11 13:56:17,627.838,2021-02-11 12:52:40.305000,2021-02-11 13:03:08.143000,4.0,true,typical_of_concept,liquid,water,../data/prolific_output/run5_scalar_heat-group_scalar_heat/qu70-s_qu3-batch1.csv
qu70-s_qu3-batch1.csv-1,1,NOT AVAILABLE,NOT AVAILABLE,44d44641-22cf-456b-99ee-e83419d5c276,PROLIFIC,11-Feb-2021 14:08:45,1173,46510,test4_true,``Liquid'' is one for the first things which come to mind when I hear ``water' because liquid is one of the typical states of (a/an) water'.,``Bitter'' is one for the first things which come to mind when I hear ``coffee' because bitter is one of the typical tastes of (a/an) coffee'.,``Salty'' is one for the first things which come to mind when I hear ``beer' because salty is one of the typical tastes of (a/an) beer'.,5_scalar_heat-set_extension_full_range,https://app.prolific.co/submissions/complete?cc=135DD3C8,Agree or disagree (run5_scalar_heat-set_extension_full_range-experiment_scalar-batch1-70-70),409300,f880e3ba-a375-435d-a78a-0f30330b36a5,2021-02-11 14:08:45,305.684,2021-02-11 13:05:35.161000,2021-02-11 13:10:40.845000,3.0,true,typical_of_concept,liquid,water,../data/prolific_output/run5_scalar_heat-group_scalar_heat/qu70-s_qu3-batch1.csv
qu70-s_qu3-batch1.csv-1,1,NOT AVAILABLE,NOT AVAILABLE,01eeb5d1-2a5f-45c4-ba39-ddbf24954839,PROLIFIC,11-Feb-2021 14:50:09,1173,46510,test4_true,``Liquid'' is one for the first things which come to mind when I hear ``water' because liquid is one of the typical states of (a/an) water'.,``Bitter'' is one for the first things which come to mind when I hear ``coffee' because bitter is one of the typical tastes of (a/an) coffee'.,``Salty'' is one for the first things which come to mind when I hear ``beer' because salty is one of the typical tastes of (a/an) beer'.,5_scalar_heat-set_extension_full_range,https://app.prolific.co/submissions/complete?cc=135DD3C8,Agree or disagree (run5_scalar_heat-set_extension_full_range-experiment_scalar-batch1-70-70),410233,924059da-7132-4b3f-81fd-e04a031d0f96,2021-02-11 14:50:09,814.511,2021-02-11 13:43:15.871000,2021-02-11 13:56:50.382000,4.0,true,typical_of_concept,liquid,water,../data/prolific_output/run5_scalar_heat-group_scalar_heat/qu70-s_qu3-batch1.csv
qu70-s_qu3-batch1.csv-1,1,NOT AVAILABLE,NOT AVAILABLE,4d7f576e-160c-4416-8a0b-7548a4d8bb97,PROLIFIC,11-Feb-2021 14:14:23,1173,46510,test4_true,``Liquid'' is one for the first things which come to mind when I hear ``water' because liquid is one of the typical states of (a/an) water'.,``Bitter'' is one for the first things which come to mind when I hear ``coffee' because bitter is one of the typical tastes of (a/an) coffee'.,``Salty'' is one for the first things which come to mind when I hear ``beer' because salty is one of the typical tastes of (a/an) beer'.,5_scalar_heat-set_extension_full_range,https://app.prolific.co/submissions/complete?cc=135DD3C8,Agree or disagree (run5_scalar_heat-set_extension_full_range-experiment_scalar-batch1-70-70),409506,3a18b79e-d255-420b-96c2-74e763b4aa80,2021-02-11 14:14:23,419.382,2021-02-11 13:13:40.482000,2021-02-11 13:20:39.864000,4.0,true,typical_of_concept,liquid,water,../data/prolific_output/run5_scalar_heat-group_scalar_heat/qu70-s_qu3-batch1.csv
qu70-s_qu3-batch1.csv-1,1,NOT AVAILABLE,NOT AVAILABLE,3c6e8c47-52b6-40dc-912b-32b6599fd0ce,PROLIFIC,11-Feb-2021 13:59:00,1173,46510,test4_true,``Liquid'' is one for the first things which come to mind when I hear ``water' because liquid is one of the typical states of (a/an) water'.,``Bitter'' is one for the first things which come to mind when I hear ``coffee' because bitter is one of the typical tastes of (a/an) coffee'.,``Salty'' is one for the first things which come to mind when I hear ``beer' because salty is one of the typical tastes of (a/an) beer'.,5_scalar_heat-set_extension_full_range,https://app.prolific.co/submissions/complete?cc=135DD3C8,Agree or disagree (run5_scalar_heat-set_extension_full_range-experiment_scalar-batch1-70-70),409093,c943b9f5-a5b5-4f4b-8047-d462bf3170cc,2021-02-11 13:59:00,756.898,2021-02-11 12:49:10.608000,2021-02-11 13:01:47.506000,6.0,true,typical_of_concept,liquid,water,../data/prolific_output/run5_scalar_heat-group_scalar_heat/qu70-s_qu3-batch1.csv
qu70-s_qu3-batch1.csv-1,1,NOT AVAILABLE,NOT AVAILABLE,df22a112-e62a-4607-8c70-d22a89b1a7d6,PROLIFIC,11-Feb-2021 14:47:02,1173,46510,test4_true,``Liquid'' is one for the first things which come to mind when I hear ``water' because liquid is one of the typical states of (a/an) water'.,``Bitter'' is one for the first things which come to mind when I hear ``coffee' because bitter is one of the typical tastes of (a/an) coffee'.,``Salty'' is one for the first things which come to mind when I hear ``beer' because salty is one of the typical tastes of (a/an) beer'.,5_scalar_heat-set_extension_full_range,https://app.prolific.co/submissions/complete?cc=135DD3C8,Agree or disagree (run5_scalar_heat-set_extension_full_range-experiment_scalar-batch1-70-70),410172,43cb6e3a-0d7d-43d5-8141-574c77109edd,2021-02-11 14:47:02,1418.922,2021-02-11 13:25:09.172000,2021-02-11 13:48:48.094000,3.0,true,typical_of_concept,liquid,water,../data/prolific_output/run5_scalar_heat-group_scalar_heat/qu70-s_qu3-batch1.csv
qu70-s_qu3-batch1.csv-1,1,NOT AVAILABLE,NOT AVAILABLE,ba2e5d60-1be5-4160-8883-d9dc1d2a590c,PROLIFIC,11-Feb-2021 15:01:37,1173,46510,test4_true,``Liquid'' is one for the first things which come to mind when I hear ``water' because liquid is one of the typical states of (a/an) water'.,``Bitter'' is one for the first things which come to mind when I hear ``coffee' because bitter is one of the typical tastes of (a/an) coffee'.,``Salty'' is one for the first things which come to mind when I hear ``beer' because salty is one of the typical tastes of (a/an) beer'.,5_scalar_heat-set_extension_full_range,https://app.prolific.co/submissions/complete?cc=135DD3C8,Agree or disagree (run5_scalar_heat-set_extension_full_range-experiment_scalar-batch1-70-70),410458,716cfeec-5f08-443a-bb35-dc62be445d38,2021-02-11 15:01:37,506.867,2021-02-11 13:55:38.597000,2021-02-11 14:04:05.464000,5.0,true,typical_of_concept,liquid,water,../data/prolific_output/run5_scalar_heat-group_scalar_heat/qu70-s_qu3-batch1.csv
qu70-s_qu3-batch1.csv-2,2,NOT AVAILABLE,NOT AVAILABLE,fa8a70d3-4a4f-439a-b049-c5af1ef4d008,PROLIFIC,11-Feb-2021 15:13:13,1174,46581,test4_true,``Liquid'' is one for the first things which come to mind when I hear ``water' because liquid is one of the typical states of (a/an) water'.,``Bitter'' is one for the first things which come to mind when I hear ``coffee' because bitter is one of the typical tastes of (a/an) coffee'.,``Salty'' is one for the first things which come to mind when I hear ``beer' because salty is one of the typical tastes of (a/an) beer'.,5_scalar_heat-set_extension_full_range,https://app.prolific.co/submissions/complete?cc=135DD3C8,Agree or disagree (run5_scalar_heat-set_extension_full_range-experiment_scalar-batch1-70-70),410498,a9d0b142-302b-4025-ba09-0973e45efa16,2021-02-11 15:13:13,347.665,2021-02-11 14:11:18.938000,2021-02-11 14:17:06.603000,4.0,true,typical_of_concept,liquid,water,../data/prolific_output/run5_scalar_heat-group_scalar_heat/qu70-s_qu3-batch1.csv
qu70-s_qu3-batch1.csv-2,2,NOT AVAILABLE,NOT AVAILABLE,67616648-48b2-4c7c-847c-3cfe6d860951,PROLIFIC,11-Feb-2021 13:50:55,1174,46581,test4_true,``Liquid'' is one for the first things which come to mind when I hear ``water' because liquid is one of the typical states of (a/an) water'.,``Bitter'' is one for the first things which come to mind when I hear ``coffee' because bitter is one of the typical tastes of (a/an) coffee'.,``Salty'' is one for the first things which come to mind when I hear ``beer' because salty is one of the typical tastes of (a/an) beer'.,5_scalar_heat-set_extension_full_range,https://app.prolific.co/submissions/complete?cc=135DD3C8,Agree or disagree (run5_scalar_heat-set_extension_full_range-experiment_scalar-batch1-70-70),408781,16323c72-d925-45df-ad45-68a9136c3f00,2021-02-11 13:50:55,949.262,2021-02-11 12:44:12.147000,2021-02-11 13:00:01.409000,33.0,true,typical_of_concept,liquid,water,../data/prolific_output/run5_scalar_heat-group_scalar_heat/qu70-s_qu3-batch1.csv
qu70-s_qu3-batch1.csv-2,2,NOT AVAILABLE,NOT AVAILABLE,c5acc5c7-6592-4c17-a004-f364dd26d555,PROLIFIC,11-Feb-2021 14:32:18,1174,46581,test4_true,``Liquid'' is one for the first things which come to mind when I hear ``water' because liquid is one of the typical states of (a/an) water'.,``Bitter'' is one for the first things which come to mind when I hear ``coffee' because bitter is one of the typical tastes of (a/an) coffee'.,``Salty'' is one for the first things which come to mind when I hear ``beer' because salty is one of the typical tastes of (a/an) beer'.,5_scalar_heat-set_extension_full_range,https://app.prolific.co/submissions/complete?cc=135DD3C8,Agree or disagree (run5_scalar_heat-set_extension_full_range-experiment_scalar-batch1-70-70),409979,085a4cee-8423-40cf-a5c6-7998a529b92d,2021-02-11 14:32:18,865.556,2021-02-11 13:20:47.199000,2021-02-11 13:35:12.755000,7.0,true,typical_of_concept,liquid,water,../data/prolific_output/run5_scalar_heat-group_scalar_heat/qu70-s_qu3-batch1.csv
qu70-s_qu3-batch1.csv-2,2,NOT AVAILABLE,NOT AVAILABLE,4143fee4-d4f0-4e3d-901d-91dbd47391f1,PROLIFIC,11-Feb-2021 14:07:49,1174,46581,test4_true,``Liquid'' is one for the first things which come to mind when I hear ``water' because liquid is one of the typical states of (a/an) water'.,``Bitter'' is one for the first things which come to mind when I hear ``coffee' because bitter is one of the typical tastes of (a/an) coffee'.,``Salty'' is one for the first things which come to mind when I hear ``beer' because salty is one of the typical tastes of (a/an) beer'.,5_scalar_heat-set_extension_full_range,https://app.prolific.co/submissions/complete?cc=135DD3C8,Agree or disagree (run5_scalar_heat-set_extension_full_range-experiment_scalar-batch1-70-70),409276,47716810-ffae-42d7-9d88-70d3827f9eee,2021-02-11 14:07:49,522.216,2021-02-11 13:01:04.933000,2021-02-11 13:09:47.149000,4.0,true,typical_of_concept,liquid,water,../data/prolific_output/run5_scalar_heat-group_scalar_heat/qu70-s_qu3-batch1.csv
qu70-s_qu3-batch1.csv-2,2,NOT AVAILABLE,NOT AVAILABLE,393254ab-d116-4ce8-b686-bb7c17887d33,PROLIFIC,11-Feb-2021 14:18:21,1174,46581,test4_true,``Liquid'' is one for the first things which come to mind when I hear ``water' because liquid is one of the typical states of (a/an) water'.,``Bitter'' is one for the first things which come to mind when I hear ``coffee' because bitter is one of the typical tastes of (a/an) coffee'.,``Salty'' is one for the first things which come to mind when I hear ``beer' because salty is one of the typical tastes of (a/an) beer'.,5_scalar_heat-set_extension_full_range,https://app.prolific.co/submissions/complete?cc=135DD3C8,Agree or disagree (run5_scalar_heat-set_extension_full_range-experiment_scalar-batch1-70-70),409703,7b9bcdb9-4fb2-4805-97dc-464bc49f32a2,2021-02-11 14:18:21,818.111,2021-02-11 13:05:51.212000,2021-02-11 13:19:29.323000,5.0,true,typical_of_concept,liquid,water,../data/prolific_output/run5_scalar_heat-group_scalar_heat/qu70-s_qu3-batch1.csv
qu70-s_qu3-batch1.csv-2,2,NOT AVAILABLE,NOT AVAILABLE,93323109-435d-4f37-a41b-e4a720b53a81,PROLIFIC,11-Feb-2021 13:53:34,1174,46581,test4_true,``Liquid'' is one for the first things which come to mind when I hear ``water' because liquid is one of the typical states of (a/an) water'.,``Bitter'' is one for the first things which come to mind when I hear ``coffee' because bitter is one of the typical tastes of (a/an) coffee'.,``Salty'' is one for the first things which come to mind when I hear ``beer' because salty is one of the typical tastes of (a/an) beer'.,5_scalar_heat-set_extension_full_range,https://app.prolific.co/submissions/complete?cc=135DD3C8,Agree or disagree (run5_scalar_heat-set_extension_full_range-experiment_scalar-batch1-70-70),408871,36faba70-27c7-4370-a6db-bae59a316c00,2021-02-11 13:53:34,401.872,2021-02-11 12:49:55.451000,2021-02-11 12:56:37.323000,4.0,true,typical_of_concept,liquid,water,../data/prolific_output/run5_scalar_heat-group_scalar_heat/qu70-s_qu3-batch1.csv
qu70-s_qu3-batch1.csv-2,2,NOT AVAILABLE,NOT AVAILABLE,5dc4ef01-5966-49da-b93c-8694d8e953c4,PROLIFIC,11-Feb-2021 13:39:22,1174,46581,test4_true,``Liquid'' is one for the first things which come to mind when I hear ``water' because liquid is one of the typical states of (a/an) water'.,``Bitter'' is one for the first things which come to mind when I hear ``coffee' because bitter is one of the typical tastes of (a/an) coffee'.,``Salty'' is one for the first things which come to mind when I hear ``beer' because salty is one of the typical tastes of (a/an) beer'.,5_scalar_heat-set_extension_full_range,https://app.prolific.co/submissions/complete?cc=135DD3C8,Agree or disagree (run5_scalar_heat-set_extension_full_range-experiment_scalar-batch1-70-70),408608,5584f17e-322f-4723-8f1c-cf7bb4d08b15,2021-02-11 13:39:22,443.921,2021-02-11 12:38:29.969000,2021-02-11 12:45:53.890000,20.0,true,typical_of_concept,liquid,water,../data/prolific_output/run5_scalar_heat-group_scalar_heat/qu70-s_qu3-batch1.csv
qu70-s_qu3-batch1.csv-2,2,NOT AVAILABLE,NOT AVAILABLE,6591e696-4740-4846-875f-72b909d5e0c8,PROLIFIC,11-Feb-2021 14:16:43,1174,46581,test4_true,``Liquid'' is one for the first things which come to mind when I hear ``water' because liquid is one of the typical states of (a/an) water'.,``Bitter'' is one for the first things which come to mind when I hear ``coffee' because bitter is one of the typical tastes of (a/an) coffee'.,``Salty'' is one for the first things which come to mind when I hear ``beer' because salty is one of the typical tastes of (a/an) beer'.,5_scalar_heat-set_extension_full_range,https://app.prolific.co/submissions/complete?cc=135DD3C8,Agree or disagree (run5_scalar_heat-set_extension_full_range-experiment_scalar-batch1-70-70),409626,8d8f5746-666c-4712-9322-264dac40db45,2021-02-11 14:16:43,562.557,2021-02-11 13:10:48.417000,2021-02-11 13:20:10.974000,12.0,true,typical_of_concept,liquid,water,../data/prolific_output/run5_scalar_heat-group_scalar_heat/qu70-s_qu3-batch1.csv
qu70-s_qu3-batch1.csv-2,2,NOT AVAILABLE,NOT AVAILABLE,c2fac0e6-01c1-4b66-8685-a3cbaffce5ba,PROLIFIC,11-Feb-2021 14:33:37,1174,46581,test4_true,``Liquid'' is one for the first things which come to mind when I hear ``water' because liquid is one of the typical states of (a/an) water'.,``Bitter'' is one for the first things which come to mind when I hear ``coffee' because bitter is one of the typical tastes of (a/an) coffee'.,``Salty'' is one for the first things which come to mind when I hear ``beer' because salty is one of the typical tastes of (a/an) beer'.,5_scalar_heat-set_extension_full_range,https://app.prolific.co/submissions/complete?cc=135DD3C8,Agree or disagree (run5_scalar_heat-set_extension_full_range-experiment_scalar-batch1-70-70),410017,ccb66ebf-e20b-4dc9-93f7-1668a3425656,2021-02-11 14:33:37,425.954,2021-02-11 13:27:27.892000,2021-02-11 13:34:33.846000,5.0,true,typical_of_concept,liquid,water,../data/prolific_output/run5_scalar_heat-group_scalar_heat/qu70-s_qu3-batch1.csv
qu70-s_qu3-batch1.csv-2,2,NOT AVAILABLE,NOT AVAILABLE,fa8a70d3-4a4f-439a-b049-c5af1ef4d008,PROLIFIC,11-Feb-2021 15:16:29,1174,46511,44afdeb9-6e0c-4a40-a024-189f0e65f15b,I know that being cold is necessary for many things (a/an) pomade does or is used for. ,I know that being sharp is necessary for many things (a/an) razor does or is used for. ,I know that being colorful is necessary for many things (a/an) dress does or is used for. ,5_scalar_heat-set_extension_full_range,https://app.prolific.co/submissions/complete?cc=135DD3C8,Agree or disagree (run5_scalar_heat-set_extension_full_range-experiment_scalar-batch1-70-70),410550,5b2e8b80-8652-4b1a-b567-32ab7eb43af9,2021-02-11 15:16:29,347.665,2021-02-11 14:11:18.938000,2021-02-11 14:17:06.603000,3.0,false,affording_activity,cold,pomade,../data/prolific_output/run5_scalar_heat-group_scalar_heat/qu70-s_qu3-batch1.csv
qu70-s_qu3-batch1.csv-2,2,NOT AVAILABLE,NOT AVAILABLE,67616648-48b2-4c7c-847c-3cfe6d860951,PROLIFIC,11-Feb-2021 13:55:12,1174,46511,44afdeb9-6e0c-4a40-a024-189f0e65f15b,I know that being cold is necessary for many things (a/an) pomade does or is used for. ,I know that being sharp is necessary for many things (a/an) razor does or is used for. ,I know that being colorful is necessary for many things (a/an) dress does or is used for. ,5_scalar_heat-set_extension_full_range,https://app.prolific.co/submissions/complete?cc=135DD3C8,Agree or disagree (run5_scalar_heat-set_extension_full_range-experiment_scalar-batch1-70-70),408936,b86dfa2b-5650-4d1c-89ca-6391dcc522d4,2021-02-11 13:55:12,949.262,2021-02-11 12:44:12.147000,2021-02-11 13:00:01.409000,4.0,false,affording_activity,cold,pomade,../data/prolific_output/run5_scalar_heat-group_scalar_heat/qu70-s_qu3-batch1.csv
qu70-s_qu3-batch1.csv-2,2,NOT AVAILABLE,NOT AVAILABLE,c5acc5c7-6592-4c17-a004-f364dd26d555,PROLIFIC,11-Feb-2021 14:33:18,1174,46511,44afdeb9-6e0c-4a40-a024-189f0e65f15b,I know that being cold is necessary for many things (a/an) pomade does or is used for. ,I know that being sharp is necessary for many things (a/an) razor does or is used for. ,I know that being colorful is necessary for many things (a/an) dress does or is used for. ,5_scalar_heat-set_extension_full_range,https://app.prolific.co/submissions/complete?cc=135DD3C8,Agree or disagree (run5_scalar_heat-set_extension_full_range-experiment_scalar-batch1-70-70),410007,4930585c-660f-4c46-a07d-3e5b8ec4bdf4,2021-02-11 14:33:18,865.556,2021-02-11 13:20:47.199000,2021-02-11 13:35:12.755000,3.0,false,affording_activity,cold,pomade,../data/prolific_output/run5_scalar_heat-group_scalar_heat/qu70-s_qu3-batch1.csv
qu70-s_qu3-batch1.csv-2,2,NOT AVAILABLE,NOT AVAILABLE,4143fee4-d4f0-4e3d-901d-91dbd47391f1,PROLIFIC,11-Feb-2021 14:03:34,1174,46511,44afdeb9-6e0c-4a40-a024-189f0e65f15b,I know that being cold is necessary for many things (a/an) pomade does or is used for. ,I know that being sharp is necessary for many things (a/an) razor does or is used for. ,I know that being colorful is necessary for many things (a/an) dress does or is used for. ,5_scalar_heat-set_extension_full_range,https://app.prolific.co/submissions/complete?cc=135DD3C8,Agree or disagree (run5_scalar_heat-set_extension_full_range-experiment_scalar-batch1-70-70),409195,805ab249-f54f-48c0-8f9a-ad01bd132db4,2021-02-11 14:03:34,522.216,2021-02-11 13:01:04.933000,2021-02-11 13:09:47.149000,3.0,false,affording_activity,cold,pomade,../data/prolific_output/run5_scalar_heat-group_scalar_heat/qu70-s_qu3-batch1.csv
qu70-s_qu3-batch1.csv-2,2,NOT AVAILABLE,NOT AVAILABLE,393254ab-d116-4ce8-b686-bb7c17887d33,PROLIFIC,11-Feb-2021 14:11:23,1174,46511,44afdeb9-6e0c-4a40-a024-189f0e65f15b,I know that being cold is necessary for many things (a/an) pomade does or is used for. ,I know that being sharp is necessary for many things (a/an) razor does or is used for. ,I know that being colorful is necessary for many things (a/an) dress does or is used for. ,5_scalar_heat-set_extension_full_range,https://app.prolific.co/submissions/complete?cc=135DD3C8,Agree or disagree (run5_scalar_heat-set_extension_full_range-experiment_scalar-batch1-70-70),409408,12e792ad-5b5a-4814-8751-c56956de629d,2021-02-11 14:11:23,818.111,2021-02-11 13:05:51.212000,2021-02-11 13:19:29.323000,4.0,false,affording_activity,cold,pomade,../data/prolific_output/run5_scalar_heat-group_scalar_heat/qu70-s_qu3-batch1.csv
qu70-s_qu3-batch1.csv-2,2,NOT AVAILABLE,NOT AVAILABLE,93323109-435d-4f37-a41b-e4a720b53a81,PROLIFIC,11-Feb-2021 13:51:35,1174,46511,44afdeb9-6e0c-4a40-a024-189f0e65f15b,I know that being cold is necessary for many things (a/an) pomade does or is used for. ,I know that being sharp is necessary for many things (a/an) razor does or is used for. ,I know that being colorful is necessary for many things (a/an) dress does or is used for. ,5_scalar_heat-set_extension_full_range,https://app.prolific.co/submissions/complete?cc=135DD3C8,Agree or disagree (run5_scalar_heat-set_extension_full_range-experiment_scalar-batch1-70-70),408793,add2db34-f62a-4087-a5ec-5b8fbde36f09,2021-02-11 13:51:35,401.872,2021-02-11 12:49:55.451000,2021-02-11 12:56:37.323000,4.0,false,affording_activity,cold,pomade,../data/prolific_output/run5_scalar_heat-group_scalar_heat/qu70-s_qu3-batch1.csv
qu70-s_qu3-batch1.csv-2,2,NOT AVAILABLE,NOT AVAILABLE,5dc4ef01-5966-49da-b93c-8694d8e953c4,PROLIFIC,11-Feb-2021 13:44:31,1174,46511,44afdeb9-6e0c-4a40-a024-189f0e65f15b,I know that being cold is necessary for many things (a/an) pomade does or is used for. ,I know that being sharp is necessary for many things (a/an) razor does or is used for. ,I know that being colorful is necessary for many things (a/an) dress does or is used for. ,5_scalar_heat-set_extension_full_range,https://app.prolific.co/submissions/complete?cc=135DD3C8,Agree or disagree (run5_scalar_heat-set_extension_full_range-experiment_scalar-batch1-70-70),408676,e1466c6b-3abc-4e15-b843-cd357b4d1f56,2021-02-11 13:44:31,443.921,2021-02-11 12:38:29.969000,2021-02-11 12:45:53.890000,2.0,false,affording_activity,cold,pomade,../data/prolific_output/run5_scalar_heat-group_scalar_heat/qu70-s_qu3-batch1.csv
qu70-s_qu3-batch1.csv-2,2,NOT AVAILABLE,NOT AVAILABLE,6591e696-4740-4846-875f-72b909d5e0c8,PROLIFIC,11-Feb-2021 14:15:50,1174,46511,44afdeb9-6e0c-4a40-a024-189f0e65f15b,I know that being cold is necessary for many things (a/an) pomade does or is used for. ,I know that being sharp is necessary for many things (a/an) razor does or is used for. ,I know that being colorful is necessary for many things (a/an) dress does or is used for. ,5_scalar_heat-set_extension_full_range,https://app.prolific.co/submissions/complete?cc=135DD3C8,Agree or disagree (run5_scalar_heat-set_extension_full_range-experiment_scalar-batch1-70-70),409584,12431329-d079-49d7-b584-91c3d72dc891,2021-02-11 14:15:50,562.557,2021-02-11 13:10:48.417000,2021-02-11 13:20:10.974000,2.0,false,affording_activity,cold,pomade,../data/prolific_output/run5_scalar_heat-group_scalar_heat/qu70-s_qu3-batch1.csv
qu70-s_qu3-batch1.csv-2,2,NOT AVAILABLE,NOT AVAILABLE,c2fac0e6-01c1-4b66-8685-a3cbaffce5ba,PROLIFIC,11-Feb-2021 14:31:00,1174,46511,44afdeb9-6e0c-4a40-a024-189f0e65f15b,I know that being cold is necessary for many things (a/an) pomade does or is used for. ,I know that being sharp is necessary for many things (a/an) razor does or is used for. ,I know that being colorful is necessary for many things (a/an) dress does or is used for. ,5_scalar_heat-set_extension_full_range,https://app.prolific.co/submissions/complete?cc=135DD3C8,Agree or disagree (run5_scalar_heat-set_extension_full_range-experiment_scalar-batch1-70-70),409939,4f31c79f-b3b9-48dc-b1fa-09278b709114,2021-02-11 14:31:00,425.954,2021-02-11 13:27:27.892000,2021-02-11 13:34:33.846000,3.0,false,affording_activity,cold,pomade,../data/prolific_output/run5_scalar_heat-group_scalar_heat/qu70-s_qu3-batch1.csv
qu70-s_qu3-batch1.csv-2,2,NOT AVAILABLE,NOT AVAILABLE,fa8a70d3-4a4f-439a-b049-c5af1ef4d008,PROLIFIC,11-Feb-2021 15:16:07,1174,46512,3fe4b38c-e685-4d77-99c2-f5612fad360f,``Pomade'' is one of the first things which come to mind when I hear ``cold' because (a/an) pomade is a typical example of things which are cold'. ,``Feather'' is one of the first things which come to mind when I hear ``light' because (a/an) feather is a typical example of things which are light'. ,``Mug'' is one of the first things which come to mind when I hear ``bright' because (a/an) mug is a typical example of things which are bright'. ,5_scalar_heat-set_extension_full_range,https://app.prolific.co/submissions/complete?cc=135DD3C8,Agree or disagree (run5_scalar_heat-set_extension_full_range-experiment_scalar-batch1-70-70),410543,bf257c66-f876-44ab-94b3-adcd5a0f08dd,2021-02-11 15:16:07,347.665,2021-02-11 14:11:18.938000,2021-02-11 14:17:06.603000,3.0,false,typical_of_property,cold,pomade,../data/prolific_output/run5_scalar_heat-group_scalar_heat/qu70-s_qu3-batch1.csv
qu70-s_qu3-batch1.csv-2,2,NOT AVAILABLE,NOT AVAILABLE,67616648-48b2-4c7c-847c-3cfe6d860951,PROLIFIC,11-Feb-2021 13:54:42,1174,46512,3fe4b38c-e685-4d77-99c2-f5612fad360f,``Pomade'' is one of the first things which come to mind when I hear ``cold' because (a/an) pomade is a typical example of things which are cold'. ,``Feather'' is one of the first things which come to mind when I hear ``light' because (a/an) feather is a typical example of things which are light'. ,``Mug'' is one of the first things which come to mind when I hear ``bright' because (a/an) mug is a typical example of things which are bright'. ,5_scalar_heat-set_extension_full_range,https://app.prolific.co/submissions/complete?cc=135DD3C8,Agree or disagree (run5_scalar_heat-set_extension_full_range-experiment_scalar-batch1-70-70),408916,d58504ff-6097-4691-ba34-deefff86d072,2021-02-11 13:54:42,949.262,2021-02-11 12:44:12.147000,2021-02-11 13:00:01.409000,40.0,false,typical_of_property,cold,pomade,../data/prolific_output/run5_scalar_heat-group_scalar_heat/qu70-s_qu3-batch1.csv
qu70-s_qu3-batch1.csv-2,2,NOT AVAILABLE,NOT AVAILABLE,c5acc5c7-6592-4c17-a004-f364dd26d555,PROLIFIC,11-Feb-2021 14:25:39,1174,46512,3fe4b38c-e685-4d77-99c2-f5612fad360f,``Pomade'' is one of the first things which come to mind when I hear ``cold' because (a/an) pomade is a typical example of things which are cold'. ,``Feather'' is one of the first things which come to mind when I hear ``light' because (a/an) feather is a typical example of things which are light'. ,``Mug'' is one of the first things which come to mind when I hear ``bright' because (a/an) mug is a typical example of things which are bright'. ,5_scalar_heat-set_extension_full_range,https://app.prolific.co/submissions/complete?cc=135DD3C8,Agree or disagree (run5_scalar_heat-set_extension_full_range-experiment_scalar-batch1-70-70),409859,d1ff1026-e198-409e-8043-1d38133c3b88,2021-02-11 14:25:39,865.556,2021-02-11 13:20:47.199000,2021-02-11 13:35:12.755000,7.0,false,typical_of_property,cold,pomade,../data/prolific_output/run5_scalar_heat-group_scalar_heat/qu70-s_qu3-batch1.csv
qu70-s_qu3-batch1.csv-2,2,NOT AVAILABLE,NOT AVAILABLE,4143fee4-d4f0-4e3d-901d-91dbd47391f1,PROLIFIC,11-Feb-2021 14:03:23,1174,46512,3fe4b38c-e685-4d77-99c2-f5612fad360f,``Pomade'' is one of the first things which come to mind when I hear ``cold' because (a/an) pomade is a typical example of things which are cold'. ,``Feather'' is one of the first things which come to mind when I hear ``light' because (a/an) feather is a typical example of things which are light'. ,``Mug'' is one of the first things which come to mind when I hear ``bright' because (a/an) mug is a typical example of things which are bright'. ,5_scalar_heat-set_extension_full_range,https://app.prolific.co/submissions/complete?cc=135DD3C8,Agree or disagree (run5_scalar_heat-set_extension_full_range-experiment_scalar-batch1-70-70),409192,235cec52-6b1b-4185-ad2b-c1bf25a2418b,2021-02-11 14:03:23,522.216,2021-02-11 13:01:04.933000,2021-02-11 13:09:47.149000,3.0,false,typical_of_property,cold,pomade,../data/prolific_output/run5_scalar_heat-group_scalar_heat/qu70-s_qu3-batch1.csv
qu70-s_qu3-batch1.csv-2,2,NOT AVAILABLE,NOT AVAILABLE,393254ab-d116-4ce8-b686-bb7c17887d33,PROLIFIC,11-Feb-2021 14:15:10,1174,46512,3fe4b38c-e685-4d77-99c2-f5612fad360f,``Pomade'' is one of the first things which come to mind when I hear ``cold' because (a/an) pomade is a typical example of things which are cold'. ,``Feather'' is one of the first things which come to mind when I hear ``light' because (a/an) feather is a typical example of things which are light'. ,``Mug'' is one of the first things which come to mind when I hear ``bright' because (a/an) mug is a typical example of things which are bright'. ,5_scalar_heat-set_extension_full_range,https://app.prolific.co/submissions/complete?cc=135DD3C8,Agree or disagree (run5_scalar_heat-set_extension_full_range-experiment_scalar-batch1-70-70),409540,7928819d-e1df-47e9-89b6-74bb3b919902,2021-02-11 14:15:10,818.111,2021-02-11 13:05:51.212000,2021-02-11 13:19:29.323000,6.0,false,typical_of_property,cold,pomade,../data/prolific_output/run5_scalar_heat-group_scalar_heat/qu70-s_qu3-batch1.csv
qu70-s_qu3-batch1.csv-2,2,NOT AVAILABLE,NOT AVAILABLE,93323109-435d-4f37-a41b-e4a720b53a81,PROLIFIC,11-Feb-2021 13:55:36,1174,46512,3fe4b38c-e685-4d77-99c2-f5612fad360f,``Pomade'' is one of the first things which come to mind when I hear ``cold' because (a/an) pomade is a typical example of things which are cold'. ,``Feather'' is one of the first things which come to mind when I hear ``light' because (a/an) feather is a typical example of things which are light'. ,``Mug'' is one of the first things which come to mind when I hear ``bright' because (a/an) mug is a typical example of things which are bright'. ,5_scalar_heat-set_extension_full_range,https://app.prolific.co/submissions/complete?cc=135DD3C8,Agree or disagree (run5_scalar_heat-set_extension_full_range-experiment_scalar-batch1-70-70),408949,565347e7-ae4a-4f94-a38d-f96dc5705129,2021-02-11 13:55:36,401.872,2021-02-11 12:49:55.451000,2021-02-11 12:56:37.323000,4.0,false,typical_of_property,cold,pomade,../data/prolific_output/run5_scalar_heat-group_scalar_heat/qu70-s_qu3-batch1.csv
qu70-s_qu3-batch1.csv-2,2,NOT AVAILABLE,NOT AVAILABLE,5dc4ef01-5966-49da-b93c-8694d8e953c4,PROLIFIC,11-Feb-2021 13:44:33,1174,46512,3fe4b38c-e685-4d77-99c2-f5612fad360f,``Pomade'' is one of the first things which come to mind when I hear ``cold' because (a/an) pomade is a typical example of things which are cold'. ,``Feather'' is one of the first things which come to mind when I hear ``light' because (a/an) feather is a typical example of things which are light'. ,``Mug'' is one of the first things which come to mind when I hear ``bright' because (a/an) mug is a typical example of things which are bright'. ,5_scalar_heat-set_extension_full_range,https://app.prolific.co/submissions/complete?cc=135DD3C8,Agree or disagree (run5_scalar_heat-set_extension_full_range-experiment_scalar-batch1-70-70),408677,82652c20-4f9c-46ca-9e36-eb68fcac94ee,2021-02-11 13:44:33,443.921,2021-02-11 12:38:29.969000,2021-02-11 12:45:53.890000,2.0,false,typical_of_property,cold,pomade,../data/prolific_output/run5_scalar_heat-group_scalar_heat/qu70-s_qu3-batch1.csv
qu70-s_qu3-batch1.csv-2,2,NOT AVAILABLE,NOT AVAILABLE,6591e696-4740-4846-875f-72b909d5e0c8,PROLIFIC,11-Feb-2021 14:18:47,1174,46512,3fe4b38c-e685-4d77-99c2-f5612fad360f,``Pomade'' is one of the first things which come to mind when I hear ``cold' because (a/an) pomade is a typical example of things which are cold'. ,``Feather'' is one of the first things which come to mind when I hear ``light' because (a/an) feather is a typical example of things which are light'. ,``Mug'' is one of the first things which come to mind when I hear ``bright' because (a/an) mug is a typical example of things which are bright'. ,5_scalar_heat-set_extension_full_range,https://app.prolific.co/submissions/complete?cc=135DD3C8,Agree or disagree (run5_scalar_heat-set_extension_full_range-experiment_scalar-batch1-70-70),409727,f64e8ebd-90b2-4325-a76c-19d42407721a,2021-02-11 14:18:47,562.557,2021-02-11 13:10:48.417000,2021-02-11 13:20:10.974000,3.0,false,typical_of_property,cold,pomade,../data/prolific_output/run5_scalar_heat-group_scalar_heat/qu70-s_qu3-batch1.csv
qu70-s_qu3-batch1.csv-2,2,NOT AVAILABLE,NOT AVAILABLE,c2fac0e6-01c1-4b66-8685-a3cbaffce5ba,PROLIFIC,11-Feb-2021 14:32:58,1174,46512,3fe4b38c-e685-4d77-99c2-f5612fad360f,``Pomade'' is one of the first things which come to mind when I hear ``cold' because (a/an) pomade is a typical example of things which are cold'. ,``Feather'' is one of the first things which come to mind when I hear ``light' because (a/an) feather is a typical example of things which are light'. ,``Mug'' is one of the first things which come to mind when I hear ``bright' because (a/an) mug is a typical example of things which are bright'. ,5_scalar_heat-set_extension_full_range,https://app.prolific.co/submissions/complete?cc=135DD3C8,Agree or disagree (run5_scalar_heat-set_extension_full_range-experiment_scalar-batch1-70-70),409997,17d66ba5-9808-4b50-8248-c9f4f2256ef1,2021-02-11 14:32:58,425.954,2021-02-11 13:27:27.892000,2021-02-11 13:34:33.846000,2.0,false,typical_of_property,cold,pomade,../data/prolific_output/run5_scalar_heat-group_scalar_heat/qu70-s_qu3-batch1.csv
qu70-s_qu3-batch1.csv-2,2,NOT AVAILABLE,NOT AVAILABLE,fa8a70d3-4a4f-439a-b049-c5af1ef4d008,PROLIFIC,11-Feb-2021 15:14:30,1174,46513,d1c3fb25-5749-4ce8-8446-ef65607be39b,"I could say (a/an) pomade is cold, but I would most certainly not mean it literally.","I could say (a/an) anger is hot, but I would most certainly not mean it literally.
I could say (a/an) person is cold, but I would most certainly not mean it literally.
I could say (a/an) story is dark, but I would most certainly not mean it literally.","I could say (a/an) fire is hot, but I would most certainly not mean it literally.
I could say (a/an) stone is heavy, but I would most certainly not mean it literally.
I could say (a/an) argument is liquid, but I would most certainly not mean it literally.",5_scalar_heat-set_extension_full_range,https://app.prolific.co/submissions/complete?cc=135DD3C8,Agree or disagree (run5_scalar_heat-set_extension_full_range-experiment_scalar-batch1-70-70),410516,61e7066c-6d85-43e6-9975-9b5d1e141810,2021-02-11 15:14:30,347.665,2021-02-11 14:11:18.938000,2021-02-11 14:17:06.603000,3.0,false,creative,cold,pomade,../data/prolific_output/run5_scalar_heat-group_scalar_heat/qu70-s_qu3-batch1.csv
qu70-s_qu3-batch1.csv-2,2,NOT AVAILABLE,NOT AVAILABLE,67616648-48b2-4c7c-847c-3cfe6d860951,PROLIFIC,11-Feb-2021 13:49:04,1174,46513,d1c3fb25-5749-4ce8-8446-ef65607be39b,"I could say (a/an) pomade is cold, but I would most certainly not mean it literally.","I could say (a/an) anger is hot, but I would most certainly not mean it literally.
I could say (a/an) person is cold, but I would most certainly not mean it literally.
I could say (a/an) story is dark, but I would most certainly not mean it literally.","I could say (a/an) fire is hot, but I would most certainly not mean it literally.
I could say (a/an) stone is heavy, but I would most certainly not mean it literally.
I could say (a/an) argument is liquid, but I would most certainly not mean it literally.",5_scalar_heat-set_extension_full_range,https://app.prolific.co/submissions/complete?cc=135DD3C8,Agree or disagree (run5_scalar_heat-set_extension_full_range-experiment_scalar-batch1-70-70),408749,958e4009-56d8-40b7-9872-12d2d9eac248,2021-02-11 13:49:04,949.262,2021-02-11 12:44:12.147000,2021-02-11 13:00:01.409000,21.0,false,creative,cold,pomade,../data/prolific_output/run5_scalar_heat-group_scalar_heat/qu70-s_qu3-batch1.csv
qu70-s_qu3-batch1.csv-2,2,NOT AVAILABLE,NOT AVAILABLE,c5acc5c7-6592-4c17-a004-f364dd26d555,PROLIFIC,11-Feb-2021 14:31:33,1174,46513,d1c3fb25-5749-4ce8-8446-ef65607be39b,"I could say (a/an) pomade is cold, but I would most certainly not mean it literally.","I could say (a/an) anger is hot, but I would most certainly not mean it literally.
I could say (a/an) person is cold, but I would most certainly not mean it literally.
I could say (a/an) story is dark, but I would most certainly not mean it literally.","I could say (a/an) fire is hot, but I would most certainly not mean it literally.
I could say (a/an) stone is heavy, but I would most certainly not mean it literally.
I could say (a/an) argument is liquid, but I would most certainly not mean it literally.",5_scalar_heat-set_extension_full_range,https://app.prolific.co/submissions/complete?cc=135DD3C8,Agree or disagree (run5_scalar_heat-set_extension_full_range-experiment_scalar-batch1-70-70),409949,be932af8-2616-475d-8065-424870f5e5f3,2021-02-11 14:31:33,865.556,2021-02-11 13:20:47.199000,2021-02-11 13:35:12.755000,6.0,false,creative,cold,pomade,../data/prolific_output/run5_scalar_heat-group_scalar_heat/qu70-s_qu3-batch1.csv
qu70-s_qu3-batch1.csv-2,2,NOT AVAILABLE,NOT AVAILABLE,4143fee4-d4f0-4e3d-901d-91dbd47391f1,PROLIFIC,11-Feb-2021 14:07:40,1174,46513,d1c3fb25-5749-4ce8-8446-ef65607be39b,"I could say (a/an) pomade is cold, but I would most certainly not mean it literally.","I could say (a/an) anger is hot, but I would most certainly not mean it literally.
I could say (a/an) person is cold, but I would most certainly not mean it literally.
I could say (a/an) story is dark, but I would most certainly not mean it literally.","I could say (a/an) fire is hot, but I would most certainly not mean it literally.
I could say (a/an) stone is heavy, but I would most certainly not mean it literally.
I could say (a/an) argument is liquid, but I would most certainly not mean it literally.",5_scalar_heat-set_extension_full_range,https://app.prolific.co/submissions/complete?cc=135DD3C8,Agree or disagree (run5_scalar_heat-set_extension_full_range-experiment_scalar-batch1-70-70),409268,9b5180ed-abe2-4079-8d1e-b26a3622070b,2021-02-11 14:07:40,522.216,2021-02-11 13:01:04.933000,2021-02-11 13:09:47.149000,3.0,false,creative,cold,pomade,../data/prolific_output/run5_scalar_heat-group_scalar_heat/qu70-s_qu3-batch1.csv
qu70-s_qu3-batch1.csv-2,2,NOT AVAILABLE,NOT AVAILABLE,393254ab-d116-4ce8-b686-bb7c17887d33,PROLIFIC,11-Feb-2021 14:17:59,1174,46513,d1c3fb25-5749-4ce8-8446-ef65607be39b,"I could say (a/an) pomade is cold, but I would most certainly not mean it literally.","I could say (a/an) anger is hot, but I would most certainly not mean it literally.
I could say (a/an) person is cold, but I would most certainly not mean it literally.
I could say (a/an) story is dark, but I would most certainly not mean it literally.","I could say (a/an) fire is hot, but I would most certainly not mean it literally.
I could say (a/an) stone is heavy, but I would most certainly not mean it literally.
I could say (a/an) argument is liquid, but I would most certainly not mean it literally.",5_scalar_heat-set_extension_full_range,https://app.prolific.co/submissions/complete?cc=135DD3C8,Agree or disagree (run5_scalar_heat-set_extension_full_range-experiment_scalar-batch1-70-70),409682,cbac500f-7f9d-40d1-be6f-334adecc01fb,2021-02-11 14:17:59,818.111,2021-02-11 13:05:51.212000,2021-02-11 13:19:29.323000,11.0,true,creative,cold,pomade,../data/prolific_output/run5_scalar_heat-group_scalar_heat/qu70-s_qu3-batch1.csv
qu70-s_qu3-batch1.csv-2,2,NOT AVAILABLE,NOT AVAILABLE,93323109-435d-4f37-a41b-e4a720b53a81,PROLIFIC,11-Feb-2021 13:52:13,1174,46513,d1c3fb25-5749-4ce8-8446-ef65607be39b,"I could say (a/an) pomade is cold, but I would most certainly not mean it literally.","I could say (a/an) anger is hot, but I would most certainly not mean it literally.
I could say (a/an) person is cold, but I would most certainly not mean it literally.
I could say (a/an) story is dark, but I would most certainly not mean it literally.","I could say (a/an) fire is hot, but I would most certainly not mean it literally.
I could say (a/an) stone is heavy, but I would most certainly not mean it literally.
I could say (a/an) argument is liquid, but I would most certainly not mean it literally.",5_scalar_heat-set_extension_full_range,https://app.prolific.co/submissions/complete?cc=135DD3C8,Agree or disagree (run5_scalar_heat-set_extension_full_range-experiment_scalar-batch1-70-70),408813,08e8fe64-21ec-4e8f-8c56-c1805b28d5c6,2021-02-11 13:52:13,401.872,2021-02-11 12:49:55.451000,2021-02-11 12:56:37.323000,4.0,false,creative,cold,pomade,../data/prolific_output/run5_scalar_heat-group_scalar_heat/qu70-s_qu3-batch1.csv
qu70-s_qu3-batch1.csv-2,2,NOT AVAILABLE,NOT AVAILABLE,5dc4ef01-5966-49da-b93c-8694d8e953c4,PROLIFIC,11-Feb-2021 13:41:20,1174,46513,d1c3fb25-5749-4ce8-8446-ef65607be39b,"I could say (a/an) pomade is cold, but I would most certainly not mean it literally.","I could say (a/an) anger is hot, but I would most certainly not mean it literally.
I could say (a/an) person is cold, but I would most certainly not mean it literally.
I could say (a/an) story is dark, but I would most certainly not mean it literally.","I could say (a/an) fire is hot, but I would most certainly not mean it literally.
I could say (a/an) stone is heavy, but I would most certainly not mean it literally.
I could say (a/an) argument is liquid, but I would most certainly not mean it literally.",5_scalar_heat-set_extension_full_range,https://app.prolific.co/submissions/complete?cc=135DD3C8,Agree or disagree (run5_scalar_heat-set_extension_full_range-experiment_scalar-batch1-70-70),408618,4ca63aa4-da67-4c8a-9c87-5c1ed4c4bd02,2021-02-11 13:41:20,443.921,2021-02-11 12:38:29.969000,2021-02-11 12:45:53.890000,2.0,false,creative,cold,pomade,../data/prolific_output/run5_scalar_heat-group_scalar_heat/qu70-s_qu3-batch1.csv
qu70-s_qu3-batch1.csv-2,2,NOT AVAILABLE,NOT AVAILABLE,6591e696-4740-4846-875f-72b909d5e0c8,PROLIFIC,11-Feb-2021 14:15:30,1174,46513,d1c3fb25-5749-4ce8-8446-ef65607be39b,"I could say (a/an) pomade is cold, but I would most certainly not mean it literally.","I could say (a/an) anger is hot, but I would most certainly not mean it literally.
I could say (a/an) person is cold, but I would most certainly not mean it literally.
I could say (a/an) story is dark, but I would most certainly not mean it literally.","I could say (a/an) fire is hot, but I would most certainly not mean it literally.
I could say (a/an) stone is heavy, but I would most certainly not mean it literally.
I could say (a/an) argument is liquid, but I would most certainly not mean it literally.",5_scalar_heat-set_extension_full_range,https://app.prolific.co/submissions/complete?cc=135DD3C8,Agree or disagree (run5_scalar_heat-set_extension_full_range-experiment_scalar-batch1-70-70),409564,3da71372-b184-4d72-87ac-cdfc98a54252,2021-02-11 14:15:30,562.557,2021-02-11 13:10:48.417000,2021-02-11 13:20:10.974000,1.0,false,creative,cold,pomade,../data/prolific_output/run5_scalar_heat-group_scalar_heat/qu70-s_qu3-batch1.csv
qu70-s_qu3-batch1.csv-2,2,NOT AVAILABLE,NOT AVAILABLE,c2fac0e6-01c1-4b66-8685-a3cbaffce5ba,PROLIFIC,11-Feb-2021 14:29:53,1174,46513,d1c3fb25-5749-4ce8-8446-ef65607be39b,"I could say (a/an) pomade is cold, but I would most certainly not mean it literally.","I could say (a/an) anger is hot, but I would most certainly not mean it literally.
I could say (a/an) person is cold, but I would most certainly not mean it literally.
I could say (a/an) story is dark, but I would most certainly not mean it literally.","I could say (a/an) fire is hot, but I would most certainly not mean it literally.
I could say (a/an) stone is heavy, but I would most certainly not mean it literally.
I could say (a/an) argument is liquid, but I would most certainly not mean it literally.",5_scalar_heat-set_extension_full_range,https://app.prolific.co/submissions/complete?cc=135DD3C8,Agree or disagree (run5_scalar_heat-set_extension_full_range-experiment_scalar-batch1-70-70),409922,9b45dcdf-4784-4c85-8006-54ac031ad503,2021-02-11 14:29:53,425.954,2021-02-11 13:27:27.892000,2021-02-11 13:34:33.846000,74.0,false,creative,cold,pomade,../data/prolific_output/run5_scalar_heat-group_scalar_heat/qu70-s_qu3-batch1.csv
qu70-s_qu3-batch1.csv-2,2,NOT AVAILABLE,NOT AVAILABLE,fa8a70d3-4a4f-439a-b049-c5af1ef4d008,PROLIFIC,11-Feb-2021 15:13:25,1174,46514,fc0e3373-7809-46b8-aeee-256bf01724ad,"I think (a/an) pomade can be cold, but this is rare or uncommon.","I think (a/an) cake can be spicy, but this is rare or uncommon.","I think (a/an) window can be transparent, but this is rare or uncommon.",5_scalar_heat-set_extension_full_range,https://app.prolific.co/submissions/complete?cc=135DD3C8,Agree or disagree (run5_scalar_heat-set_extension_full_range-experiment_scalar-batch1-70-70),410502,6b52f4c3-292b-4385-bcc6-17871fedf72a,2021-02-11 15:13:25,347.665,2021-02-11 14:11:18.938000,2021-02-11 14:17:06.603000,3.0,true,rare,cold,pomade,../data/prolific_output/run5_scalar_heat-group_scalar_heat/qu70-s_qu3-batch1.csv
qu70-s_qu3-batch1.csv-2,2,NOT AVAILABLE,NOT AVAILABLE,67616648-48b2-4c7c-847c-3cfe6d860951,PROLIFIC,11-Feb-2021 13:57:53,1174,46514,fc0e3373-7809-46b8-aeee-256bf01724ad,"I think (a/an) pomade can be cold, but this is rare or uncommon.","I think (a/an) cake can be spicy, but this is rare or uncommon.","I think (a/an) window can be transparent, but this is rare or uncommon.",5_scalar_heat-set_extension_full_range,https://app.prolific.co/submissions/complete?cc=135DD3C8,Agree or disagree (run5_scalar_heat-set_extension_full_range-experiment_scalar-batch1-70-70),409045,1a0c7936-321e-42e5-9be1-7f50baa16ca2,2021-02-11 13:57:53,949.262,2021-02-11 12:44:12.147000,2021-02-11 13:00:01.409000,3.0,false,rare,cold,pomade,../data/prolific_output/run5_scalar_heat-group_scalar_heat/qu70-s_qu3-batch1.csv
qu70-s_qu3-batch1.csv-2,2,NOT AVAILABLE,NOT AVAILABLE,c5acc5c7-6592-4c17-a004-f364dd26d555,PROLIFIC,11-Feb-2021 14:25:28,1174,46514,fc0e3373-7809-46b8-aeee-256bf01724ad,"I think (a/an) pomade can be cold, but this is rare or uncommon.","I think (a/an) cake can be spicy, but this is rare or uncommon.","I think (a/an) window can be transparent, but this is rare or uncommon.",5_scalar_heat-set_extension_full_range,https://app.prolific.co/submissions/complete?cc=135DD3C8,Agree or disagree (run5_scalar_heat-set_extension_full_range-experiment_scalar-batch1-70-70),409857,c09a07d6-01fb-4f59-9838-183bfe1214fa,2021-02-11 14:25:28,865.556,2021-02-11 13:20:47.199000,2021-02-11 13:35:12.755000,2.0,true,rare,cold,pomade,../data/prolific_output/run5_scalar_heat-group_scalar_heat/qu70-s_qu3-batch1.csv
qu70-s_qu3-batch1.csv-2,2,NOT AVAILABLE,NOT AVAILABLE,4143fee4-d4f0-4e3d-901d-91dbd47391f1,PROLIFIC,11-Feb-2021 14:02:16,1174,46514,fc0e3373-7809-46b8-aeee-256bf01724ad,"I think (a/an) pomade can be cold, but this is rare or uncommon.","I think (a/an) cake can be spicy, but this is rare or uncommon.","I think (a/an) window can be transparent, but this is rare or uncommon.",5_scalar_heat-set_extension_full_range,https://app.prolific.co/submissions/complete?cc=135DD3C8,Agree or disagree (run5_scalar_heat-set_extension_full_range-experiment_scalar-batch1-70-70),409175,90583d3c-d66b-4a5b-a5e5-1b0bcb7e8f0c,2021-02-11 14:02:16,522.216,2021-02-11 13:01:04.933000,2021-02-11 13:09:47.149000,9.0,false,rare,cold,pomade,../data/prolific_output/run5_scalar_heat-group_scalar_heat/qu70-s_qu3-batch1.csv
qu70-s_qu3-batch1.csv-2,2,NOT AVAILABLE,NOT AVAILABLE,393254ab-d116-4ce8-b686-bb7c17887d33,PROLIFIC,11-Feb-2021 14:09:48,1174,46514,fc0e3373-7809-46b8-aeee-256bf01724ad,"I think (a/an) pomade can be cold, but this is rare or uncommon.","I think (a/an) cake can be spicy, but this is rare or uncommon.","I think (a/an) window can be transparent, but this is rare or uncommon.",5_scalar_heat-set_extension_full_range,https://app.prolific.co/submissions/complete?cc=135DD3C8,Agree or disagree (run5_scalar_heat-set_extension_full_range-experiment_scalar-batch1-70-70),409352,520b374d-0718-4ac9-92fd-dfdf072d0a1c,2021-02-11 14:09:48,818.111,2021-02-11 13:05:51.212000,2021-02-11 13:19:29.323000,3.0,true,rare,cold,pomade,../data/prolific_output/run5_scalar_heat-group_scalar_heat/qu70-s_qu3-batch1.csv
qu70-s_qu3-batch1.csv-2,2,NOT AVAILABLE,NOT AVAILABLE,93323109-435d-4f37-a41b-e4a720b53a81,PROLIFIC,11-Feb-2021 13:54:28,1174,46514,fc0e3373-7809-46b8-aeee-256bf01724ad,"I think (a/an) pomade can be cold, but this is rare or uncommon.","I think (a/an) cake can be spicy, but this is rare or uncommon.","I think (a/an) window can be transparent, but this is rare or uncommon.",5_scalar_heat-set_extension_full_range,https://app.prolific.co/submissions/complete?cc=135DD3C8,Agree or disagree (run5_scalar_heat-set_extension_full_range-experiment_scalar-batch1-70-70),408906,c11fe845-86d7-4dfc-a6e6-5109bdc4c1c4,2021-02-11 13:54:28,401.872,2021-02-11 12:49:55.451000,2021-02-11 12:56:37.323000,4.0,false,rare,cold,pomade,../data/prolific_output/run5_scalar_heat-group_scalar_heat/qu70-s_qu3-batch1.csv
qu70-s_qu3-batch1.csv-2,2,NOT AVAILABLE,NOT AVAILABLE,5dc4ef01-5966-49da-b93c-8694d8e953c4,PROLIFIC,11-Feb-2021 13:44:16,1174,46514,fc0e3373-7809-46b8-aeee-256bf01724ad,"I think (a/an) pomade can be cold, but this is rare or uncommon.","I think (a/an) cake can be spicy, but this is rare or uncommon.","I think (a/an) window can be transparent, but this is rare or uncommon.",5_scalar_heat-set_extension_full_range,https://app.prolific.co/submissions/complete?cc=135DD3C8,Agree or disagree (run5_scalar_heat-set_extension_full_range-experiment_scalar-batch1-70-70),408668,87c8a071-9dd0-4538-8930-f1d1d189d039,2021-02-11 13:44:16,443.921,2021-02-11 12:38:29.969000,2021-02-11 12:45:53.890000,2.0,false,rare,cold,pomade,../data/prolific_output/run5_scalar_heat-group_scalar_heat/qu70-s_qu3-batch1.csv
qu70-s_qu3-batch1.csv-2,2,NOT AVAILABLE,NOT AVAILABLE,6591e696-4740-4846-875f-72b909d5e0c8,PROLIFIC,11-Feb-2021 14:15:55,1174,46514,fc0e3373-7809-46b8-aeee-256bf01724ad,"I think (a/an) pomade can be cold, but this is rare or uncommon.","I think (a/an) cake can be spicy, but this is rare or uncommon.","I think (a/an) window can be transparent, but this is rare or uncommon.",5_scalar_heat-set_extension_full_range,https://app.prolific.co/submissions/complete?cc=135DD3C8,Agree or disagree (run5_scalar_heat-set_extension_full_range-experiment_scalar-batch1-70-70),409588,8a92d878-6d3c-442a-9b40-1b16d7768c03,2021-02-11 14:15:55,562.557,2021-02-11 13:10:48.417000,2021-02-11 13:20:10.974000,5.0,true,rare,cold,pomade,../data/prolific_output/run5_scalar_heat-group_scalar_heat/qu70-s_qu3-batch1.csv
qu70-s_qu3-batch1.csv-2,2,NOT AVAILABLE,NOT AVAILABLE,c2fac0e6-01c1-4b66-8685-a3cbaffce5ba,PROLIFIC,11-Feb-2021 14:32:50,1174,46514,fc0e3373-7809-46b8-aeee-256bf01724ad,"I think (a/an) pomade can be cold, but this is rare or uncommon.","I think (a/an) cake can be spicy, but this is rare or uncommon.","I think (a/an) window can be transparent, but this is rare or uncommon.",5_scalar_heat-set_extension_full_range,https://app.prolific.co/submissions/complete?cc=135DD3C8,Agree or disagree (run5_scalar_heat-set_extension_full_range-experiment_scalar-batch1-70-70),409992,5e9e3af7-103b-412d-b5da-237987977fbd,2021-02-11 14:32:50,425.954,2021-02-11 13:27:27.892000,2021-02-11 13:34:33.846000,6.0,true,rare,cold,pomade,../data/prolific_output/run5_scalar_heat-group_scalar_heat/qu70-s_qu3-batch1.csv
qu70-s_qu3-batch1.csv-2,2,NOT AVAILABLE,NOT AVAILABLE,fa8a70d3-4a4f-439a-b049-c5af1ef4d008,PROLIFIC,11-Feb-2021 15:16:26,1174,46515,f150a4ed-bd6a-47e4-8db5-04753d6f5128,"Usually, (a/an) pomade is not cold, but there could be a highly unusual situation in which (a/an) pomade is cold.","Usually, (a/an) table is not furry, but there could be a highly unusual situation in which (a/an) table is furry.","Usually, (a/an) cat is not furry, but there could be a highly unusual situation in which (a/an) cat is furry.",5_scalar_heat-set_extension_full_range,https://app.prolific.co/submissions/complete?cc=135DD3C8,Agree or disagree (run5_scalar_heat-set_extension_full_range-experiment_scalar-batch1-70-70),410549,9e343a72-c90e-4ec9-8d50-fa8ec7dfcfcc,2021-02-11 15:16:26,347.665,2021-02-11 14:11:18.938000,2021-02-11 14:17:06.603000,3.0,true,unusual,cold,pomade,../data/prolific_output/run5_scalar_heat-group_scalar_heat/qu70-s_qu3-batch1.csv
qu70-s_qu3-batch1.csv-2,2,NOT AVAILABLE,NOT AVAILABLE,67616648-48b2-4c7c-847c-3cfe6d860951,PROLIFIC,11-Feb-2021 13:53:36,1174,46515,f150a4ed-bd6a-47e4-8db5-04753d6f5128,"Usually, (a/an) pomade is not cold, but there could be a highly unusual situation in which (a/an) pomade is cold.","Usually, (a/an) table is not furry, but there could be a highly unusual situation in which (a/an) table is furry.","Usually, (a/an) cat is not furry, but there could be a highly unusual situation in which (a/an) cat is furry.",5_scalar_heat-set_extension_full_range,https://app.prolific.co/submissions/complete?cc=135DD3C8,Agree or disagree (run5_scalar_heat-set_extension_full_range-experiment_scalar-batch1-70-70),408873,dd5d6265-e883-4e8c-a058-9593264b0ee2,2021-02-11 13:53:36,949.262,2021-02-11 12:44:12.147000,2021-02-11 13:00:01.409000,4.0,false,unusual,cold,pomade,../data/prolific_output/run5_scalar_heat-group_scalar_heat/qu70-s_qu3-batch1.csv
qu70-s_qu3-batch1.csv-2,2,NOT AVAILABLE,NOT AVAILABLE,c5acc5c7-6592-4c17-a004-f364dd26d555,PROLIFIC,11-Feb-2021 14:25:26,1174,46515,f150a4ed-bd6a-47e4-8db5-04753d6f5128,"Usually, (a/an) pomade is not cold, but there could be a highly unusual situation in which (a/an) pomade is cold.","Usually, (a/an) table is not furry, but there could be a highly unusual situation in which (a/an) table is furry.","Usually, (a/an) cat is not furry, but there could be a highly unusual situation in which (a/an) cat is furry.",5_scalar_heat-set_extension_full_range,https://app.prolific.co/submissions/complete?cc=135DD3C8,Agree or disagree (run5_scalar_heat-set_extension_full_range-experiment_scalar-batch1-70-70),409856,8786bb72-af6f-4f7b-88da-343e01992a63,2021-02-11 14:25:26,865.556,2021-02-11 13:20:47.199000,2021-02-11 13:35:12.755000,5.0,true,unusual,cold,pomade,../data/prolific_output/run5_scalar_heat-group_scalar_heat/qu70-s_qu3-batch1.csv
qu70-s_qu3-batch1.csv-2,2,NOT AVAILABLE,NOT AVAILABLE,4143fee4-d4f0-4e3d-901d-91dbd47391f1,PROLIFIC,11-Feb-2021 14:06:18,1174,46515,f150a4ed-bd6a-47e4-8db5-04753d6f5128,"Usually, (a/an) pomade is not cold, but there could be a highly unusual situation in which (a/an) pomade is cold.","Usually, (a/an) table is not furry, but there could be a highly unusual situation in which (a/an) table is furry.","Usually, (a/an) cat is not furry, but there could be a highly unusual situation in which (a/an) cat is furry.",5_scalar_heat-set_extension_full_range,https://app.prolific.co/submissions/complete?cc=135DD3C8,Agree or disagree (run5_scalar_heat-set_extension_full_range-experiment_scalar-batch1-70-70),409232,638a07ef-2d48-405c-8a35-1aba914e54dc,2021-02-11 14:06:18,522.216,2021-02-11 13:01:04.933000,2021-02-11 13:09:47.149000,4.0,false,unusual,cold,pomade,../data/prolific_output/run5_scalar_heat-group_scalar_heat/qu70-s_qu3-batch1.csv
qu70-s_qu3-batch1.csv-2,2,NOT AVAILABLE,NOT AVAILABLE,393254ab-d116-4ce8-b686-bb7c17887d33,PROLIFIC,11-Feb-2021 14:18:04,1174,46515,f150a4ed-bd6a-47e4-8db5-04753d6f5128,"Usually, (a/an) pomade is not cold, but there could be a highly unusual situation in which (a/an) pomade is cold.","Usually, (a/an) table is not furry, but there could be a highly unusual situation in which (a/an) table is furry.","Usually, (a/an) cat is not furry, but there could be a highly unusual situation in which (a/an) cat is furry.",5_scalar_heat-set_extension_full_range,https://app.prolific.co/submissions/complete?cc=135DD3C8,Agree or disagree (run5_scalar_heat-set_extension_full_range-experiment_scalar-batch1-70-70),409686,5e08e400-df1e-465f-b8a3-a867fe1f860b,2021-02-11 14:18:04,818.111,2021-02-11 13:05:51.212000,2021-02-11 13:19:29.323000,5.0,true,unusual,cold,pomade,../data/prolific_output/run5_scalar_heat-group_scalar_heat/qu70-s_qu3-batch1.csv
qu70-s_qu3-batch1.csv-2,2,NOT AVAILABLE,NOT AVAILABLE,93323109-435d-4f37-a41b-e4a720b53a81,PROLIFIC,11-Feb-2021 13:56:03,1174,46515,f150a4ed-bd6a-47e4-8db5-04753d6f5128,"Usually, (a/an) pomade is not cold, but there could be a highly unusual situation in which (a/an) pomade is cold.","Usually, (a/an) table is not furry, but there could be a highly unusual situation in which (a/an) table is furry.","Usually, (a/an) cat is not furry, but there could be a highly unusual situation in which (a/an) cat is furry.",5_scalar_heat-set_extension_full_range,https://app.prolific.co/submissions/complete?cc=135DD3C8,Agree or disagree (run5_scalar_heat-set_extension_full_range-experiment_scalar-batch1-70-70),408969,f7beff01-7427-4a4f-ae5a-6c8b8adbc2e0,2021-02-11 13:56:03,401.872,2021-02-11 12:49:55.451000,2021-02-11 12:56:37.323000,4.0,false,unusual,cold,pomade,../data/prolific_output/run5_scalar_heat-group_scalar_heat/qu70-s_qu3-batch1.csv
qu70-s_qu3-batch1.csv-2,2,NOT AVAILABLE,NOT AVAILABLE,5dc4ef01-5966-49da-b93c-8694d8e953c4,PROLIFIC,11-Feb-2021 13:43:09,1174,46515,f150a4ed-bd6a-47e4-8db5-04753d6f5128,"Usually, (a/an) pomade is not cold, but there could be a highly unusual situation in which (a/an) pomade is cold.","Usually, (a/an) table is not furry, but there could be a highly unusual situation in which (a/an) table is furry.","Usually, (a/an) cat is not furry, but there could be a highly unusual situation in which (a/an) cat is furry.",5_scalar_heat-set_extension_full_range,https://app.prolific.co/submissions/complete?cc=135DD3C8,Agree or disagree (run5_scalar_heat-set_extension_full_range-experiment_scalar-batch1-70-70),408648,e31b8a63-b2a2-4bdc-ad8b-251db10736bb,2021-02-11 13:43:09,443.921,2021-02-11 12:38:29.969000,2021-02-11 12:45:53.890000,3.0,false,unusual,cold,pomade,../data/prolific_output/run5_scalar_heat-group_scalar_heat/qu70-s_qu3-batch1.csv
qu70-s_qu3-batch1.csv-2,2,NOT AVAILABLE,NOT AVAILABLE,6591e696-4740-4846-875f-72b909d5e0c8,PROLIFIC,11-Feb-2021 14:20:07,1174,46515,f150a4ed-bd6a-47e4-8db5-04753d6f5128,"Usually, (a/an) pomade is not cold, but there could be a highly unusual situation in which (a/an) pomade is cold.","Usually, (a/an) table is not furry, but there could be a highly unusual situation in which (a/an) table is furry.","Usually, (a/an) cat is not furry, but there could be a highly unusual situation in which (a/an) cat is furry.",5_scalar_heat-set_extension_full_range,https://app.prolific.co/submissions/complete?cc=135DD3C8,Agree or disagree (run5_scalar_heat-set_extension_full_range-experiment_scalar-batch1-70-70),409773,aae991b8-58e4-4ce7-aa14-cd91e6f43053,2021-02-11 14:20:07,562.557,2021-02-11 13:10:48.417000,2021-02-11 13:20:10.974000,8.974,true,unusual,cold,pomade,../data/prolific_output/run5_scalar_heat-group_scalar_heat/qu70-s_qu3-batch1.csv
qu70-s_qu3-batch1.csv-2,2,NOT AVAILABLE,NOT AVAILABLE,c2fac0e6-01c1-4b66-8685-a3cbaffce5ba,PROLIFIC,11-Feb-2021 14:33:53,1174,46515,f150a4ed-bd6a-47e4-8db5-04753d6f5128,"Usually, (a/an) pomade is not cold, but there could be a highly unusual situation in which (a/an) pomade is cold.","Usually, (a/an) table is not furry, but there could be a highly unusual situation in which (a/an) table is furry.","Usually, (a/an) cat is not furry, but there could be a highly unusual situation in which (a/an) cat is furry.",5_scalar_heat-set_extension_full_range,https://app.prolific.co/submissions/complete?cc=135DD3C8,Agree or disagree (run5_scalar_heat-set_extension_full_range-experiment_scalar-batch1-70-70),410029,cd1776eb-417c-4082-98df-3e13c8a99419,2021-02-11 14:33:53,425.954,2021-02-11 13:27:27.892000,2021-02-11 13:34:33.846000,4.0,false,unusual,cold,pomade,../data/prolific_output/run5_scalar_heat-group_scalar_heat/qu70-s_qu3-batch1.csv
qu70-s_qu3-batch1.csv-2,2,NOT AVAILABLE,NOT AVAILABLE,fa8a70d3-4a4f-439a-b049-c5af1ef4d008,PROLIFIC,11-Feb-2021 15:14:07,1174,46516,313c96c2-7fdc-42a4-b085-891053c92bef,``Cold'' is one for the first things which come to mind when I hear ``pomade' because cold is one of the typical temperatures of (a/an) pomade'.,``Heavy'' is one for the first things which come to mind when I hear ``rock' because heavy is one of the typical qualities of (a/an) rock'.,``Green'' is one for the first things which come to mind when I hear ``raspberry' because green is one of the typical colors of (a/an) raspberry'.,5_scalar_heat-set_extension_full_range,https://app.prolific.co/submissions/complete?cc=135DD3C8,Agree or disagree (run5_scalar_heat-set_extension_full_range-experiment_scalar-batch1-70-70),410511,9145567d-bc72-4604-a132-eeb6caf064bb,2021-02-11 15:14:07,347.665,2021-02-11 14:11:18.938000,2021-02-11 14:17:06.603000,4.0,false,typical_of_concept,cold,pomade,../data/prolific_output/run5_scalar_heat-group_scalar_heat/qu70-s_qu3-batch1.csv
qu70-s_qu3-batch1.csv-2,2,NOT AVAILABLE,NOT AVAILABLE,67616648-48b2-4c7c-847c-3cfe6d860951,PROLIFIC,11-Feb-2021 13:52:02,1174,46516,313c96c2-7fdc-42a4-b085-891053c92bef,``Cold'' is one for the first things which come to mind when I hear ``pomade' because cold is one of the typical temperatures of (a/an) pomade'.,``Heavy'' is one for the first things which come to mind when I hear ``rock' because heavy is one of the typical qualities of (a/an) rock'.,``Green'' is one for the first things which come to mind when I hear ``raspberry' because green is one of the typical colors of (a/an) raspberry'.,5_scalar_heat-set_extension_full_range,https://app.prolific.co/submissions/complete?cc=135DD3C8,Agree or disagree (run5_scalar_heat-set_extension_full_range-experiment_scalar-batch1-70-70),408808,c90a9dfe-57c9-4fe9-a301-bef0a58fcdec,2021-02-11 13:52:02,949.262,2021-02-11 12:44:12.147000,2021-02-11 13:00:01.409000,6.0,false,typical_of_concept,cold,pomade,../data/prolific_output/run5_scalar_heat-group_scalar_heat/qu70-s_qu3-batch1.csv
qu70-s_qu3-batch1.csv-2,2,NOT AVAILABLE,NOT AVAILABLE,c5acc5c7-6592-4c17-a004-f364dd26d555,PROLIFIC,11-Feb-2021 14:26:57,1174,46516,313c96c2-7fdc-42a4-b085-891053c92bef,``Cold'' is one for the first things which come to mind when I hear ``pomade' because cold is one of the typical temperatures of (a/an) pomade'.,``Heavy'' is one for the first things which come to mind when I hear ``rock' because heavy is one of the typical qualities of (a/an) rock'.,``Green'' is one for the first things which come to mind when I hear ``raspberry' because green is one of the typical colors of (a/an) raspberry'.,5_scalar_heat-set_extension_full_range,https://app.prolific.co/submissions/complete?cc=135DD3C8,Agree or disagree (run5_scalar_heat-set_extension_full_range-experiment_scalar-batch1-70-70),409869,0bca9c5e-0d0e-4c6f-95de-a166537a8e13,2021-02-11 14:26:57,865.556,2021-02-11 13:20:47.199000,2021-02-11 13:35:12.755000,20.0,false,typical_of_concept,cold,pomade,../data/prolific_output/run5_scalar_heat-group_scalar_heat/qu70-s_qu3-batch1.csv
qu70-s_qu3-batch1.csv-2,2,NOT AVAILABLE,NOT AVAILABLE,4143fee4-d4f0-4e3d-901d-91dbd47391f1,PROLIFIC,11-Feb-2021 14:07:37,1174,46516,313c96c2-7fdc-42a4-b085-891053c92bef,``Cold'' is one for the first things which come to mind when I hear ``pomade' because cold is one of the typical temperatures of (a/an) pomade'.,``Heavy'' is one for the first things which come to mind when I hear ``rock' because heavy is one of the typical qualities of (a/an) rock'.,``Green'' is one for the first things which come to mind when I hear ``raspberry' because green is one of the typical colors of (a/an) raspberry'.,5_scalar_heat-set_extension_full_range,https://app.prolific.co/submissions/complete?cc=135DD3C8,Agree or disagree (run5_scalar_heat-set_extension_full_range-experiment_scalar-batch1-70-70),409266,911cdcb8-3975-4189-a4ff-5aa2f804db09,2021-02-11 14:07:37,522.216,2021-02-11 13:01:04.933000,2021-02-11 13:09:47.149000,44.0,false,typical_of_concept,cold,pomade,../data/prolific_output/run5_scalar_heat-group_scalar_heat/qu70-s_qu3-batch1.csv
qu70-s_qu3-batch1.csv-2,2,NOT AVAILABLE,NOT AVAILABLE,393254ab-d116-4ce8-b686-bb7c17887d33,PROLIFIC,11-Feb-2021 14:11:19,1174,46516,313c96c2-7fdc-42a4-b085-891053c92bef,``Cold'' is one for the first things which come to mind when I hear ``pomade' because cold is one of the typical temperatures of (a/an) pomade'.,``Heavy'' is one for the first things which come to mind when I hear ``rock' because heavy is one of the typical qualities of (a/an) rock'.,``Green'' is one for the first things which come to mind when I hear ``raspberry' because green is one of the typical colors of (a/an) raspberry'.,5_scalar_heat-set_extension_full_range,https://app.prolific.co/submissions/complete?cc=135DD3C8,Agree or disagree (run5_scalar_heat-set_extension_full_range-experiment_scalar-batch1-70-70),409406,d3da9823-54ac-41f0-bfda-d08adf15a6ba,2021-02-11 14:11:19,818.111,2021-02-11 13:05:51.212000,2021-02-11 13:19:29.323000,4.0,false,typical_of_concept,cold,pomade,../data/prolific_output/run5_scalar_heat-group_scalar_heat/qu70-s_qu3-batch1.csv
qu70-s_qu3-batch1.csv-2,2,NOT AVAILABLE,NOT AVAILABLE,93323109-435d-4f37-a41b-e4a720b53a81,PROLIFIC,11-Feb-2021 13:55:39,1174,46516,313c96c2-7fdc-42a4-b085-891053c92bef,``Cold'' is one for the first things which come to mind when I hear ``pomade' because cold is one of the typical temperatures of (a/an) pomade'.,``Heavy'' is one for the first things which come to mind when I hear ``rock' because heavy is one of the typical qualities of (a/an) rock'.,``Green'' is one for the first things which come to mind when I hear ``raspberry' because green is one of the typical colors of (a/an) raspberry'.,5_scalar_heat-set_extension_full_range,https://app.prolific.co/submissions/complete?cc=135DD3C8,Agree or disagree (run5_scalar_heat-set_extension_full_range-experiment_scalar-batch1-70-70),408950,669403e8-7a41-4347-8cfd-756810d58d77,2021-02-11 13:55:39,401.872,2021-02-11 12:49:55.451000,2021-02-11 12:56:37.323000,3.0,false,typical_of_concept,cold,pomade,../data/prolific_output/run5_scalar_heat-group_scalar_heat/qu70-s_qu3-batch1.csv
qu70-s_qu3-batch1.csv-2,2,NOT AVAILABLE,NOT AVAILABLE,5dc4ef01-5966-49da-b93c-8694d8e953c4,PROLIFIC,11-Feb-2021 13:44:57,1174,46516,313c96c2-7fdc-42a4-b085-891053c92bef,``Cold'' is one for the first things which come to mind when I hear ``pomade' because cold is one of the typical temperatures of (a/an) pomade'.,``Heavy'' is one for the first things which come to mind when I hear ``rock' because heavy is one of the typical qualities of (a/an) rock'.,``Green'' is one for the first things which come to mind when I hear ``raspberry' because green is one of the typical colors of (a/an) raspberry'.,5_scalar_heat-set_extension_full_range,https://app.prolific.co/submissions/complete?cc=135DD3C8,Agree or disagree (run5_scalar_heat-set_extension_full_range-experiment_scalar-batch1-70-70),408689,8b0da405-1ab9-4783-b679-768abce98db8,2021-02-11 13:44:57,443.921,2021-02-11 12:38:29.969000,2021-02-11 12:45:53.890000,3.0,false,typical_of_concept,cold,pomade,../data/prolific_output/run5_scalar_heat-group_scalar_heat/qu70-s_qu3-batch1.csv
qu70-s_qu3-batch1.csv-2,2,NOT AVAILABLE,NOT AVAILABLE,6591e696-4740-4846-875f-72b909d5e0c8,PROLIFIC,11-Feb-2021 14:14:33,1174,46516,313c96c2-7fdc-42a4-b085-891053c92bef,``Cold'' is one for the first things which come to mind when I hear ``pomade' because cold is one of the typical temperatures of (a/an) pomade'.,``Heavy'' is one for the first things which come to mind when I hear ``rock' because heavy is one of the typical qualities of (a/an) rock'.,``Green'' is one for the first things which come to mind when I hear ``raspberry' because green is one of the typical colors of (a/an) raspberry'.,5_scalar_heat-set_extension_full_range,https://app.prolific.co/submissions/complete?cc=135DD3C8,Agree or disagree (run5_scalar_heat-set_extension_full_range-experiment_scalar-batch1-70-70),409512,8c7f6839-c865-45e6-9590-a5e4d0a91b87,2021-02-11 14:14:33,562.557,2021-02-11 13:10:48.417000,2021-02-11 13:20:10.974000,224.583,false,typical_of_concept,cold,pomade,../data/prolific_output/run5_scalar_heat-group_scalar_heat/qu70-s_qu3-batch1.csv
qu70-s_qu3-batch1.csv-2,2,NOT AVAILABLE,NOT AVAILABLE,c2fac0e6-01c1-4b66-8685-a3cbaffce5ba,PROLIFIC,11-Feb-2021 14:30:31,1174,46516,313c96c2-7fdc-42a4-b085-891053c92bef,``Cold'' is one for the first things which come to mind when I hear ``pomade' because cold is one of the typical temperatures of (a/an) pomade'.,``Heavy'' is one for the first things which come to mind when I hear ``rock' because heavy is one of the typical qualities of (a/an) rock'.,``Green'' is one for the first things which come to mind when I hear ``raspberry' because green is one of the typical colors of (a/an) raspberry'.,5_scalar_heat-set_extension_full_range,https://app.prolific.co/submissions/complete?cc=135DD3C8,Agree or disagree (run5_scalar_heat-set_extension_full_range-experiment_scalar-batch1-70-70),409932,0af312c7-c198-40b8-b4b5-0397746293a9,2021-02-11 14:30:31,425.954,2021-02-11 13:27:27.892000,2021-02-11 13:34:33.846000,3.0,false,typical_of_concept,cold,pomade,../data/prolific_output/run5_scalar_heat-group_scalar_heat/qu70-s_qu3-batch1.csv
qu70-s_qu3-batch1.csv-2,2,NOT AVAILABLE,NOT AVAILABLE,fa8a70d3-4a4f-439a-b049-c5af1ef4d008,PROLIFIC,11-Feb-2021 15:13:30,1174,46517,917f115d-ea89-44d5-9f37-a71e2a9d11d4,You can find (a/an) pomade which is cold. (A/an) pomade is usually either cold or not cold. It cannot be a bit more or less cold.,You can find (a/an) substance which is liquid. (A/an) substance is usually either liquid or not liquid. It cannot be a bit more or less liquid.,You can find (a/an) knife which is sharp. (A/an) knife is usually either sharp or not sharp. It cannot be a bit more or less sharp.,5_scalar_heat-set_extension_full_range,https://app.prolific.co/submissions/complete?cc=135DD3C8,Agree or disagree (run5_scalar_heat-set_extension_full_range-experiment_scalar-batch1-70-70),410503,36aca74e-7782-467a-bb9b-372a4508b253,2021-02-11 15:13:30,347.665,2021-02-11 14:11:18.938000,2021-02-11 14:17:06.603000,5.0,true,variability_limited,cold,pomade,../data/prolific_output/run5_scalar_heat-group_scalar_heat/qu70-s_qu3-batch1.csv
qu70-s_qu3-batch1.csv-2,2,NOT AVAILABLE,NOT AVAILABLE,67616648-48b2-4c7c-847c-3cfe6d860951,PROLIFIC,11-Feb-2021 13:55:20,1174,46517,917f115d-ea89-44d5-9f37-a71e2a9d11d4,You can find (a/an) pomade which is cold. (A/an) pomade is usually either cold or not cold. It cannot be a bit more or less cold.,You can find (a/an) substance which is liquid. (A/an) substance is usually either liquid or not liquid. It cannot be a bit more or less liquid.,You can find (a/an) knife which is sharp. (A/an) knife is usually either sharp or not sharp. It cannot be a bit more or less sharp.,5_scalar_heat-set_extension_full_range,https://app.prolific.co/submissions/complete?cc=135DD3C8,Agree or disagree (run5_scalar_heat-set_extension_full_range-experiment_scalar-batch1-70-70),408942,4b8b1443-dbc9-4db2-8d0c-aa650927f0cd,2021-02-11 13:55:20,949.262,2021-02-11 12:44:12.147000,2021-02-11 13:00:01.409000,5.0,false,variability_limited,cold,pomade,../data/prolific_output/run5_scalar_heat-group_scalar_heat/qu70-s_qu3-batch1.csv
qu70-s_qu3-batch1.csv-2,2,NOT AVAILABLE,NOT AVAILABLE,c5acc5c7-6592-4c17-a004-f364dd26d555,PROLIFIC,11-Feb-2021 14:25:18,1174,46517,917f115d-ea89-44d5-9f37-a71e2a9d11d4,You can find (a/an) pomade which is cold. (A/an) pomade is usually either cold or not cold. It cannot be a bit more or less cold.,You can find (a/an) substance which is liquid. (A/an) substance is usually either liquid or not liquid. It cannot be a bit more or less liquid.,You can find (a/an) knife which is sharp. (A/an) knife is usually either sharp or not sharp. It cannot be a bit more or less sharp.,5_scalar_heat-set_extension_full_range,https://app.prolific.co/submissions/complete?cc=135DD3C8,Agree or disagree (run5_scalar_heat-set_extension_full_range-experiment_scalar-batch1-70-70),409854,58c7d2c9-ee03-4b33-9e1f-e43e55ddd71b,2021-02-11 14:25:18,865.556,2021-02-11 13:20:47.199000,2021-02-11 13:35:12.755000,4.0,true,variability_limited,cold,pomade,../data/prolific_output/run5_scalar_heat-group_scalar_heat/qu70-s_qu3-batch1.csv
qu70-s_qu3-batch1.csv-2,2,NOT AVAILABLE,NOT AVAILABLE,4143fee4-d4f0-4e3d-901d-91dbd47391f1,PROLIFIC,11-Feb-2021 14:08:56,1174,46517,917f115d-ea89-44d5-9f37-a71e2a9d11d4,You can find (a/an) pomade which is cold. (A/an) pomade is usually either cold or not cold. It cannot be a bit more or less cold.,You can find (a/an) substance which is liquid. (A/an) substance is usually either liquid or not liquid. It cannot be a bit more or less liquid.,You can find (a/an) knife which is sharp. (A/an) knife is usually either sharp or not sharp. It cannot be a bit more or less sharp.,5_scalar_heat-set_extension_full_range,https://app.prolific.co/submissions/complete?cc=135DD3C8,Agree or disagree (run5_scalar_heat-set_extension_full_range-experiment_scalar-batch1-70-70),409308,f4040ca8-bc6b-44f5-930d-50975c5d58ca,2021-02-11 14:08:56,522.216,2021-02-11 13:01:04.933000,2021-02-11 13:09:47.149000,5.0,false,variability_limited,cold,pomade,../data/prolific_output/run5_scalar_heat-group_scalar_heat/qu70-s_qu3-batch1.csv
qu70-s_qu3-batch1.csv-2,2,NOT AVAILABLE,NOT AVAILABLE,393254ab-d116-4ce8-b686-bb7c17887d33,PROLIFIC,11-Feb-2021 14:13:55,1174,46517,917f115d-ea89-44d5-9f37-a71e2a9d11d4,You can find (a/an) pomade which is cold. (A/an) pomade is usually either cold or not cold. It cannot be a bit more or less cold.,You can find (a/an) substance which is liquid. (A/an) substance is usually either liquid or not liquid. It cannot be a bit more or less liquid.,You can find (a/an) knife which is sharp. (A/an) knife is usually either sharp or not sharp. It cannot be a bit more or less sharp.,5_scalar_heat-set_extension_full_range,https://app.prolific.co/submissions/complete?cc=135DD3C8,Agree or disagree (run5_scalar_heat-set_extension_full_range-experiment_scalar-batch1-70-70),409485,834835eb-9865-4815-b6db-15014a735a24,2021-02-11 14:13:55,818.111,2021-02-11 13:05:51.212000,2021-02-11 13:19:29.323000,6.0,false,variability_limited,cold,pomade,../data/prolific_output/run5_scalar_heat-group_scalar_heat/qu70-s_qu3-batch1.csv
qu70-s_qu3-batch1.csv-2,2,NOT AVAILABLE,NOT AVAILABLE,93323109-435d-4f37-a41b-e4a720b53a81,PROLIFIC,11-Feb-2021 13:53:30,1174,46517,917f115d-ea89-44d5-9f37-a71e2a9d11d4,You can find (a/an) pomade which is cold. (A/an) pomade is usually either cold or not cold. It cannot be a bit more or less cold.,You can find (a/an) substance which is liquid. (A/an) substance is usually either liquid or not liquid. It cannot be a bit more or less liquid.,You can find (a/an) knife which is sharp. (A/an) knife is usually either sharp or not sharp. It cannot be a bit more or less sharp.,5_scalar_heat-set_extension_full_range,https://app.prolific.co/submissions/complete?cc=135DD3C8,Agree or disagree (run5_scalar_heat-set_extension_full_range-experiment_scalar-batch1-70-70),408868,82c56142-3879-41f6-8500-4783463481b7,2021-02-11 13:53:30,401.872,2021-02-11 12:49:55.451000,2021-02-11 12:56:37.323000,6.0,false,variability_limited,cold,pomade,../data/prolific_output/run5_scalar_heat-group_scalar_heat/qu70-s_qu3-batch1.csv
qu70-s_qu3-batch1.csv-2,2,NOT AVAILABLE,NOT AVAILABLE,5dc4ef01-5966-49da-b93c-8694d8e953c4,PROLIFIC,11-Feb-2021 13:42:50,1174,46517,917f115d-ea89-44d5-9f37-a71e2a9d11d4,You can find (a/an) pomade which is cold. (A/an) pomade is usually either cold or not cold. It cannot be a bit more or less cold.,You can find (a/an) substance which is liquid. (A/an) substance is usually either liquid or not liquid. It cannot be a bit more or less liquid.,You can find (a/an) knife which is sharp. (A/an) knife is usually either sharp or not sharp. It cannot be a bit more or less sharp.,5_scalar_heat-set_extension_full_range,https://app.prolific.co/submissions/complete?cc=135DD3C8,Agree or disagree (run5_scalar_heat-set_extension_full_range-experiment_scalar-batch1-70-70),408643,1117ce26-246d-44e3-be2d-347f472432f0,2021-02-11 13:42:50,443.921,2021-02-11 12:38:29.969000,2021-02-11 12:45:53.890000,6.0,false,variability_limited,cold,pomade,../data/prolific_output/run5_scalar_heat-group_scalar_heat/qu70-s_qu3-batch1.csv
qu70-s_qu3-batch1.csv-2,2,NOT AVAILABLE,NOT AVAILABLE,6591e696-4740-4846-875f-72b909d5e0c8,PROLIFIC,11-Feb-2021 14:19:12,1174,46517,917f115d-ea89-44d5-9f37-a71e2a9d11d4,You can find (a/an) pomade which is cold. (A/an) pomade is usually either cold or not cold. It cannot be a bit more or less cold.,You can find (a/an) substance which is liquid. (A/an) substance is usually either liquid or not liquid. It cannot be a bit more or less liquid.,You can find (a/an) knife which is sharp. (A/an) knife is usually either sharp or not sharp. It cannot be a bit more or less sharp.,5_scalar_heat-set_extension_full_range,https://app.prolific.co/submissions/complete?cc=135DD3C8,Agree or disagree (run5_scalar_heat-set_extension_full_range-experiment_scalar-batch1-70-70),409745,95856a89-c206-4c6d-b057-7fae269a5a73,2021-02-11 14:19:12,562.557,2021-02-11 13:10:48.417000,2021-02-11 13:20:10.974000,3.0,false,variability_limited,cold,pomade,../data/prolific_output/run5_scalar_heat-group_scalar_heat/qu70-s_qu3-batch1.csv
qu70-s_qu3-batch1.csv-2,2,NOT AVAILABLE,NOT AVAILABLE,c2fac0e6-01c1-4b66-8685-a3cbaffce5ba,PROLIFIC,11-Feb-2021 14:33:32,1174,46517,917f115d-ea89-44d5-9f37-a71e2a9d11d4,You can find (a/an) pomade which is cold. (A/an) pomade is usually either cold or not cold. It cannot be a bit more or less cold.,You can find (a/an) substance which is liquid. (A/an) substance is usually either liquid or not liquid. It cannot be a bit more or less liquid.,You can find (a/an) knife which is sharp. (A/an) knife is usually either sharp or not sharp. It cannot be a bit more or less sharp.,5_scalar_heat-set_extension_full_range,https://app.prolific.co/submissions/complete?cc=135DD3C8,Agree or disagree (run5_scalar_heat-set_extension_full_range-experiment_scalar-batch1-70-70),410016,8e5179d9-9c79-4e53-a6f0-168a9224b175,2021-02-11 14:33:32,425.954,2021-02-11 13:27:27.892000,2021-02-11 13:34:33.846000,4.0,false,variability_limited,cold,pomade,../data/prolific_output/run5_scalar_heat-group_scalar_heat/qu70-s_qu3-batch1.csv
qu70-s_qu3-batch1.csv-2,2,NOT AVAILABLE,NOT AVAILABLE,fa8a70d3-4a4f-439a-b049-c5af1ef4d008,PROLIFIC,11-Feb-2021 15:13:06,1174,46518,20b15890-70b8-4db5-bcea-b4f163299bf5,I think it is impossible for (a/an) pomade to be cold.,I think it is impossible for (a/an) flame to be frozen.,I think it is impossible for (a/an) book to be light.,5_scalar_heat-set_extension_full_range,https://app.prolific.co/submissions/complete?cc=135DD3C8,Agree or disagree (run5_scalar_heat-set_extension_full_range-experiment_scalar-batch1-70-70),410496,e5a40f09-b1fa-4176-bce7-ee241ff753e3,2021-02-11 15:13:06,347.665,2021-02-11 14:11:18.938000,2021-02-11 14:17:06.603000,19.0,false,impossible,cold,pomade,../data/prolific_output/run5_scalar_heat-group_scalar_heat/qu70-s_qu3-batch1.csv
qu70-s_qu3-batch1.csv-2,2,NOT AVAILABLE,NOT AVAILABLE,67616648-48b2-4c7c-847c-3cfe6d860951,PROLIFIC,11-Feb-2021 13:59:19,1174,46518,20b15890-70b8-4db5-bcea-b4f163299bf5,I think it is impossible for (a/an) pomade to be cold.,I think it is impossible for (a/an) flame to be frozen.,I think it is impossible for (a/an) book to be light.,5_scalar_heat-set_extension_full_range,https://app.prolific.co/submissions/complete?cc=135DD3C8,Agree or disagree (run5_scalar_heat-set_extension_full_range-experiment_scalar-batch1-70-70),409103,9003ebee-e65a-4e05-8556-809b7945d5c8,2021-02-11 13:59:19,949.262,2021-02-11 12:44:12.147000,2021-02-11 13:00:01.409000,4.0,false,impossible,cold,pomade,../data/prolific_output/run5_scalar_heat-group_scalar_heat/qu70-s_qu3-batch1.csv
qu70-s_qu3-batch1.csv-2,2,NOT AVAILABLE,NOT AVAILABLE,c5acc5c7-6592-4c17-a004-f364dd26d555,PROLIFIC,11-Feb-2021 14:23:12,1174,46518,20b15890-70b8-4db5-bcea-b4f163299bf5,I think it is impossible for (a/an) pomade to be cold.,I think it is impossible for (a/an) flame to be frozen.,I think it is impossible for (a/an) book to be light.,5_scalar_heat-set_extension_full_range,https://app.prolific.co/submissions/complete?cc=135DD3C8,Agree or disagree (run5_scalar_heat-set_extension_full_range-experiment_scalar-batch1-70-70),409818,bc2207b8-97dc-4697-aed4-ec418744f63c,2021-02-11 14:23:12,865.556,2021-02-11 13:20:47.199000,2021-02-11 13:35:12.755000,4.0,false,impossible,cold,pomade,../data/prolific_output/run5_scalar_heat-group_scalar_heat/qu70-s_qu3-batch1.csv
qu70-s_qu3-batch1.csv-2,2,NOT AVAILABLE,NOT AVAILABLE,4143fee4-d4f0-4e3d-901d-91dbd47391f1,PROLIFIC,11-Feb-2021 14:07:43,1174,46518,20b15890-70b8-4db5-bcea-b4f163299bf5,I think it is impossible for (a/an) pomade to be cold.,I think it is impossible for (a/an) flame to be frozen.,I think it is impossible for (a/an) book to be light.,5_scalar_heat-set_extension_full_range,https://app.prolific.co/submissions/complete?cc=135DD3C8,Agree or disagree (run5_scalar_heat-set_extension_full_range-experiment_scalar-batch1-70-70),409272,a5ae6683-f641-450a-b1b7-25ef7e588e19,2021-02-11 14:07:43,522.216,2021-02-11 13:01:04.933000,2021-02-11 13:09:47.149000,2.0,true,impossible,cold,pomade,../data/prolific_output/run5_scalar_heat-group_scalar_heat/qu70-s_qu3-batch1.csv
qu70-s_qu3-batch1.csv-2,2,NOT AVAILABLE,NOT AVAILABLE,393254ab-d116-4ce8-b686-bb7c17887d33,PROLIFIC,11-Feb-2021 14:14:46,1174,46518,20b15890-70b8-4db5-bcea-b4f163299bf5,I think it is impossible for (a/an) pomade to be cold.,I think it is impossible for (a/an) flame to be frozen.,I think it is impossible for (a/an) book to be light.,5_scalar_heat-set_extension_full_range,https://app.prolific.co/submissions/complete?cc=135DD3C8,Agree or disagree (run5_scalar_heat-set_extension_full_range-experiment_scalar-batch1-70-70),409520,a5d78978-13c7-4775-83bb-3b4a3fe262be,2021-02-11 14:14:46,818.111,2021-02-11 13:05:51.212000,2021-02-11 13:19:29.323000,5.0,false,impossible,cold,pomade,../data/prolific_output/run5_scalar_heat-group_scalar_heat/qu70-s_qu3-batch1.csv
qu70-s_qu3-batch1.csv-2,2,NOT AVAILABLE,NOT AVAILABLE,93323109-435d-4f37-a41b-e4a720b53a81,PROLIFIC,11-Feb-2021 13:54:04,1174,46518,20b15890-70b8-4db5-bcea-b4f163299bf5,I think it is impossible for (a/an) pomade to be cold.,I think it is impossible for (a/an) flame to be frozen.,I think it is impossible for (a/an) book to be light.,5_scalar_heat-set_extension_full_range,https://app.prolific.co/submissions/complete?cc=135DD3C8,Agree or disagree (run5_scalar_heat-set_extension_full_range-experiment_scalar-batch1-70-70),408891,38b77fe3-bc9e-4641-8126-e6f1116a3bcb,2021-02-11 13:54:04,401.872,2021-02-11 12:49:55.451000,2021-02-11 12:56:37.323000,3.0,false,impossible,cold,pomade,../data/prolific_output/run5_scalar_heat-group_scalar_heat/qu70-s_qu3-batch1.csv
qu70-s_qu3-batch1.csv-2,2,NOT AVAILABLE,NOT AVAILABLE,5dc4ef01-5966-49da-b93c-8694d8e953c4,PROLIFIC,11-Feb-2021 13:43:59,1174,46518,20b15890-70b8-4db5-bcea-b4f163299bf5,I think it is impossible for (a/an) pomade to be cold.,I think it is impossible for (a/an) flame to be frozen.,I think it is impossible for (a/an) book to be light.,5_scalar_heat-set_extension_full_range,https://app.prolific.co/submissions/complete?cc=135DD3C8,Agree or disagree (run5_scalar_heat-set_extension_full_range-experiment_scalar-batch1-70-70),408662,e0aba604-2b12-4c0f-ae15-e922f500f12f,2021-02-11 13:43:59,443.921,2021-02-11 12:38:29.969000,2021-02-11 12:45:53.890000,2.0,true,impossible,cold,pomade,../data/prolific_output/run5_scalar_heat-group_scalar_heat/qu70-s_qu3-batch1.csv
qu70-s_qu3-batch1.csv-2,2,NOT AVAILABLE,NOT AVAILABLE,6591e696-4740-4846-875f-72b909d5e0c8,PROLIFIC,11-Feb-2021 14:18:40,1174,46518,20b15890-70b8-4db5-bcea-b4f163299bf5,I think it is impossible for (a/an) pomade to be cold.,I think it is impossible for (a/an) flame to be frozen.,I think it is impossible for (a/an) book to be light.,5_scalar_heat-set_extension_full_range,https://app.prolific.co/submissions/complete?cc=135DD3C8,Agree or disagree (run5_scalar_heat-set_extension_full_range-experiment_scalar-batch1-70-70),409721,4565c5d2-b321-4374-b007-46c83f08cbce,2021-02-11 14:18:40,562.557,2021-02-11 13:10:48.417000,2021-02-11 13:20:10.974000,1.0,false,impossible,cold,pomade,../data/prolific_output/run5_scalar_heat-group_scalar_heat/qu70-s_qu3-batch1.csv
qu70-s_qu3-batch1.csv-2,2,NOT AVAILABLE,NOT AVAILABLE,c2fac0e6-01c1-4b66-8685-a3cbaffce5ba,PROLIFIC,11-Feb-2021 14:34:04,1174,46518,20b15890-70b8-4db5-bcea-b4f163299bf5,I think it is impossible for (a/an) pomade to be cold.,I think it is impossible for (a/an) flame to be frozen.,I think it is impossible for (a/an) book to be light.,5_scalar_heat-set_extension_full_range,https://app.prolific.co/submissions/complete?cc=135DD3C8,Agree or disagree (run5_scalar_heat-set_extension_full_range-experiment_scalar-batch1-70-70),410033,a80d98af-df5b-4183-bce5-6a1cdae46c64,2021-02-11 14:34:04,425.954,2021-02-11 13:27:27.892000,2021-02-11 13:34:33.846000,5.0,false,impossible,cold,pomade,../data/prolific_output/run5_scalar_heat-group_scalar_heat/qu70-s_qu3-batch1.csv
qu70-s_qu3-batch1.csv-2,2,NOT AVAILABLE,NOT AVAILABLE,fa8a70d3-4a4f-439a-b049-c5af1ef4d008,PROLIFIC,11-Feb-2021 15:15:47,1174,46519,33819b92-3586-4216-ac76-3ce309c24885,I know that (a/an) pomade is cold as most or all other things similar to (a/an) pomade are cold. ,I know that (a/an) chocoloate_cake is sweet as most or all other things similar to (a/an) chocoloate_cake are sweet. ,I know that (a/an) table is transparent as most or all other things similar to (a/an) table are transparent. ,5_scalar_heat-set_extension_full_range,https://app.prolific.co/submissions/complete?cc=135DD3C8,Agree or disagree (run5_scalar_heat-set_extension_full_range-experiment_scalar-batch1-70-70),410537,26b3bc29-fd4f-440f-ab60-8f8204de0a4a,2021-02-11 15:15:47,347.665,2021-02-11 14:11:18.938000,2021-02-11 14:17:06.603000,4.0,false,implied_category,cold,pomade,../data/prolific_output/run5_scalar_heat-group_scalar_heat/qu70-s_qu3-batch1.csv
qu70-s_qu3-batch1.csv-2,2,NOT AVAILABLE,NOT AVAILABLE,67616648-48b2-4c7c-847c-3cfe6d860951,PROLIFIC,11-Feb-2021 13:56:49,1174,46519,33819b92-3586-4216-ac76-3ce309c24885,I know that (a/an) pomade is cold as most or all other things similar to (a/an) pomade are cold. ,I know that (a/an) chocoloate_cake is sweet as most or all other things similar to (a/an) chocoloate_cake are sweet. ,I know that (a/an) table is transparent as most or all other things similar to (a/an) table are transparent. ,5_scalar_heat-set_extension_full_range,https://app.prolific.co/submissions/complete?cc=135DD3C8,Agree or disagree (run5_scalar_heat-set_extension_full_range-experiment_scalar-batch1-70-70),408997,47081adc-f944-48af-a869-8777a0f02558,2021-02-11 13:56:49,949.262,2021-02-11 12:44:12.147000,2021-02-11 13:00:01.409000,4.0,false,implied_category,cold,pomade,../data/prolific_output/run5_scalar_heat-group_scalar_heat/qu70-s_qu3-batch1.csv
qu70-s_qu3-batch1.csv-2,2,NOT AVAILABLE,NOT AVAILABLE,c5acc5c7-6592-4c17-a004-f364dd26d555,PROLIFIC,11-Feb-2021 14:27:56,1174,46519,33819b92-3586-4216-ac76-3ce309c24885,I know that (a/an) pomade is cold as most or all other things similar to (a/an) pomade are cold. ,I know that (a/an) chocoloate_cake is sweet as most or all other things similar to (a/an) chocoloate_cake are sweet. ,I know that (a/an) table is transparent as most or all other things similar to (a/an) table are transparent. ,5_scalar_heat-set_extension_full_range,https://app.prolific.co/submissions/complete?cc=135DD3C8,Agree or disagree (run5_scalar_heat-set_extension_full_range-experiment_scalar-batch1-70-70),409880,3015af9c-294f-4fba-bef1-365305dd9da3,2021-02-11 14:27:56,865.556,2021-02-11 13:20:47.199000,2021-02-11 13:35:12.755000,2.0,false,implied_category,cold,pomade,../data/prolific_output/run5_scalar_heat-group_scalar_heat/qu70-s_qu3-batch1.csv
qu70-s_qu3-batch1.csv-2,2,NOT AVAILABLE,NOT AVAILABLE,4143fee4-d4f0-4e3d-901d-91dbd47391f1,PROLIFIC,11-Feb-2021 14:09:43,1174,46519,33819b92-3586-4216-ac76-3ce309c24885,I know that (a/an) pomade is cold as most or all other things similar to (a/an) pomade are cold. ,I know that (a/an) chocoloate_cake is sweet as most or all other things similar to (a/an) chocoloate_cake are sweet. ,I know that (a/an) table is transparent as most or all other things similar to (a/an) table are transparent. ,5_scalar_heat-set_extension_full_range,https://app.prolific.co/submissions/complete?cc=135DD3C8,Agree or disagree (run5_scalar_heat-set_extension_full_range-experiment_scalar-batch1-70-70),409348,2c45bba2-3d57-4129-be44-41563193f080,2021-02-11 14:09:43,522.216,2021-02-11 13:01:04.933000,2021-02-11 13:09:47.149000,5.149,false,implied_category,cold,pomade,../data/prolific_output/run5_scalar_heat-group_scalar_heat/qu70-s_qu3-batch1.csv
qu70-s_qu3-batch1.csv-2,2,NOT AVAILABLE,NOT AVAILABLE,393254ab-d116-4ce8-b686-bb7c17887d33,PROLIFIC,11-Feb-2021 14:16:06,1174,46519,33819b92-3586-4216-ac76-3ce309c24885,I know that (a/an) pomade is cold as most or all other things similar to (a/an) pomade are cold. ,I know that (a/an) chocoloate_cake is sweet as most or all other things similar to (a/an) chocoloate_cake are sweet. ,I know that (a/an) table is transparent as most or all other things similar to (a/an) table are transparent. ,5_scalar_heat-set_extension_full_range,https://app.prolific.co/submissions/complete?cc=135DD3C8,Agree or disagree (run5_scalar_heat-set_extension_full_range-experiment_scalar-batch1-70-70),409598,8eefd553-9055-4495-a184-02d536319353,2021-02-11 14:16:06,818.111,2021-02-11 13:05:51.212000,2021-02-11 13:19:29.323000,3.0,false,implied_category,cold,pomade,../data/prolific_output/run5_scalar_heat-group_scalar_heat/qu70-s_qu3-batch1.csv
qu70-s_qu3-batch1.csv-2,2,NOT AVAILABLE,NOT AVAILABLE,93323109-435d-4f37-a41b-e4a720b53a81,PROLIFIC,11-Feb-2021 13:53:24,1174,46519,33819b92-3586-4216-ac76-3ce309c24885,I know that (a/an) pomade is cold as most or all other things similar to (a/an) pomade are cold. ,I know that (a/an) chocoloate_cake is sweet as most or all other things similar to (a/an) chocoloate_cake are sweet. ,I know that (a/an) table is transparent as most or all other things similar to (a/an) table are transparent. ,5_scalar_heat-set_extension_full_range,https://app.prolific.co/submissions/complete?cc=135DD3C8,Agree or disagree (run5_scalar_heat-set_extension_full_range-experiment_scalar-batch1-70-70),408862,ee0716fd-17c4-4311-b586-b733f6ef852b,2021-02-11 13:53:24,401.872,2021-02-11 12:49:55.451000,2021-02-11 12:56:37.323000,3.0,false,implied_category,cold,pomade,../data/prolific_output/run5_scalar_heat-group_scalar_heat/qu70-s_qu3-batch1.csv
qu70-s_qu3-batch1.csv-2,2,NOT AVAILABLE,NOT AVAILABLE,5dc4ef01-5966-49da-b93c-8694d8e953c4,PROLIFIC,11-Feb-2021 13:40:44,1174,46519,33819b92-3586-4216-ac76-3ce309c24885,I know that (a/an) pomade is cold as most or all other things similar to (a/an) pomade are cold. ,I know that (a/an) chocoloate_cake is sweet as most or all other things similar to (a/an) chocoloate_cake are sweet. ,I know that (a/an) table is transparent as most or all other things similar to (a/an) table are transparent. ,5_scalar_heat-set_extension_full_range,https://app.prolific.co/submissions/complete?cc=135DD3C8,Agree or disagree (run5_scalar_heat-set_extension_full_range-experiment_scalar-batch1-70-70),408613,9d5bd411-1a08-4917-a2c3-6b8de4a31a2c,2021-02-11 13:40:44,443.921,2021-02-11 12:38:29.969000,2021-02-11 12:45:53.890000,10.0,false,implied_category,cold,pomade,../data/prolific_output/run5_scalar_heat-group_scalar_heat/qu70-s_qu3-batch1.csv
qu70-s_qu3-batch1.csv-2,2,NOT AVAILABLE,NOT AVAILABLE,6591e696-4740-4846-875f-72b909d5e0c8,PROLIFIC,11-Feb-2021 14:18:06,1174,46519,33819b92-3586-4216-ac76-3ce309c24885,I know that (a/an) pomade is cold as most or all other things similar to (a/an) pomade are cold. ,I know that (a/an) chocoloate_cake is sweet as most or all other things similar to (a/an) chocoloate_cake are sweet. ,I know that (a/an) table is transparent as most or all other things similar to (a/an) table are transparent. ,5_scalar_heat-set_extension_full_range,https://app.prolific.co/submissions/complete?cc=135DD3C8,Agree or disagree (run5_scalar_heat-set_extension_full_range-experiment_scalar-batch1-70-70),409690,077ea3eb-4d33-4b01-97c8-2b0644fa54ed,2021-02-11 14:18:06,562.557,2021-02-11 13:10:48.417000,2021-02-11 13:20:10.974000,1.0,false,implied_category,cold,pomade,../data/prolific_output/run5_scalar_heat-group_scalar_heat/qu70-s_qu3-batch1.csv
qu70-s_qu3-batch1.csv-2,2,NOT AVAILABLE,NOT AVAILABLE,c2fac0e6-01c1-4b66-8685-a3cbaffce5ba,PROLIFIC,11-Feb-2021 14:32:17,1174,46519,33819b92-3586-4216-ac76-3ce309c24885,I know that (a/an) pomade is cold as most or all other things similar to (a/an) pomade are cold. ,I know that (a/an) chocoloate_cake is sweet as most or all other things similar to (a/an) chocoloate_cake are sweet. ,I know that (a/an) table is transparent as most or all other things similar to (a/an) table are transparent. ,5_scalar_heat-set_extension_full_range,https://app.prolific.co/submissions/complete?cc=135DD3C8,Agree or disagree (run5_scalar_heat-set_extension_full_range-experiment_scalar-batch1-70-70),409978,c3924a38-e6b0-4595-8f42-217ae56b116f,2021-02-11 14:32:17,425.954,2021-02-11 13:27:27.892000,2021-02-11 13:34:33.846000,3.0,false,implied_category,cold,pomade,../data/prolific_output/run5_scalar_heat-group_scalar_heat/qu70-s_qu3-batch1.csv
qu70-s_qu3-batch1.csv-2,2,NOT AVAILABLE,NOT AVAILABLE,fa8a70d3-4a4f-439a-b049-c5af1ef4d008,PROLIFIC,11-Feb-2021 15:16:04,1174,46520,fdbc00ae-6926-47c6-a38e-adcaaee1adeb,"You can find (a/an) pomade which is cold. (A/an) pomade is usually either cold, a bit more or less cold or the opposite of cold.","You can find (a/an) knife which is sharp. (A/an) knife is usually either sharp, a bit more or less sharp or the opposite of sharp.","You can find (a/an) substance which is solid. (A/an) substance is usually either solid, a bit more or less solid or the opposite of solid.",5_scalar_heat-set_extension_full_range,https://app.prolific.co/submissions/complete?cc=135DD3C8,Agree or disagree (run5_scalar_heat-set_extension_full_range-experiment_scalar-batch1-70-70),410542,56680963-9a2c-4892-8930-e5416954d618,2021-02-11 15:16:04,347.665,2021-02-11 14:11:18.938000,2021-02-11 14:17:06.603000,3.0,false,variability_open,cold,pomade,../data/prolific_output/run5_scalar_heat-group_scalar_heat/qu70-s_qu3-batch1.csv
qu70-s_qu3-batch1.csv-2,2,NOT AVAILABLE,NOT AVAILABLE,67616648-48b2-4c7c-847c-3cfe6d860951,PROLIFIC,11-Feb-2021 13:53:27,1174,46520,fdbc00ae-6926-47c6-a38e-adcaaee1adeb,"You can find (a/an) pomade which is cold. (A/an) pomade is usually either cold, a bit more or less cold or the opposite of cold.","You can find (a/an) knife which is sharp. (A/an) knife is usually either sharp, a bit more or less sharp or the opposite of sharp.","You can find (a/an) substance which is solid. (A/an) substance is usually either solid, a bit more or less solid or the opposite of solid.",5_scalar_heat-set_extension_full_range,https://app.prolific.co/submissions/complete?cc=135DD3C8,Agree or disagree (run5_scalar_heat-set_extension_full_range-experiment_scalar-batch1-70-70),408864,7e5efc99-d4bf-4e78-ac48-c0fa63d8f825,2021-02-11 13:53:27,949.262,2021-02-11 12:44:12.147000,2021-02-11 13:00:01.409000,7.0,true,variability_open,cold,pomade,../data/prolific_output/run5_scalar_heat-group_scalar_heat/qu70-s_qu3-batch1.csv
qu70-s_qu3-batch1.csv-2,2,NOT AVAILABLE,NOT AVAILABLE,c5acc5c7-6592-4c17-a004-f364dd26d555,PROLIFIC,11-Feb-2021 14:23:08,1174,46520,fdbc00ae-6926-47c6-a38e-adcaaee1adeb,"You can find (a/an) pomade which is cold. (A/an) pomade is usually either cold, a bit more or less cold or the opposite of cold.","You can find (a/an) knife which is sharp. (A/an) knife is usually either sharp, a bit more or less sharp or the opposite of sharp.","You can find (a/an) substance which is solid. (A/an) substance is usually either solid, a bit more or less solid or the opposite of solid.",5_scalar_heat-set_extension_full_range,https://app.prolific.co/submissions/complete?cc=135DD3C8,Agree or disagree (run5_scalar_heat-set_extension_full_range-experiment_scalar-batch1-70-70),409816,dd70bb1f-d0f3-4a21-b13d-107f0acb0a17,2021-02-11 14:23:08,865.556,2021-02-11 13:20:47.199000,2021-02-11 13:35:12.755000,140.801,false,variability_open,cold,pomade,../data/prolific_output/run5_scalar_heat-group_scalar_heat/qu70-s_qu3-batch1.csv
qu70-s_qu3-batch1.csv-2,2,NOT AVAILABLE,NOT AVAILABLE,4143fee4-d4f0-4e3d-901d-91dbd47391f1,PROLIFIC,11-Feb-2021 14:07:41,1174,46520,fdbc00ae-6926-47c6-a38e-adcaaee1adeb,"You can find (a/an) pomade which is cold. (A/an) pomade is usually either cold, a bit more or less cold or the opposite of cold.","You can find (a/an) knife which is sharp. (A/an) knife is usually either sharp, a bit more or less sharp or the opposite of sharp.","You can find (a/an) substance which is solid. (A/an) substance is usually either solid, a bit more or less solid or the opposite of solid.",5_scalar_heat-set_extension_full_range,https://app.prolific.co/submissions/complete?cc=135DD3C8,Agree or disagree (run5_scalar_heat-set_extension_full_range-experiment_scalar-batch1-70-70),409270,82a4a3b1-70f6-48bd-8e38-e3e9088fe631,2021-02-11 14:07:41,522.216,2021-02-11 13:01:04.933000,2021-02-11 13:09:47.149000,1.0,false,variability_open,cold,pomade,../data/prolific_output/run5_scalar_heat-group_scalar_heat/qu70-s_qu3-batch1.csv
qu70-s_qu3-batch1.csv-2,2,NOT AVAILABLE,NOT AVAILABLE,393254ab-d116-4ce8-b686-bb7c17887d33,PROLIFIC,11-Feb-2021 14:08:58,1174,46520,fdbc00ae-6926-47c6-a38e-adcaaee1adeb,"You can find (a/an) pomade which is cold. (A/an) pomade is usually either cold, a bit more or less cold or the opposite of cold.","You can find (a/an) knife which is sharp. (A/an) knife is usually either sharp, a bit more or less sharp or the opposite of sharp.","You can find (a/an) substance which is solid. (A/an) substance is usually either solid, a bit more or less solid or the opposite of solid.",5_scalar_heat-set_extension_full_range,https://app.prolific.co/submissions/complete?cc=135DD3C8,Agree or disagree (run5_scalar_heat-set_extension_full_range-experiment_scalar-batch1-70-70),409310,525b988e-78db-4b85-be52-ae204b231f54,2021-02-11 14:08:58,818.111,2021-02-11 13:05:51.212000,2021-02-11 13:19:29.323000,42.0,false,variability_open,cold,pomade,../data/prolific_output/run5_scalar_heat-group_scalar_heat/qu70-s_qu3-batch1.csv
qu70-s_qu3-batch1.csv-2,2,NOT AVAILABLE,NOT AVAILABLE,93323109-435d-4f37-a41b-e4a720b53a81,PROLIFIC,11-Feb-2021 13:51:52,1174,46520,fdbc00ae-6926-47c6-a38e-adcaaee1adeb,"You can find (a/an) pomade which is cold. (A/an) pomade is usually either cold, a bit more or less cold or the opposite of cold.","You can find (a/an) knife which is sharp. (A/an) knife is usually either sharp, a bit more or less sharp or the opposite of sharp.","You can find (a/an) substance which is solid. (A/an) substance is usually either solid, a bit more or less solid or the opposite of solid.",5_scalar_heat-set_extension_full_range,https://app.prolific.co/submissions/complete?cc=135DD3C8,Agree or disagree (run5_scalar_heat-set_extension_full_range-experiment_scalar-batch1-70-70),408801,622ce545-4ee3-4c8d-868d-18be9e9abee4,2021-02-11 13:51:52,401.872,2021-02-11 12:49:55.451000,2021-02-11 12:56:37.323000,13.0,true,variability_open,cold,pomade,../data/prolific_output/run5_scalar_heat-group_scalar_heat/qu70-s_qu3-batch1.csv
qu70-s_qu3-batch1.csv-2,2,NOT AVAILABLE,NOT AVAILABLE,5dc4ef01-5966-49da-b93c-8694d8e953c4,PROLIFIC,11-Feb-2021 13:42:35,1174,46520,fdbc00ae-6926-47c6-a38e-adcaaee1adeb,"You can find (a/an) pomade which is cold. (A/an) pomade is usually either cold, a bit more or less cold or the opposite of cold.","You can find (a/an) knife which is sharp. (A/an) knife is usually either sharp, a bit more or less sharp or the opposite of sharp.","You can find (a/an) substance which is solid. (A/an) substance is usually either solid, a bit more or less solid or the opposite of solid.",5_scalar_heat-set_extension_full_range,https://app.prolific.co/submissions/complete?cc=135DD3C8,Agree or disagree (run5_scalar_heat-set_extension_full_range-experiment_scalar-batch1-70-70),408639,85290a51-d121-4d39-bbd1-a61c890ce4db,2021-02-11 13:42:35,443.921,2021-02-11 12:38:29.969000,2021-02-11 12:45:53.890000,2.0,false,variability_open,cold,pomade,../data/prolific_output/run5_scalar_heat-group_scalar_heat/qu70-s_qu3-batch1.csv
qu70-s_qu3-batch1.csv-2,2,NOT AVAILABLE,NOT AVAILABLE,6591e696-4740-4846-875f-72b909d5e0c8,PROLIFIC,11-Feb-2021 14:18:22,1174,46520,fdbc00ae-6926-47c6-a38e-adcaaee1adeb,"You can find (a/an) pomade which is cold. (A/an) pomade is usually either cold, a bit more or less cold or the opposite of cold.","You can find (a/an) knife which is sharp. (A/an) knife is usually either sharp, a bit more or less sharp or the opposite of sharp.","You can find (a/an) substance which is solid. (A/an) substance is usually either solid, a bit more or less solid or the opposite of solid.",5_scalar_heat-set_extension_full_range,https://app.prolific.co/submissions/complete?cc=135DD3C8,Agree or disagree (run5_scalar_heat-set_extension_full_range-experiment_scalar-batch1-70-70),409704,413419fe-3bc4-4861-95e4-101a3aa4034f,2021-02-11 14:18:22,562.557,2021-02-11 13:10:48.417000,2021-02-11 13:20:10.974000,4.0,true,variability_open,cold,pomade,../data/prolific_output/run5_scalar_heat-group_scalar_heat/qu70-s_qu3-batch1.csv
qu70-s_qu3-batch1.csv-2,2,NOT AVAILABLE,NOT AVAILABLE,c2fac0e6-01c1-4b66-8685-a3cbaffce5ba,PROLIFIC,11-Feb-2021 14:32:38,1174,46520,fdbc00ae-6926-47c6-a38e-adcaaee1adeb,"You can find (a/an) pomade which is cold. (A/an) pomade is usually either cold, a bit more or less cold or the opposite of cold.","You can find (a/an) knife which is sharp. (A/an) knife is usually either sharp, a bit more or less sharp or the opposite of sharp.","You can find (a/an) substance which is solid. (A/an) substance is usually either solid, a bit more or less solid or the opposite of solid.",5_scalar_heat-set_extension_full_range,https://app.prolific.co/submissions/complete?cc=135DD3C8,Agree or disagree (run5_scalar_heat-set_extension_full_range-experiment_scalar-batch1-70-70),409987,be10179d-37dd-4010-9104-6c337dcc0115,2021-02-11 14:32:38,425.954,2021-02-11 13:27:27.892000,2021-02-11 13:34:33.846000,6.0,true,variability_open,cold,pomade,../data/prolific_output/run5_scalar_heat-group_scalar_heat/qu70-s_qu3-batch1.csv
qu70-s_qu3-batch1.csv-2,2,NOT AVAILABLE,NOT AVAILABLE,fa8a70d3-4a4f-439a-b049-c5af1ef4d008,PROLIFIC,11-Feb-2021 15:16:23,1174,46521,30dbeb22-4456-406b-ab02-8689c785dc93,I know that being cold is necessary for many things (a/an) berry does or is used for. ,I know that being bright is necessary for many things (a/an) flashlight does or is used for. ,I know that being grey is necessary for many things (a/an) car does or is used for. ,5_scalar_heat-set_extension_full_range,https://app.prolific.co/submissions/complete?cc=135DD3C8,Agree or disagree (run5_scalar_heat-set_extension_full_range-experiment_scalar-batch1-70-70),410548,5f24bce0-f64b-43b0-b5c4-0ebce35677ff,2021-02-11 15:16:23,347.665,2021-02-11 14:11:18.938000,2021-02-11 14:17:06.603000,4.0,false,affording_activity,cold,berry,../data/prolific_output/run5_scalar_heat-group_scalar_heat/qu70-s_qu3-batch1.csv
qu70-s_qu3-batch1.csv-2,2,NOT AVAILABLE,NOT AVAILABLE,67616648-48b2-4c7c-847c-3cfe6d860951,PROLIFIC,11-Feb-2021 13:57:11,1174,46521,30dbeb22-4456-406b-ab02-8689c785dc93,I know that being cold is necessary for many things (a/an) berry does or is used for. ,I know that being bright is necessary for many things (a/an) flashlight does or is used for. ,I know that being grey is necessary for many things (a/an) car does or is used for. ,5_scalar_heat-set_extension_full_range,https://app.prolific.co/submissions/complete?cc=135DD3C8,Agree or disagree (run5_scalar_heat-set_extension_full_range-experiment_scalar-batch1-70-70),409010,c21c635f-0cea-48c3-aadf-2aafaa5ac209,2021-02-11 13:57:11,949.262,2021-02-11 12:44:12.147000,2021-02-11 13:00:01.409000,8.0,false,affording_activity,cold,berry,../data/prolific_output/run5_scalar_heat-group_scalar_heat/qu70-s_qu3-batch1.csv
qu70-s_qu3-batch1.csv-2,2,NOT AVAILABLE,NOT AVAILABLE,c5acc5c7-6592-4c17-a004-f364dd26d555,PROLIFIC,11-Feb-2021 14:32:34,1174,46521,30dbeb22-4456-406b-ab02-8689c785dc93,I know that being cold is necessary for many things (a/an) berry does or is used for. ,I know that being bright is necessary for many things (a/an) flashlight does or is used for. ,I know that being grey is necessary for many things (a/an) car does or is used for. ,5_scalar_heat-set_extension_full_range,https://app.prolific.co/submissions/complete?cc=135DD3C8,Agree or disagree (run5_scalar_heat-set_extension_full_range-experiment_scalar-batch1-70-70),409985,e898cd5a-d2a5-439d-a30a-e5ca87f8a9ad,2021-02-11 14:32:34,865.556,2021-02-11 13:20:47.199000,2021-02-11 13:35:12.755000,16.0,false,affording_activity,cold,berry,../data/prolific_output/run5_scalar_heat-group_scalar_heat/qu70-s_qu3-batch1.csv
qu70-s_qu3-batch1.csv-2,2,NOT AVAILABLE,NOT AVAILABLE,4143fee4-d4f0-4e3d-901d-91dbd47391f1,PROLIFIC,11-Feb-2021 14:05:15,1174,46521,30dbeb22-4456-406b-ab02-8689c785dc93,I know that being cold is necessary for many things (a/an) berry does or is used for. ,I know that being bright is necessary for many things (a/an) flashlight does or is used for. ,I know that being grey is necessary for many things (a/an) car does or is used for. ,5_scalar_heat-set_extension_full_range,https://app.prolific.co/submissions/complete?cc=135DD3C8,Agree or disagree (run5_scalar_heat-set_extension_full_range-experiment_scalar-batch1-70-70),409208,07be6c40-a25c-40f1-92a0-84dd40d2be6d,2021-02-11 14:05:15,522.216,2021-02-11 13:01:04.933000,2021-02-11 13:09:47.149000,3.0,false,affording_activity,cold,berry,../data/prolific_output/run5_scalar_heat-group_scalar_heat/qu70-s_qu3-batch1.csv
qu70-s_qu3-batch1.csv-2,2,NOT AVAILABLE,NOT AVAILABLE,393254ab-d116-4ce8-b686-bb7c17887d33,PROLIFIC,11-Feb-2021 14:19:26,1174,46521,30dbeb22-4456-406b-ab02-8689c785dc93,I know that being cold is necessary for many things (a/an) berry does or is used for. ,I know that being bright is necessary for many things (a/an) flashlight does or is used for. ,I know that being grey is necessary for many things (a/an) car does or is used for. ,5_scalar_heat-set_extension_full_range,https://app.prolific.co/submissions/complete?cc=135DD3C8,Agree or disagree (run5_scalar_heat-set_extension_full_range-experiment_scalar-batch1-70-70),409753,5121f7a8-83e2-494a-843e-6b77f18cb185,2021-02-11 14:19:26,818.111,2021-02-11 13:05:51.212000,2021-02-11 13:19:29.323000,56.323,false,affording_activity,cold,berry,../data/prolific_output/run5_scalar_heat-group_scalar_heat/qu70-s_qu3-batch1.csv
qu70-s_qu3-batch1.csv-2,2,NOT AVAILABLE,NOT AVAILABLE,93323109-435d-4f37-a41b-e4a720b53a81,PROLIFIC,11-Feb-2021 13:55:27,1174,46521,30dbeb22-4456-406b-ab02-8689c785dc93,I know that being cold is necessary for many things (a/an) berry does or is used for. ,I know that being bright is necessary for many things (a/an) flashlight does or is used for. ,I know that being grey is necessary for many things (a/an) car does or is used for. ,5_scalar_heat-set_extension_full_range,https://app.prolific.co/submissions/complete?cc=135DD3C8,Agree or disagree (run5_scalar_heat-set_extension_full_range-experiment_scalar-batch1-70-70),408945,044630b4-d666-4380-a3e0-4fd7a7b8d591,2021-02-11 13:55:27,401.872,2021-02-11 12:49:55.451000,2021-02-11 12:56:37.323000,3.0,false,affording_activity,cold,berry,../data/prolific_output/run5_scalar_heat-group_scalar_heat/qu70-s_qu3-batch1.csv
qu70-s_qu3-batch1.csv-2,2,NOT AVAILABLE,NOT AVAILABLE,5dc4ef01-5966-49da-b93c-8694d8e953c4,PROLIFIC,11-Feb-2021 13:44:14,1174,46521,30dbeb22-4456-406b-ab02-8689c785dc93,I know that being cold is necessary for many things (a/an) berry does or is used for. ,I know that being bright is necessary for many things (a/an) flashlight does or is used for. ,I know that being grey is necessary for many things (a/an) car does or is used for. ,5_scalar_heat-set_extension_full_range,https://app.prolific.co/submissions/complete?cc=135DD3C8,Agree or disagree (run5_scalar_heat-set_extension_full_range-experiment_scalar-batch1-70-70),408666,2e99bb68-a42d-4b54-9102-ebeca4b6194a,2021-02-11 13:44:14,443.921,2021-02-11 12:38:29.969000,2021-02-11 12:45:53.890000,4.0,false,affording_activity,cold,berry,../data/prolific_output/run5_scalar_heat-group_scalar_heat/qu70-s_qu3-batch1.csv
qu70-s_qu3-batch1.csv-2,2,NOT AVAILABLE,NOT AVAILABLE,6591e696-4740-4846-875f-72b909d5e0c8,PROLIFIC,11-Feb-2021 14:18:01,1174,46521,30dbeb22-4456-406b-ab02-8689c785dc93,I know that being cold is necessary for many things (a/an) berry does or is used for. ,I know that being bright is necessary for many things (a/an) flashlight does or is used for. ,I know that being grey is necessary for many things (a/an) car does or is used for. ,5_scalar_heat-set_extension_full_range,https://app.prolific.co/submissions/complete?cc=135DD3C8,Agree or disagree (run5_scalar_heat-set_extension_full_range-experiment_scalar-batch1-70-70),409684,22911fab-5656-40cf-ac0d-96d82812bda9,2021-02-11 14:18:01,562.557,2021-02-11 13:10:48.417000,2021-02-11 13:20:10.974000,3.0,false,affording_activity,cold,berry,../data/prolific_output/run5_scalar_heat-group_scalar_heat/qu70-s_qu3-batch1.csv
qu70-s_qu3-batch1.csv-2,2,NOT AVAILABLE,NOT AVAILABLE,c2fac0e6-01c1-4b66-8685-a3cbaffce5ba,PROLIFIC,11-Feb-2021 14:34:13,1174,46521,30dbeb22-4456-406b-ab02-8689c785dc93,I know that being cold is necessary for many things (a/an) berry does or is used for. ,I know that being bright is necessary for many things (a/an) flashlight does or is used for. ,I know that being grey is necessary for many things (a/an) car does or is used for. ,5_scalar_heat-set_extension_full_range,https://app.prolific.co/submissions/complete?cc=135DD3C8,Agree or disagree (run5_scalar_heat-set_extension_full_range-experiment_scalar-batch1-70-70),410038,56d279bc-f4d3-49aa-b523-11e78cf8c37e,2021-02-11 14:34:13,425.954,2021-02-11 13:27:27.892000,2021-02-11 13:34:33.846000,2.0,false,affording_activity,cold,berry,../data/prolific_output/run5_scalar_heat-group_scalar_heat/qu70-s_qu3-batch1.csv
qu70-s_qu3-batch1.csv-2,2,NOT AVAILABLE,NOT AVAILABLE,fa8a70d3-4a4f-439a-b049-c5af1ef4d008,PROLIFIC,11-Feb-2021 15:15:43,1174,46522,c8554428-95e8-4432-a834-06ed533a98aa,I know that (a/an) berry is cold as most or all other things similar to (a/an) berry are cold. ,I know that (a/an) wine is liquid as most or all other things similar to (a/an) wine are liquid. ,I know that (a/an) bread is liquid as most or all other things similar to (a/an) bread are liquid. ,5_scalar_heat-set_extension_full_range,https://app.prolific.co/submissions/complete?cc=135DD3C8,Agree or disagree (run5_scalar_heat-set_extension_full_range-experiment_scalar-batch1-70-70),410536,358ffa03-bfbd-4c47-a7f9-3064d44c8151,2021-02-11 15:15:43,347.665,2021-02-11 14:11:18.938000,2021-02-11 14:17:06.603000,3.0,false,implied_category,cold,berry,../data/prolific_output/run5_scalar_heat-group_scalar_heat/qu70-s_qu3-batch1.csv
qu70-s_qu3-batch1.csv-2,2,NOT AVAILABLE,NOT AVAILABLE,67616648-48b2-4c7c-847c-3cfe6d860951,PROLIFIC,11-Feb-2021 13:55:08,1174,46522,c8554428-95e8-4432-a834-06ed533a98aa,I know that (a/an) berry is cold as most or all other things similar to (a/an) berry are cold. ,I know that (a/an) wine is liquid as most or all other things similar to (a/an) wine are liquid. ,I know that (a/an) bread is liquid as most or all other things similar to (a/an) bread are liquid. ,5_scalar_heat-set_extension_full_range,https://app.prolific.co/submissions/complete?cc=135DD3C8,Agree or disagree (run5_scalar_heat-set_extension_full_range-experiment_scalar-batch1-70-70),408933,a36afbd9-f517-471a-8827-73c8d3681802,2021-02-11 13:55:08,949.262,2021-02-11 12:44:12.147000,2021-02-11 13:00:01.409000,4.0,false,implied_category,cold,berry,../data/prolific_output/run5_scalar_heat-group_scalar_heat/qu70-s_qu3-batch1.csv
qu70-s_qu3-batch1.csv-2,2,NOT AVAILABLE,NOT AVAILABLE,c5acc5c7-6592-4c17-a004-f364dd26d555,PROLIFIC,11-Feb-2021 14:27:54,1174,46522,c8554428-95e8-4432-a834-06ed533a98aa,I know that (a/an) berry is cold as most or all other things similar to (a/an) berry are cold. ,I know that (a/an) wine is liquid as most or all other things similar to (a/an) wine are liquid. ,I know that (a/an) bread is liquid as most or all other things similar to (a/an) bread are liquid. ,5_scalar_heat-set_extension_full_range,https://app.prolific.co/submissions/complete?cc=135DD3C8,Agree or disagree (run5_scalar_heat-set_extension_full_range-experiment_scalar-batch1-70-70),409879,491697d5-81ee-4868-a9fa-1390d1afd125,2021-02-11 14:27:54,865.556,2021-02-11 13:20:47.199000,2021-02-11 13:35:12.755000,5.0,false,implied_category,cold,berry,../data/prolific_output/run5_scalar_heat-group_scalar_heat/qu70-s_qu3-batch1.csv
qu70-s_qu3-batch1.csv-2,2,NOT AVAILABLE,NOT AVAILABLE,4143fee4-d4f0-4e3d-901d-91dbd47391f1,PROLIFIC,11-Feb-2021 14:05:51,1174,46522,c8554428-95e8-4432-a834-06ed533a98aa,I know that (a/an) berry is cold as most or all other things similar to (a/an) berry are cold. ,I know that (a/an) wine is liquid as most or all other things similar to (a/an) wine are liquid. ,I know that (a/an) bread is liquid as most or all other things similar to (a/an) bread are liquid. ,5_scalar_heat-set_extension_full_range,https://app.prolific.co/submissions/complete?cc=135DD3C8,Agree or disagree (run5_scalar_heat-set_extension_full_range-experiment_scalar-batch1-70-70),409218,2f4dced8-8b7e-4f1f-a2ae-6b6193f1b555,2021-02-11 14:05:51,522.216,2021-02-11 13:01:04.933000,2021-02-11 13:09:47.149000,2.0,false,implied_category,cold,berry,../data/prolific_output/run5_scalar_heat-group_scalar_heat/qu70-s_qu3-batch1.csv
qu70-s_qu3-batch1.csv-2,2,NOT AVAILABLE,NOT AVAILABLE,393254ab-d116-4ce8-b686-bb7c17887d33,PROLIFIC,11-Feb-2021 14:17:11,1174,46522,c8554428-95e8-4432-a834-06ed533a98aa,I know that (a/an) berry is cold as most or all other things similar to (a/an) berry are cold. ,I know that (a/an) wine is liquid as most or all other things similar to (a/an) wine are liquid. ,I know that (a/an) bread is liquid as most or all other things similar to (a/an) bread are liquid. ,5_scalar_heat-set_extension_full_range,https://app.prolific.co/submissions/complete?cc=135DD3C8,Agree or disagree (run5_scalar_heat-set_extension_full_range-experiment_scalar-batch1-70-70),409645,ed2dcb52-82dd-4c79-98bf-2541ba0efc16,2021-02-11 14:17:11,818.111,2021-02-11 13:05:51.212000,2021-02-11 13:19:29.323000,11.0,false,implied_category,cold,berry,../data/prolific_output/run5_scalar_heat-group_scalar_heat/qu70-s_qu3-batch1.csv
qu70-s_qu3-batch1.csv-2,2,NOT AVAILABLE,NOT AVAILABLE,93323109-435d-4f37-a41b-e4a720b53a81,PROLIFIC,11-Feb-2021 13:52:24,1174,46522,c8554428-95e8-4432-a834-06ed533a98aa,I know that (a/an) berry is cold as most or all other things similar to (a/an) berry are cold. ,I know that (a/an) wine is liquid as most or all other things similar to (a/an) wine are liquid. ,I know that (a/an) bread is liquid as most or all other things similar to (a/an) bread are liquid. ,5_scalar_heat-set_extension_full_range,https://app.prolific.co/submissions/complete?cc=135DD3C8,Agree or disagree (run5_scalar_heat-set_extension_full_range-experiment_scalar-batch1-70-70),408823,fb7f3bc5-8e59-4827-9562-47e6fcbee33d,2021-02-11 13:52:24,401.872,2021-02-11 12:49:55.451000,2021-02-11 12:56:37.323000,2.0,false,implied_category,cold,berry,../data/prolific_output/run5_scalar_heat-group_scalar_heat/qu70-s_qu3-batch1.csv
qu70-s_qu3-batch1.csv-2,2,NOT AVAILABLE,NOT AVAILABLE,5dc4ef01-5966-49da-b93c-8694d8e953c4,PROLIFIC,11-Feb-2021 13:44:22,1174,46522,c8554428-95e8-4432-a834-06ed533a98aa,I know that (a/an) berry is cold as most or all other things similar to (a/an) berry are cold. ,I know that (a/an) wine is liquid as most or all other things similar to (a/an) wine are liquid. ,I know that (a/an) bread is liquid as most or all other things similar to (a/an) bread are liquid. ,5_scalar_heat-set_extension_full_range,https://app.prolific.co/submissions/complete?cc=135DD3C8,Agree or disagree (run5_scalar_heat-set_extension_full_range-experiment_scalar-batch1-70-70),408670,5c181d33-ca1e-43e0-ba57-3f4e697ed23a,2021-02-11 13:44:22,443.921,2021-02-11 12:38:29.969000,2021-02-11 12:45:53.890000,3.0,false,implied_category,cold,berry,../data/prolific_output/run5_scalar_heat-group_scalar_heat/qu70-s_qu3-batch1.csv
qu70-s_qu3-batch1.csv-2,2,NOT AVAILABLE,NOT AVAILABLE,6591e696-4740-4846-875f-72b909d5e0c8,PROLIFIC,11-Feb-2021 14:15:48,1174,46522,c8554428-95e8-4432-a834-06ed533a98aa,I know that (a/an) berry is cold as most or all other things similar to (a/an) berry are cold. ,I know that (a/an) wine is liquid as most or all other things similar to (a/an) wine are liquid. ,I know that (a/an) bread is liquid as most or all other things similar to (a/an) bread are liquid. ,5_scalar_heat-set_extension_full_range,https://app.prolific.co/submissions/complete?cc=135DD3C8,Agree or disagree (run5_scalar_heat-set_extension_full_range-experiment_scalar-batch1-70-70),409581,f9c010fd-df73-489f-9d60-6bca85e26614,2021-02-11 14:15:48,562.557,2021-02-11 13:10:48.417000,2021-02-11 13:20:10.974000,1.0,false,implied_category,cold,berry,../data/prolific_output/run5_scalar_heat-group_scalar_heat/qu70-s_qu3-batch1.csv
qu70-s_qu3-batch1.csv-2,2,NOT AVAILABLE,NOT AVAILABLE,c2fac0e6-01c1-4b66-8685-a3cbaffce5ba,PROLIFIC,11-Feb-2021 14:32:19,1174,46522,c8554428-95e8-4432-a834-06ed533a98aa,I know that (a/an) berry is cold as most or all other things similar to (a/an) berry are cold. ,I know that (a/an) wine is liquid as most or all other things similar to (a/an) wine are liquid. ,I know that (a/an) bread is liquid as most or all other things similar to (a/an) bread are liquid. ,5_scalar_heat-set_extension_full_range,https://app.prolific.co/submissions/complete?cc=135DD3C8,Agree or disagree (run5_scalar_heat-set_extension_full_range-experiment_scalar-batch1-70-70),409980,2e9b4043-9bf8-48e2-920e-2ea1382fc769,2021-02-11 14:32:19,425.954,2021-02-11 13:27:27.892000,2021-02-11 13:34:33.846000,2.0,false,implied_category,cold,berry,../data/prolific_output/run5_scalar_heat-group_scalar_heat/qu70-s_qu3-batch1.csv
qu70-s_qu3-batch1.csv-2,2,NOT AVAILABLE,NOT AVAILABLE,fa8a70d3-4a4f-439a-b049-c5af1ef4d008,PROLIFIC,11-Feb-2021 15:15:38,1174,46523,85140353-46f4-49a9-8cab-617f2b57c4d3,I think it is impossible for (a/an) berry to be cold.,I think it is impossible for (a/an) flame to be frozen.,I think it is impossible for (a/an) book to be light.,5_scalar_heat-set_extension_full_range,https://app.prolific.co/submissions/complete?cc=135DD3C8,Agree or disagree (run5_scalar_heat-set_extension_full_range-experiment_scalar-batch1-70-70),410534,45d68f23-df59-4292-a4f9-f6bed7e5e334,2021-02-11 15:15:38,347.665,2021-02-11 14:11:18.938000,2021-02-11 14:17:06.603000,3.0,false,impossible,cold,berry,../data/prolific_output/run5_scalar_heat-group_scalar_heat/qu70-s_qu3-batch1.csv
qu70-s_qu3-batch1.csv-2,2,NOT AVAILABLE,NOT AVAILABLE,67616648-48b2-4c7c-847c-3cfe6d860951,PROLIFIC,11-Feb-2021 13:55:15,1174,46523,85140353-46f4-49a9-8cab-617f2b57c4d3,I think it is impossible for (a/an) berry to be cold.,I think it is impossible for (a/an) flame to be frozen.,I think it is impossible for (a/an) book to be light.,5_scalar_heat-set_extension_full_range,https://app.prolific.co/submissions/complete?cc=135DD3C8,Agree or disagree (run5_scalar_heat-set_extension_full_range-experiment_scalar-batch1-70-70),408940,bb84bc51-a5aa-4451-be82-c32b22340903,2021-02-11 13:55:15,949.262,2021-02-11 12:44:12.147000,2021-02-11 13:00:01.409000,3.0,false,impossible,cold,berry,../data/prolific_output/run5_scalar_heat-group_scalar_heat/qu70-s_qu3-batch1.csv
qu70-s_qu3-batch1.csv-2,2,NOT AVAILABLE,NOT AVAILABLE,c5acc5c7-6592-4c17-a004-f364dd26d555,PROLIFIC,11-Feb-2021 14:24:43,1174,46523,85140353-46f4-49a9-8cab-617f2b57c4d3,I think it is impossible for (a/an) berry to be cold.,I think it is impossible for (a/an) flame to be frozen.,I think it is impossible for (a/an) book to be light.,5_scalar_heat-set_extension_full_range,https://app.prolific.co/submissions/complete?cc=135DD3C8,Agree or disagree (run5_scalar_heat-set_extension_full_range-experiment_scalar-batch1-70-70),409844,fd5a9ce9-0189-4a84-aba1-c754d23c8c95,2021-02-11 14:24:43,865.556,2021-02-11 13:20:47.199000,2021-02-11 13:35:12.755000,3.0,false,impossible,cold,berry,../data/prolific_output/run5_scalar_heat-group_scalar_heat/qu70-s_qu3-batch1.csv
qu70-s_qu3-batch1.csv-2,2,NOT AVAILABLE,NOT AVAILABLE,4143fee4-d4f0-4e3d-901d-91dbd47391f1,PROLIFIC,11-Feb-2021 14:01:46,1174,46523,85140353-46f4-49a9-8cab-617f2b57c4d3,I think it is impossible for (a/an) berry to be cold.,I think it is impossible for (a/an) flame to be frozen.,I think it is impossible for (a/an) book to be light.,5_scalar_heat-set_extension_full_range,https://app.prolific.co/submissions/complete?cc=135DD3C8,Agree or disagree (run5_scalar_heat-set_extension_full_range-experiment_scalar-batch1-70-70),409170,be677ecb-5326-422b-887e-532a92a29bd1,2021-02-11 14:01:46,522.216,2021-02-11 13:01:04.933000,2021-02-11 13:09:47.149000,41.067,false,impossible,cold,berry,../data/prolific_output/run5_scalar_heat-group_scalar_heat/qu70-s_qu3-batch1.csv
qu70-s_qu3-batch1.csv-2,2,NOT AVAILABLE,NOT AVAILABLE,393254ab-d116-4ce8-b686-bb7c17887d33,PROLIFIC,11-Feb-2021 14:11:05,1174,46523,85140353-46f4-49a9-8cab-617f2b57c4d3,I think it is impossible for (a/an) berry to be cold.,I think it is impossible for (a/an) flame to be frozen.,I think it is impossible for (a/an) book to be light.,5_scalar_heat-set_extension_full_range,https://app.prolific.co/submissions/complete?cc=135DD3C8,Agree or disagree (run5_scalar_heat-set_extension_full_range-experiment_scalar-batch1-70-70),409397,8ac7baa0-c0ed-4eb3-a761-c212b66530c8,2021-02-11 14:11:05,818.111,2021-02-11 13:05:51.212000,2021-02-11 13:19:29.323000,30.0,false,impossible,cold,berry,../data/prolific_output/run5_scalar_heat-group_scalar_heat/qu70-s_qu3-batch1.csv
qu70-s_qu3-batch1.csv-2,2,NOT AVAILABLE,NOT AVAILABLE,93323109-435d-4f37-a41b-e4a720b53a81,PROLIFIC,11-Feb-2021 13:53:21,1174,46523,85140353-46f4-49a9-8cab-617f2b57c4d3,I think it is impossible for (a/an) berry to be cold.,I think it is impossible for (a/an) flame to be frozen.,I think it is impossible for (a/an) book to be light.,5_scalar_heat-set_extension_full_range,https://app.prolific.co/submissions/complete?cc=135DD3C8,Agree or disagree (run5_scalar_heat-set_extension_full_range-experiment_scalar-batch1-70-70),408860,898da359-1da2-4f69-a673-89bce2df17ff,2021-02-11 13:53:21,401.872,2021-02-11 12:49:55.451000,2021-02-11 12:56:37.323000,8.0,false,impossible,cold,berry,../data/prolific_output/run5_scalar_heat-group_scalar_heat/qu70-s_qu3-batch1.csv
qu70-s_qu3-batch1.csv-2,2,NOT AVAILABLE,NOT AVAILABLE,5dc4ef01-5966-49da-b93c-8694d8e953c4,PROLIFIC,11-Feb-2021 13:43:22,1174,46523,85140353-46f4-49a9-8cab-617f2b57c4d3,I think it is impossible for (a/an) berry to be cold.,I think it is impossible for (a/an) flame to be frozen.,I think it is impossible for (a/an) book to be light.,5_scalar_heat-set_extension_full_range,https://app.prolific.co/submissions/complete?cc=135DD3C8,Agree or disagree (run5_scalar_heat-set_extension_full_range-experiment_scalar-batch1-70-70),408650,e4f8ef84-fb97-4e3f-be44-121f10c03a46,2021-02-11 13:43:22,443.921,2021-02-11 12:38:29.969000,2021-02-11 12:45:53.890000,2.0,true,impossible,cold,berry,../data/prolific_output/run5_scalar_heat-group_scalar_heat/qu70-s_qu3-batch1.csv
qu70-s_qu3-batch1.csv-2,2,NOT AVAILABLE,NOT AVAILABLE,6591e696-4740-4846-875f-72b909d5e0c8,PROLIFIC,11-Feb-2021 14:18:15,1174,46523,85140353-46f4-49a9-8cab-617f2b57c4d3,I think it is impossible for (a/an) berry to be cold.,I think it is impossible for (a/an) flame to be frozen.,I think it is impossible for (a/an) book to be light.,5_scalar_heat-set_extension_full_range,https://app.prolific.co/submissions/complete?cc=135DD3C8,Agree or disagree (run5_scalar_heat-set_extension_full_range-experiment_scalar-batch1-70-70),409696,4342280a-4a2d-4bea-b535-1d24d81bb4e6,2021-02-11 14:18:15,562.557,2021-02-11 13:10:48.417000,2021-02-11 13:20:10.974000,9.0,false,impossible,cold,berry,../data/prolific_output/run5_scalar_heat-group_scalar_heat/qu70-s_qu3-batch1.csv
qu70-s_qu3-batch1.csv-2,2,NOT AVAILABLE,NOT AVAILABLE,c2fac0e6-01c1-4b66-8685-a3cbaffce5ba,PROLIFIC,11-Feb-2021 14:32:44,1174,46523,85140353-46f4-49a9-8cab-617f2b57c4d3,I think it is impossible for (a/an) berry to be cold.,I think it is impossible for (a/an) flame to be frozen.,I think it is impossible for (a/an) book to be light.,5_scalar_heat-set_extension_full_range,https://app.prolific.co/submissions/complete?cc=135DD3C8,Agree or disagree (run5_scalar_heat-set_extension_full_range-experiment_scalar-batch1-70-70),409990,4e07756a-cbf8-4637-adfd-633a559fa0f2,2021-02-11 14:32:44,425.954,2021-02-11 13:27:27.892000,2021-02-11 13:34:33.846000,3.0,false,impossible,cold,berry,../data/prolific_output/run5_scalar_heat-group_scalar_heat/qu70-s_qu3-batch1.csv
qu70-s_qu3-batch1.csv-2,2,NOT AVAILABLE,NOT AVAILABLE,fa8a70d3-4a4f-439a-b049-c5af1ef4d008,PROLIFIC,11-Feb-2021 15:13:44,1174,46524,6d9441b6-a179-4bfd-8722-2040fbf32cf5,"I think (a/an) berry can be cold, but this is rare or uncommon.","I think (a/an) pizza can be sweet, but this is rare or uncommon.","I think (a/an) pizza can be savory, but this is rare or uncommon.",5_scalar_heat-set_extension_full_range,https://app.prolific.co/submissions/complete?cc=135DD3C8,Agree or disagree (run5_scalar_heat-set_extension_full_range-experiment_scalar-batch1-70-70),410507,8fcf1c33-03bd-4fc6-9c36-c92c887c0814,2021-02-11 15:13:44,347.665,2021-02-11 14:11:18.938000,2021-02-11 14:17:06.603000,4.0,true,rare,cold,berry,../data/prolific_output/run5_scalar_heat-group_scalar_heat/qu70-s_qu3-batch1.csv
qu70-s_qu3-batch1.csv-2,2,NOT AVAILABLE,NOT AVAILABLE,67616648-48b2-4c7c-847c-3cfe6d860951,PROLIFIC,11-Feb-2021 13:51:46,1174,46524,6d9441b6-a179-4bfd-8722-2040fbf32cf5,"I think (a/an) berry can be cold, but this is rare or uncommon.","I think (a/an) pizza can be sweet, but this is rare or uncommon.","I think (a/an) pizza can be savory, but this is rare or uncommon.",5_scalar_heat-set_extension_full_range,https://app.prolific.co/submissions/complete?cc=135DD3C8,Agree or disagree (run5_scalar_heat-set_extension_full_range-experiment_scalar-batch1-70-70),408798,ec82f02d-07bf-489f-84b7-b36fe11d315a,2021-02-11 13:51:46,949.262,2021-02-11 12:44:12.147000,2021-02-11 13:00:01.409000,45.0,false,rare,cold,berry,../data/prolific_output/run5_scalar_heat-group_scalar_heat/qu70-s_qu3-batch1.csv
qu70-s_qu3-batch1.csv-2,2,NOT AVAILABLE,NOT AVAILABLE,c5acc5c7-6592-4c17-a004-f364dd26d555,PROLIFIC,11-Feb-2021 14:29:34,1174,46524,6d9441b6-a179-4bfd-8722-2040fbf32cf5,"I think (a/an) berry can be cold, but this is rare or uncommon.","I think (a/an) pizza can be sweet, but this is rare or uncommon.","I think (a/an) pizza can be savory, but this is rare or uncommon.",5_scalar_heat-set_extension_full_range,https://app.prolific.co/submissions/complete?cc=135DD3C8,Agree or disagree (run5_scalar_heat-set_extension_full_range-experiment_scalar-batch1-70-70),409912,01d9a0ca-713f-402f-b2d8-8a7c707c97af,2021-02-11 14:29:34,865.556,2021-02-11 13:20:47.199000,2021-02-11 13:35:12.755000,4.0,true,rare,cold,berry,../data/prolific_output/run5_scalar_heat-group_scalar_heat/qu70-s_qu3-batch1.csv
qu70-s_qu3-batch1.csv-2,2,NOT AVAILABLE,NOT AVAILABLE,4143fee4-d4f0-4e3d-901d-91dbd47391f1,PROLIFIC,11-Feb-2021 14:09:24,1174,46524,6d9441b6-a179-4bfd-8722-2040fbf32cf5,"I think (a/an) berry can be cold, but this is rare or uncommon.","I think (a/an) pizza can be sweet, but this is rare or uncommon.","I think (a/an) pizza can be savory, but this is rare or uncommon.",5_scalar_heat-set_extension_full_range,https://app.prolific.co/submissions/complete?cc=135DD3C8,Agree or disagree (run5_scalar_heat-set_extension_full_range-experiment_scalar-batch1-70-70),409327,5f5da94a-2091-4f1c-98d1-4936fbdb0349,2021-02-11 14:09:24,522.216,2021-02-11 13:01:04.933000,2021-02-11 13:09:47.149000,3.0,false,rare,cold,berry,../data/prolific_output/run5_scalar_heat-group_scalar_heat/qu70-s_qu3-batch1.csv
qu70-s_qu3-batch1.csv-2,2,NOT AVAILABLE,NOT AVAILABLE,393254ab-d116-4ce8-b686-bb7c17887d33,PROLIFIC,11-Feb-2021 14:11:09,1174,46524,6d9441b6-a179-4bfd-8722-2040fbf32cf5,"I think (a/an) berry can be cold, but this is rare or uncommon.","I think (a/an) pizza can be sweet, but this is rare or uncommon.","I think (a/an) pizza can be savory, but this is rare or uncommon.",5_scalar_heat-set_extension_full_range,https://app.prolific.co/submissions/complete?cc=135DD3C8,Agree or disagree (run5_scalar_heat-set_extension_full_range-experiment_scalar-batch1-70-70),409400,77d37a73-6434-485f-9a03-f50f20b3aca3,2021-02-11 14:11:09,818.111,2021-02-11 13:05:51.212000,2021-02-11 13:19:29.323000,4.0,true,rare,cold,berry,../data/prolific_output/run5_scalar_heat-group_scalar_heat/qu70-s_qu3-batch1.csv
qu70-s_qu3-batch1.csv-2,2,NOT AVAILABLE,NOT AVAILABLE,93323109-435d-4f37-a41b-e4a720b53a81,PROLIFIC,11-Feb-2021 13:54:35,1174,46524,6d9441b6-a179-4bfd-8722-2040fbf32cf5,"I think (a/an) berry can be cold, but this is rare or uncommon.","I think (a/an) pizza can be sweet, but this is rare or uncommon.","I think (a/an) pizza can be savory, but this is rare or uncommon.",5_scalar_heat-set_extension_full_range,https://app.prolific.co/submissions/complete?cc=135DD3C8,Agree or disagree (run5_scalar_heat-set_extension_full_range-experiment_scalar-batch1-70-70),408910,b193d0d3-1e24-41da-91cb-d032b30581c7,2021-02-11 13:54:35,401.872,2021-02-11 12:49:55.451000,2021-02-11 12:56:37.323000,2.0,false,rare,cold,berry,../data/prolific_output/run5_scalar_heat-group_scalar_heat/qu70-s_qu3-batch1.csv
qu70-s_qu3-batch1.csv-2,2,NOT AVAILABLE,NOT AVAILABLE,5dc4ef01-5966-49da-b93c-8694d8e953c4,PROLIFIC,11-Feb-2021 13:42:10,1174,46524,6d9441b6-a179-4bfd-8722-2040fbf32cf5,"I think (a/an) berry can be cold, but this is rare or uncommon.","I think (a/an) pizza can be sweet, but this is rare or uncommon.","I think (a/an) pizza can be savory, but this is rare or uncommon.",5_scalar_heat-set_extension_full_range,https://app.prolific.co/submissions/complete?cc=135DD3C8,Agree or disagree (run5_scalar_heat-set_extension_full_range-experiment_scalar-batch1-70-70),408631,1f5c6a24-dd82-4ad5-a58d-599183a62d5b,2021-02-11 13:42:10,443.921,2021-02-11 12:38:29.969000,2021-02-11 12:45:53.890000,5.0,false,rare,cold,berry,../data/prolific_output/run5_scalar_heat-group_scalar_heat/qu70-s_qu3-batch1.csv
qu70-s_qu3-batch1.csv-2,2,NOT AVAILABLE,NOT AVAILABLE,6591e696-4740-4846-875f-72b909d5e0c8,PROLIFIC,11-Feb-2021 14:14:48,1174,46524,6d9441b6-a179-4bfd-8722-2040fbf32cf5,"I think (a/an) berry can be cold, but this is rare or uncommon.","I think (a/an) pizza can be sweet, but this is rare or uncommon.","I think (a/an) pizza can be savory, but this is rare or uncommon.",5_scalar_heat-set_extension_full_range,https://app.prolific.co/submissions/complete?cc=135DD3C8,Agree or disagree (run5_scalar_heat-set_extension_full_range-experiment_scalar-batch1-70-70),409522,30967f25-5d13-4448-b80d-dd68ade38b0e,2021-02-11 14:14:48,562.557,2021-02-11 13:10:48.417000,2021-02-11 13:20:10.974000,6.0,false,rare,cold,berry,../data/prolific_output/run5_scalar_heat-group_scalar_heat/qu70-s_qu3-batch1.csv
qu70-s_qu3-batch1.csv-2,2,NOT AVAILABLE,NOT AVAILABLE,c2fac0e6-01c1-4b66-8685-a3cbaffce5ba,PROLIFIC,11-Feb-2021 14:30:54,1174,46524,6d9441b6-a179-4bfd-8722-2040fbf32cf5,"I think (a/an) berry can be cold, but this is rare or uncommon.","I think (a/an) pizza can be sweet, but this is rare or uncommon.","I think (a/an) pizza can be savory, but this is rare or uncommon.",5_scalar_heat-set_extension_full_range,https://app.prolific.co/submissions/complete?cc=135DD3C8,Agree or disagree (run5_scalar_heat-set_extension_full_range-experiment_scalar-batch1-70-70),409935,5615a54f-ef0c-4445-8135-ff0158565ff5,2021-02-11 14:30:54,425.954,2021-02-11 13:27:27.892000,2021-02-11 13:34:33.846000,6.0,false,rare,cold,berry,../data/prolific_output/run5_scalar_heat-group_scalar_heat/qu70-s_qu3-batch1.csv
qu70-s_qu3-batch1.csv-2,2,NOT AVAILABLE,NOT AVAILABLE,fa8a70d3-4a4f-439a-b049-c5af1ef4d008,PROLIFIC,11-Feb-2021 15:14:44,1174,46525,8022da00-f3c7-4e7e-bdad-817efba855bf,"Usually, (a/an) berry is not cold, but there could be a highly unusual situation in which (a/an) berry is cold.","Usually, (a/an) clock is not melting, but there could be a highly unusual situation in which (a/an) clock is melting.","Usually, (a/an) ice cream is not melting, but there could be a highly unusual situation in which (a/an) ice cream is melting.",5_scalar_heat-set_extension_full_range,https://app.prolific.co/submissions/complete?cc=135DD3C8,Agree or disagree (run5_scalar_heat-set_extension_full_range-experiment_scalar-batch1-70-70),410519,24fe86cb-13a2-4f53-a5ab-6f78cbeac498,2021-02-11 15:14:44,347.665,2021-02-11 14:11:18.938000,2021-02-11 14:17:06.603000,3.0,true,unusual,cold,berry,../data/prolific_output/run5_scalar_heat-group_scalar_heat/qu70-s_qu3-batch1.csv
qu70-s_qu3-batch1.csv-2,2,NOT AVAILABLE,NOT AVAILABLE,67616648-48b2-4c7c-847c-3cfe6d860951,PROLIFIC,11-Feb-2021 13:58:56,1174,46525,8022da00-f3c7-4e7e-bdad-817efba855bf,"Usually, (a/an) berry is not cold, but there could be a highly unusual situation in which (a/an) berry is cold.","Usually, (a/an) clock is not melting, but there could be a highly unusual situation in which (a/an) clock is melting.","Usually, (a/an) ice cream is not melting, but there could be a highly unusual situation in which (a/an) ice cream is melting.",5_scalar_heat-set_extension_full_range,https://app.prolific.co/submissions/complete?cc=135DD3C8,Agree or disagree (run5_scalar_heat-set_extension_full_range-experiment_scalar-batch1-70-70),409091,7e7ee825-dc98-45ee-946c-f021328094e3,2021-02-11 13:58:56,949.262,2021-02-11 12:44:12.147000,2021-02-11 13:00:01.409000,8.0,false,unusual,cold,berry,../data/prolific_output/run5_scalar_heat-group_scalar_heat/qu70-s_qu3-batch1.csv
qu70-s_qu3-batch1.csv-2,2,NOT AVAILABLE,NOT AVAILABLE,c5acc5c7-6592-4c17-a004-f364dd26d555,PROLIFIC,11-Feb-2021 14:35:09,1174,46525,8022da00-f3c7-4e7e-bdad-817efba855bf,"Usually, (a/an) berry is not cold, but there could be a highly unusual situation in which (a/an) berry is cold.","Usually, (a/an) clock is not melting, but there could be a highly unusual situation in which (a/an) clock is melting.","Usually, (a/an) ice cream is not melting, but there could be a highly unusual situation in which (a/an) ice cream is melting.",5_scalar_heat-set_extension_full_range,https://app.prolific.co/submissions/complete?cc=135DD3C8,Agree or disagree (run5_scalar_heat-set_extension_full_range-experiment_scalar-batch1-70-70),410050,e111660b-a971-49b0-93b7-470d9bc3947c,2021-02-11 14:35:09,865.556,2021-02-11 13:20:47.199000,2021-02-11 13:35:12.755000,6.755,true,unusual,cold,berry,../data/prolific_output/run5_scalar_heat-group_scalar_heat/qu70-s_qu3-batch1.csv
qu70-s_qu3-batch1.csv-2,2,NOT AVAILABLE,NOT AVAILABLE,4143fee4-d4f0-4e3d-901d-91dbd47391f1,PROLIFIC,11-Feb-2021 14:03:46,1174,46525,8022da00-f3c7-4e7e-bdad-817efba855bf,"Usually, (a/an) berry is not cold, but there could be a highly unusual situation in which (a/an) berry is cold.","Usually, (a/an) clock is not melting, but there could be a highly unusual situation in which (a/an) clock is melting.","Usually, (a/an) ice cream is not melting, but there could be a highly unusual situation in which (a/an) ice cream is melting.",5_scalar_heat-set_extension_full_range,https://app.prolific.co/submissions/complete?cc=135DD3C8,Agree or disagree (run5_scalar_heat-set_extension_full_range-experiment_scalar-batch1-70-70),409198,1ad555dd-3213-418b-9341-24cc8f63274b,2021-02-11 14:03:46,522.216,2021-02-11 13:01:04.933000,2021-02-11 13:09:47.149000,3.0,false,unusual,cold,berry,../data/prolific_output/run5_scalar_heat-group_scalar_heat/qu70-s_qu3-batch1.csv
qu70-s_qu3-batch1.csv-2,2,NOT AVAILABLE,NOT AVAILABLE,393254ab-d116-4ce8-b686-bb7c17887d33,PROLIFIC,11-Feb-2021 14:14:35,1174,46525,8022da00-f3c7-4e7e-bdad-817efba855bf,"Usually, (a/an) berry is not cold, but there could be a highly unusual situation in which (a/an) berry is cold.","Usually, (a/an) clock is not melting, but there could be a highly unusual situation in which (a/an) clock is melting.","Usually, (a/an) ice cream is not melting, but there could be a highly unusual situation in which (a/an) ice cream is melting.",5_scalar_heat-set_extension_full_range,https://app.prolific.co/submissions/complete?cc=135DD3C8,Agree or disagree (run5_scalar_heat-set_extension_full_range-experiment_scalar-batch1-70-70),409514,c1cd4c6b-7d90-40ff-accd-b0f7eeb5f86b,2021-02-11 14:14:35,818.111,2021-02-11 13:05:51.212000,2021-02-11 13:19:29.323000,3.0,true,unusual,cold,berry,../data/prolific_output/run5_scalar_heat-group_scalar_heat/qu70-s_qu3-batch1.csv
qu70-s_qu3-batch1.csv-2,2,NOT AVAILABLE,NOT AVAILABLE,93323109-435d-4f37-a41b-e4a720b53a81,PROLIFIC,11-Feb-2021 13:55:41,1174,46525,8022da00-f3c7-4e7e-bdad-817efba855bf,"Usually, (a/an) berry is not cold, but there could be a highly unusual situation in which (a/an) berry is cold.","Usually, (a/an) clock is not melting, but there could be a highly unusual situation in which (a/an) clock is melting.","Usually, (a/an) ice cream is not melting, but there could be a highly unusual situation in which (a/an) ice cream is melting.",5_scalar_heat-set_extension_full_range,https://app.prolific.co/submissions/complete?cc=135DD3C8,Agree or disagree (run5_scalar_heat-set_extension_full_range-experiment_scalar-batch1-70-70),408952,a1078e14-8e4e-4337-b294-931fbd313787,2021-02-11 13:55:41,401.872,2021-02-11 12:49:55.451000,2021-02-11 12:56:37.323000,2.0,false,unusual,cold,berry,../data/prolific_output/run5_scalar_heat-group_scalar_heat/qu70-s_qu3-batch1.csv
qu70-s_qu3-batch1.csv-2,2,NOT AVAILABLE,NOT AVAILABLE,5dc4ef01-5966-49da-b93c-8694d8e953c4,PROLIFIC,11-Feb-2021 13:43:28,1174,46525,8022da00-f3c7-4e7e-bdad-817efba855bf,"Usually, (a/an) berry is not cold, but there could be a highly unusual situation in which (a/an) berry is cold.","Usually, (a/an) clock is not melting, but there could be a highly unusual situation in which (a/an) clock is melting.","Usually, (a/an) ice cream is not melting, but there could be a highly unusual situation in which (a/an) ice cream is melting.",5_scalar_heat-set_extension_full_range,https://app.prolific.co/submissions/complete?cc=135DD3C8,Agree or disagree (run5_scalar_heat-set_extension_full_range-experiment_scalar-batch1-70-70),408652,46c704f6-1ae2-417b-a0d6-10374e544aa2,2021-02-11 13:43:28,443.921,2021-02-11 12:38:29.969000,2021-02-11 12:45:53.890000,4.0,false,unusual,cold,berry,../data/prolific_output/run5_scalar_heat-group_scalar_heat/qu70-s_qu3-batch1.csv
qu70-s_qu3-batch1.csv-2,2,NOT AVAILABLE,NOT AVAILABLE,6591e696-4740-4846-875f-72b909d5e0c8,PROLIFIC,11-Feb-2021 14:19:57,1174,46525,8022da00-f3c7-4e7e-bdad-817efba855bf,"Usually, (a/an) berry is not cold, but there could be a highly unusual situation in which (a/an) berry is cold.","Usually, (a/an) clock is not melting, but there could be a highly unusual situation in which (a/an) clock is melting.","Usually, (a/an) ice cream is not melting, but there could be a highly unusual situation in which (a/an) ice cream is melting.",5_scalar_heat-set_extension_full_range,https://app.prolific.co/submissions/complete?cc=135DD3C8,Agree or disagree (run5_scalar_heat-set_extension_full_range-experiment_scalar-batch1-70-70),409766,816f9490-0387-4d78-a005-b7363bf3e7d5,2021-02-11 14:19:57,562.557,2021-02-11 13:10:48.417000,2021-02-11 13:20:10.974000,5.0,false,unusual,cold,berry,../data/prolific_output/run5_scalar_heat-group_scalar_heat/qu70-s_qu3-batch1.csv
qu70-s_qu3-batch1.csv-2,2,NOT AVAILABLE,NOT AVAILABLE,c2fac0e6-01c1-4b66-8685-a3cbaffce5ba,PROLIFIC,11-Feb-2021 14:31:55,1174,46525,8022da00-f3c7-4e7e-bdad-817efba855bf,"Usually, (a/an) berry is not cold, but there could be a highly unusual situation in which (a/an) berry is cold.","Usually, (a/an) clock is not melting, but there could be a highly unusual situation in which (a/an) clock is melting.","Usually, (a/an) ice cream is not melting, but there could be a highly unusual situation in which (a/an) ice cream is melting.",5_scalar_heat-set_extension_full_range,https://app.prolific.co/submissions/complete?cc=135DD3C8,Agree or disagree (run5_scalar_heat-set_extension_full_range-experiment_scalar-batch1-70-70),409961,19de1600-0489-45c4-b12a-950f19e58619,2021-02-11 14:31:55,425.954,2021-02-11 13:27:27.892000,2021-02-11 13:34:33.846000,3.0,false,unusual,cold,berry,../data/prolific_output/run5_scalar_heat-group_scalar_heat/qu70-s_qu3-batch1.csv
qu70-s_qu3-batch1.csv-2,2,NOT AVAILABLE,NOT AVAILABLE,fa8a70d3-4a4f-439a-b049-c5af1ef4d008,PROLIFIC,11-Feb-2021 15:15:12,1174,46526,a416c99d-fb11-4c1f-96c1-d505949c6972,"I could say (a/an) berry is cold, but I would most certainly not mean it literally.","I could say (a/an) anger is hot, but I would most certainly not mean it literally.
I could say (a/an) person is cold, but I would most certainly not mean it literally.
I could say (a/an) story is dark, but I would most certainly not mean it literally.","I could say (a/an) fire is hot, but I would most certainly not mean it literally.
I could say (a/an) stone is heavy, but I would most certainly not mean it literally.
I could say (a/an) argument is liquid, but I would most certainly not mean it literally.",5_scalar_heat-set_extension_full_range,https://app.prolific.co/submissions/complete?cc=135DD3C8,Agree or disagree (run5_scalar_heat-set_extension_full_range-experiment_scalar-batch1-70-70),410527,fe0802b8-874f-430e-8a24-13f387c1d6a2,2021-02-11 15:15:12,347.665,2021-02-11 14:11:18.938000,2021-02-11 14:17:06.603000,4.0,false,creative,cold,berry,../data/prolific_output/run5_scalar_heat-group_scalar_heat/qu70-s_qu3-batch1.csv
qu70-s_qu3-batch1.csv-2,2,NOT AVAILABLE,NOT AVAILABLE,67616648-48b2-4c7c-847c-3cfe6d860951,PROLIFIC,11-Feb-2021 13:55:52,1174,46526,a416c99d-fb11-4c1f-96c1-d505949c6972,"I could say (a/an) berry is cold, but I would most certainly not mean it literally.","I could say (a/an) anger is hot, but I would most certainly not mean it literally.
I could say (a/an) person is cold, but I would most certainly not mean it literally.
I could say (a/an) story is dark, but I would most certainly not mean it literally.","I could say (a/an) fire is hot, but I would most certainly not mean it literally.
I could say (a/an) stone is heavy, but I would most certainly not mean it literally.
I could say (a/an) argument is liquid, but I would most certainly not mean it literally.",5_scalar_heat-set_extension_full_range,https://app.prolific.co/submissions/complete?cc=135DD3C8,Agree or disagree (run5_scalar_heat-set_extension_full_range-experiment_scalar-batch1-70-70),408960,3e17f9ca-7ddf-4229-85c8-1b1303cb3335,2021-02-11 13:55:52,949.262,2021-02-11 12:44:12.147000,2021-02-11 13:00:01.409000,3.0,false,creative,cold,berry,../data/prolific_output/run5_scalar_heat-group_scalar_heat/qu70-s_qu3-batch1.csv
qu70-s_qu3-batch1.csv-2,2,NOT AVAILABLE,NOT AVAILABLE,c5acc5c7-6592-4c17-a004-f364dd26d555,PROLIFIC,11-Feb-2021 14:29:38,1174,46526,a416c99d-fb11-4c1f-96c1-d505949c6972,"I could say (a/an) berry is cold, but I would most certainly not mean it literally.","I could say (a/an) anger is hot, but I would most certainly not mean it literally.
I could say (a/an) person is cold, but I would most certainly not mean it literally.
I could say (a/an) story is dark, but I would most certainly not mean it literally.","I could say (a/an) fire is hot, but I would most certainly not mean it literally.
I could say (a/an) stone is heavy, but I would most certainly not mean it literally.
I could say (a/an) argument is liquid, but I would most certainly not mean it literally.",5_scalar_heat-set_extension_full_range,https://app.prolific.co/submissions/complete?cc=135DD3C8,Agree or disagree (run5_scalar_heat-set_extension_full_range-experiment_scalar-batch1-70-70),409915,51069e43-799b-478d-a43c-fb3230630baf,2021-02-11 14:29:38,865.556,2021-02-11 13:20:47.199000,2021-02-11 13:35:12.755000,4.0,false,creative,cold,berry,../data/prolific_output/run5_scalar_heat-group_scalar_heat/qu70-s_qu3-batch1.csv
qu70-s_qu3-batch1.csv-2,2,NOT AVAILABLE,NOT AVAILABLE,4143fee4-d4f0-4e3d-901d-91dbd47391f1,PROLIFIC,11-Feb-2021 14:02:07,1174,46526,a416c99d-fb11-4c1f-96c1-d505949c6972,"I could say (a/an) berry is cold, but I would most certainly not mean it literally.","I could say (a/an) anger is hot, but I would most certainly not mean it literally.
I could say (a/an) person is cold, but I would most certainly not mean it literally.
I could say (a/an) story is dark, but I would most certainly not mean it literally.","I could say (a/an) fire is hot, but I would most certainly not mean it literally.
I could say (a/an) stone is heavy, but I would most certainly not mean it literally.
I could say (a/an) argument is liquid, but I would most certainly not mean it literally.",5_scalar_heat-set_extension_full_range,https://app.prolific.co/submissions/complete?cc=135DD3C8,Agree or disagree (run5_scalar_heat-set_extension_full_range-experiment_scalar-batch1-70-70),409174,47057e4a-aeed-4972-8892-378fb735d957,2021-02-11 14:02:07,522.216,2021-02-11 13:01:04.933000,2021-02-11 13:09:47.149000,6.0,false,creative,cold,berry,../data/prolific_output/run5_scalar_heat-group_scalar_heat/qu70-s_qu3-batch1.csv
qu70-s_qu3-batch1.csv-2,2,NOT AVAILABLE,NOT AVAILABLE,393254ab-d116-4ce8-b686-bb7c17887d33,PROLIFIC,11-Feb-2021 14:12:42,1174,46526,a416c99d-fb11-4c1f-96c1-d505949c6972,"I could say (a/an) berry is cold, but I would most certainly not mean it literally.","I could say (a/an) anger is hot, but I would most certainly not mean it literally.
I could say (a/an) person is cold, but I would most certainly not mean it literally.
I could say (a/an) story is dark, but I would most certainly not mean it literally.","I could say (a/an) fire is hot, but I would most certainly not mean it literally.
I could say (a/an) stone is heavy, but I would most certainly not mean it literally.
I could say (a/an) argument is liquid, but I would most certainly not mean it literally.",5_scalar_heat-set_extension_full_range,https://app.prolific.co/submissions/complete?cc=135DD3C8,Agree or disagree (run5_scalar_heat-set_extension_full_range-experiment_scalar-batch1-70-70),409451,72adeaa3-1eb4-4ebf-8ae3-cc3d9e3e3b2a,2021-02-11 14:12:42,818.111,2021-02-11 13:05:51.212000,2021-02-11 13:19:29.323000,7.0,true,creative,cold,berry,../data/prolific_output/run5_scalar_heat-group_scalar_heat/qu70-s_qu3-batch1.csv
qu70-s_qu3-batch1.csv-2,2,NOT AVAILABLE,NOT AVAILABLE,93323109-435d-4f37-a41b-e4a720b53a81,PROLIFIC,11-Feb-2021 13:55:57,1174,46526,a416c99d-fb11-4c1f-96c1-d505949c6972,"I could say (a/an) berry is cold, but I would most certainly not mean it literally.","I could say (a/an) anger is hot, but I would most certainly not mean it literally.
I could say (a/an) person is cold, but I would most certainly not mean it literally.
I could say (a/an) story is dark, but I would most certainly not mean it literally.","I could say (a/an) fire is hot, but I would most certainly not mean it literally.
I could say (a/an) stone is heavy, but I would most certainly not mean it literally.
I could say (a/an) argument is liquid, but I would most certainly not mean it literally.",5_scalar_heat-set_extension_full_range,https://app.prolific.co/submissions/complete?cc=135DD3C8,Agree or disagree (run5_scalar_heat-set_extension_full_range-experiment_scalar-batch1-70-70),408963,6e152f6b-7b1f-4f6b-8e51-1b8308261f3e,2021-02-11 13:55:57,401.872,2021-02-11 12:49:55.451000,2021-02-11 12:56:37.323000,3.0,false,creative,cold,berry,../data/prolific_output/run5_scalar_heat-group_scalar_heat/qu70-s_qu3-batch1.csv
qu70-s_qu3-batch1.csv-2,2,NOT AVAILABLE,NOT AVAILABLE,5dc4ef01-5966-49da-b93c-8694d8e953c4,PROLIFIC,11-Feb-2021 13:43:24,1174,46526,a416c99d-fb11-4c1f-96c1-d505949c6972,"I could say (a/an) berry is cold, but I would most certainly not mean it literally.","I could say (a/an) anger is hot, but I would most certainly not mean it literally.
I could say (a/an) person is cold, but I would most certainly not mean it literally.
I could say (a/an) story is dark, but I would most certainly not mean it literally.","I could say (a/an) fire is hot, but I would most certainly not mean it literally.
I could say (a/an) stone is heavy, but I would most certainly not mean it literally.
I could say (a/an) argument is liquid, but I would most certainly not mean it literally.",5_scalar_heat-set_extension_full_range,https://app.prolific.co/submissions/complete?cc=135DD3C8,Agree or disagree (run5_scalar_heat-set_extension_full_range-experiment_scalar-batch1-70-70),408651,ac4fbea4-0d50-48bd-b202-1ca4d212644b,2021-02-11 13:43:24,443.921,2021-02-11 12:38:29.969000,2021-02-11 12:45:53.890000,2.0,false,creative,cold,berry,../data/prolific_output/run5_scalar_heat-group_scalar_heat/qu70-s_qu3-batch1.csv
qu70-s_qu3-batch1.csv-2,2,NOT AVAILABLE,NOT AVAILABLE,6591e696-4740-4846-875f-72b909d5e0c8,PROLIFIC,11-Feb-2021 14:16:08,1174,46526,a416c99d-fb11-4c1f-96c1-d505949c6972,"I could say (a/an) berry is cold, but I would most certainly not mean it literally.","I could say (a/an) anger is hot, but I would most certainly not mean it literally.
I could say (a/an) person is cold, but I would most certainly not mean it literally.
I could say (a/an) story is dark, but I would most certainly not mean it literally.","I could say (a/an) fire is hot, but I would most certainly not mean it literally.
I could say (a/an) stone is heavy, but I would most certainly not mean it literally.
I could say (a/an) argument is liquid, but I would most certainly not mean it literally.",5_scalar_heat-set_extension_full_range,https://app.prolific.co/submissions/complete?cc=135DD3C8,Agree or disagree (run5_scalar_heat-set_extension_full_range-experiment_scalar-batch1-70-70),409602,b25cfecd-9a21-410d-9ba6-46d55d4d6644,2021-02-11 14:16:08,562.557,2021-02-11 13:10:48.417000,2021-02-11 13:20:10.974000,2.0,false,creative,cold,berry,../data/prolific_output/run5_scalar_heat-group_scalar_heat/qu70-s_qu3-batch1.csv
qu70-s_qu3-batch1.csv-2,2,NOT AVAILABLE,NOT AVAILABLE,c2fac0e6-01c1-4b66-8685-a3cbaffce5ba,PROLIFIC,11-Feb-2021 14:30:57,1174,46526,a416c99d-fb11-4c1f-96c1-d505949c6972,"I could say (a/an) berry is cold, but I would most certainly not mean it literally.","I could say (a/an) anger is hot, but I would most certainly not mean it literally.
I could say (a/an) person is cold, but I would most certainly not mean it literally.
I could say (a/an) story is dark, but I would most certainly not mean it literally.","I could say (a/an) fire is hot, but I would most certainly not mean it literally.
I could say (a/an) stone is heavy, but I would most certainly not mean it literally.
I could say (a/an) argument is liquid, but I would most certainly not mean it literally.",5_scalar_heat-set_extension_full_range,https://app.prolific.co/submissions/complete?cc=135DD3C8,Agree or disagree (run5_scalar_heat-set_extension_full_range-experiment_scalar-batch1-70-70),409937,b6d067a4-366e-42fe-b5c4-1964a54068d9,2021-02-11 14:30:57,425.954,2021-02-11 13:27:27.892000,2021-02-11 13:34:33.846000,3.0,false,creative,cold,berry,../data/prolific_output/run5_scalar_heat-group_scalar_heat/qu70-s_qu3-batch1.csv
qu70-s_qu3-batch1.csv-2,2,NOT AVAILABLE,NOT AVAILABLE,fa8a70d3-4a4f-439a-b049-c5af1ef4d008,PROLIFIC,11-Feb-2021 15:11:48,1174,46527,c3e995be-4919-4ada-a27b-95de5d75256d,You can find (a/an) berry which is cold. (A/an) berry is usually either cold or not cold. It cannot be a bit more or less cold.,You can find (a/an) substance which is liquid. (A/an) substance is usually either liquid or not liquid. It cannot be a bit more or less liquid.,You can find (a/an) knife which is sharp. (A/an) knife is usually either sharp or not sharp. It cannot be a bit more or less sharp.,5_scalar_heat-set_extension_full_range,https://app.prolific.co/submissions/complete?cc=135DD3C8,Agree or disagree (run5_scalar_heat-set_extension_full_range-experiment_scalar-batch1-70-70),410488,cf1bce8d-96c3-4d86-9909-781ec83dc8c0,2021-02-11 15:11:48,347.665,2021-02-11 14:11:18.938000,2021-02-11 14:17:06.603000,9.0,true,variability_limited,cold,berry,../data/prolific_output/run5_scalar_heat-group_scalar_heat/qu70-s_qu3-batch1.csv
qu70-s_qu3-batch1.csv-2,2,NOT AVAILABLE,NOT AVAILABLE,67616648-48b2-4c7c-847c-3cfe6d860951,PROLIFIC,11-Feb-2021 13:53:32,1174,46527,c3e995be-4919-4ada-a27b-95de5d75256d,You can find (a/an) berry which is cold. (A/an) berry is usually either cold or not cold. It cannot be a bit more or less cold.,You can find (a/an) substance which is liquid. (A/an) substance is usually either liquid or not liquid. It cannot be a bit more or less liquid.,You can find (a/an) knife which is sharp. (A/an) knife is usually either sharp or not sharp. It cannot be a bit more or less sharp.,5_scalar_heat-set_extension_full_range,https://app.prolific.co/submissions/complete?cc=135DD3C8,Agree or disagree (run5_scalar_heat-set_extension_full_range-experiment_scalar-batch1-70-70),408870,fcf7cabf-2d5f-4cf4-a419-ffe12e924237,2021-02-11 13:53:32,949.262,2021-02-11 12:44:12.147000,2021-02-11 13:00:01.409000,5.0,false,variability_limited,cold,berry,../data/prolific_output/run5_scalar_heat-group_scalar_heat/qu70-s_qu3-batch1.csv
qu70-s_qu3-batch1.csv-2,2,NOT AVAILABLE,NOT AVAILABLE,c5acc5c7-6592-4c17-a004-f364dd26d555,PROLIFIC,11-Feb-2021 14:25:21,1174,46527,c3e995be-4919-4ada-a27b-95de5d75256d,You can find (a/an) berry which is cold. (A/an) berry is usually either cold or not cold. It cannot be a bit more or less cold.,You can find (a/an) substance which is liquid. (A/an) substance is usually either liquid or not liquid. It cannot be a bit more or less liquid.,You can find (a/an) knife which is sharp. (A/an) knife is usually either sharp or not sharp. It cannot be a bit more or less sharp.,5_scalar_heat-set_extension_full_range,https://app.prolific.co/submissions/complete?cc=135DD3C8,Agree or disagree (run5_scalar_heat-set_extension_full_range-experiment_scalar-batch1-70-70),409855,6be374ee-b98e-4a3d-a10d-ceae25d43abb,2021-02-11 14:25:21,865.556,2021-02-11 13:20:47.199000,2021-02-11 13:35:12.755000,3.0,true,variability_limited,cold,berry,../data/prolific_output/run5_scalar_heat-group_scalar_heat/qu70-s_qu3-batch1.csv
qu70-s_qu3-batch1.csv-2,2,NOT AVAILABLE,NOT AVAILABLE,4143fee4-d4f0-4e3d-901d-91dbd47391f1,PROLIFIC,11-Feb-2021 14:03:18,1174,46527,c3e995be-4919-4ada-a27b-95de5d75256d,You can find (a/an) berry which is cold. (A/an) berry is usually either cold or not cold. It cannot be a bit more or less cold.,You can find (a/an) substance which is liquid. (A/an) substance is usually either liquid or not liquid. It cannot be a bit more or less liquid.,You can find (a/an) knife which is sharp. (A/an) knife is usually either sharp or not sharp. It cannot be a bit more or less sharp.,5_scalar_heat-set_extension_full_range,https://app.prolific.co/submissions/complete?cc=135DD3C8,Agree or disagree (run5_scalar_heat-set_extension_full_range-experiment_scalar-batch1-70-70),409190,572bb87e-bcba-4fea-8f6f-6c206a3b1919,2021-02-11 14:03:18,522.216,2021-02-11 13:01:04.933000,2021-02-11 13:09:47.149000,3.0,false,variability_limited,cold,berry,../data/prolific_output/run5_scalar_heat-group_scalar_heat/qu70-s_qu3-batch1.csv
qu70-s_qu3-batch1.csv-2,2,NOT AVAILABLE,NOT AVAILABLE,393254ab-d116-4ce8-b686-bb7c17887d33,PROLIFIC,11-Feb-2021 14:16:23,1174,46527,c3e995be-4919-4ada-a27b-95de5d75256d,You can find (a/an) berry which is cold. (A/an) berry is usually either cold or not cold. It cannot be a bit more or less cold.,You can find (a/an) substance which is liquid. (A/an) substance is usually either liquid or not liquid. It cannot be a bit more or less liquid.,You can find (a/an) knife which is sharp. (A/an) knife is usually either sharp or not sharp. It cannot be a bit more or less sharp.,5_scalar_heat-set_extension_full_range,https://app.prolific.co/submissions/complete?cc=135DD3C8,Agree or disagree (run5_scalar_heat-set_extension_full_range-experiment_scalar-batch1-70-70),409610,8b5f5680-cd0c-4d15-b3e4-cf9e702ce247,2021-02-11 14:16:23,818.111,2021-02-11 13:05:51.212000,2021-02-11 13:19:29.323000,5.0,false,variability_limited,cold,berry,../data/prolific_output/run5_scalar_heat-group_scalar_heat/qu70-s_qu3-batch1.csv
qu70-s_qu3-batch1.csv-2,2,NOT AVAILABLE,NOT AVAILABLE,93323109-435d-4f37-a41b-e4a720b53a81,PROLIFIC,11-Feb-2021 13:56:33,1174,46527,c3e995be-4919-4ada-a27b-95de5d75256d,You can find (a/an) berry which is cold. (A/an) berry is usually either cold or not cold. It cannot be a bit more or less cold.,You can find (a/an) substance which is liquid. (A/an) substance is usually either liquid or not liquid. It cannot be a bit more or less liquid.,You can find (a/an) knife which is sharp. (A/an) knife is usually either sharp or not sharp. It cannot be a bit more or less sharp.,5_scalar_heat-set_extension_full_range,https://app.prolific.co/submissions/complete?cc=135DD3C8,Agree or disagree (run5_scalar_heat-set_extension_full_range-experiment_scalar-batch1-70-70),408988,6c219530-95e1-416f-92a1-cda4b319a1e8,2021-02-11 13:56:33,401.872,2021-02-11 12:49:55.451000,2021-02-11 12:56:37.323000,29.323,false,variability_limited,cold,berry,../data/prolific_output/run5_scalar_heat-group_scalar_heat/qu70-s_qu3-batch1.csv
qu70-s_qu3-batch1.csv-2,2,NOT AVAILABLE,NOT AVAILABLE,5dc4ef01-5966-49da-b93c-8694d8e953c4,PROLIFIC,11-Feb-2021 13:41:36,1174,46527,c3e995be-4919-4ada-a27b-95de5d75256d,You can find (a/an) berry which is cold. (A/an) berry is usually either cold or not cold. It cannot be a bit more or less cold.,You can find (a/an) substance which is liquid. (A/an) substance is usually either liquid or not liquid. It cannot be a bit more or less liquid.,You can find (a/an) knife which is sharp. (A/an) knife is usually either sharp or not sharp. It cannot be a bit more or less sharp.,5_scalar_heat-set_extension_full_range,https://app.prolific.co/submissions/complete?cc=135DD3C8,Agree or disagree (run5_scalar_heat-set_extension_full_range-experiment_scalar-batch1-70-70),408621,c475cb03-3a19-4e0c-975b-3edd37a1a032,2021-02-11 13:41:36,443.921,2021-02-11 12:38:29.969000,2021-02-11 12:45:53.890000,5.0,false,variability_limited,cold,berry,../data/prolific_output/run5_scalar_heat-group_scalar_heat/qu70-s_qu3-batch1.csv
qu70-s_qu3-batch1.csv-2,2,NOT AVAILABLE,NOT AVAILABLE,6591e696-4740-4846-875f-72b909d5e0c8,PROLIFIC,11-Feb-2021 14:15:38,1174,46527,c3e995be-4919-4ada-a27b-95de5d75256d,You can find (a/an) berry which is cold. (A/an) berry is usually either cold or not cold. It cannot be a bit more or less cold.,You can find (a/an) substance which is liquid. (A/an) substance is usually either liquid or not liquid. It cannot be a bit more or less liquid.,You can find (a/an) knife which is sharp. (A/an) knife is usually either sharp or not sharp. It cannot be a bit more or less sharp.,5_scalar_heat-set_extension_full_range,https://app.prolific.co/submissions/complete?cc=135DD3C8,Agree or disagree (run5_scalar_heat-set_extension_full_range-experiment_scalar-batch1-70-70),409571,4981eb62-b30b-4ee4-ba5a-c232bbf0c7b1,2021-02-11 14:15:38,562.557,2021-02-11 13:10:48.417000,2021-02-11 13:20:10.974000,5.0,false,variability_limited,cold,berry,../data/prolific_output/run5_scalar_heat-group_scalar_heat/qu70-s_qu3-batch1.csv
qu70-s_qu3-batch1.csv-2,2,NOT AVAILABLE,NOT AVAILABLE,c2fac0e6-01c1-4b66-8685-a3cbaffce5ba,PROLIFIC,11-Feb-2021 14:31:32,1174,46527,c3e995be-4919-4ada-a27b-95de5d75256d,You can find (a/an) berry which is cold. (A/an) berry is usually either cold or not cold. It cannot be a bit more or less cold.,You can find (a/an) substance which is liquid. (A/an) substance is usually either liquid or not liquid. It cannot be a bit more or less liquid.,You can find (a/an) knife which is sharp. (A/an) knife is usually either sharp or not sharp. It cannot be a bit more or less sharp.,5_scalar_heat-set_extension_full_range,https://app.prolific.co/submissions/complete?cc=135DD3C8,Agree or disagree (run5_scalar_heat-set_extension_full_range-experiment_scalar-batch1-70-70),409948,ee65c3d7-6adb-4d30-a849-fdaa930230e4,2021-02-11 14:31:32,425.954,2021-02-11 13:27:27.892000,2021-02-11 13:34:33.846000,4.0,false,variability_limited,cold,berry,../data/prolific_output/run5_scalar_heat-group_scalar_heat/qu70-s_qu3-batch1.csv
qu70-s_qu3-batch1.csv-2,2,NOT AVAILABLE,NOT AVAILABLE,fa8a70d3-4a4f-439a-b049-c5af1ef4d008,PROLIFIC,11-Feb-2021 15:11:53,1174,46528,74561df2-7d88-4096-97b7-4994c89a6004,"You can find (a/an) berry which is cold. (A/an) berry is usually either cold, a bit more or less cold or the opposite of cold.","You can find (a/an) knife which is sharp. (A/an) knife is usually either sharp, a bit more or less sharp or the opposite of sharp.","You can find (a/an) substance which is solid. (A/an) substance is usually either solid, a bit more or less solid or the opposite of solid.",5_scalar_heat-set_extension_full_range,https://app.prolific.co/submissions/complete?cc=135DD3C8,Agree or disagree (run5_scalar_heat-set_extension_full_range-experiment_scalar-batch1-70-70),410489,b6aa1ab5-b88b-4a34-bed8-665af94cf71e,2021-02-11 15:11:53,347.665,2021-02-11 14:11:18.938000,2021-02-11 14:17:06.603000,5.0,false,variability_open,cold,berry,../data/prolific_output/run5_scalar_heat-group_scalar_heat/qu70-s_qu3-batch1.csv
qu70-s_qu3-batch1.csv-2,2,NOT AVAILABLE,NOT AVAILABLE,67616648-48b2-4c7c-847c-3cfe6d860951,PROLIFIC,11-Feb-2021 13:54:48,1174,46528,74561df2-7d88-4096-97b7-4994c89a6004,"You can find (a/an) berry which is cold. (A/an) berry is usually either cold, a bit more or less cold or the opposite of cold.","You can find (a/an) knife which is sharp. (A/an) knife is usually either sharp, a bit more or less sharp or the opposite of sharp.","You can find (a/an) substance which is solid. (A/an) substance is usually either solid, a bit more or less solid or the opposite of solid.",5_scalar_heat-set_extension_full_range,https://app.prolific.co/submissions/complete?cc=135DD3C8,Agree or disagree (run5_scalar_heat-set_extension_full_range-experiment_scalar-batch1-70-70),408919,950a9152-f6b5-488b-8bf0-ae6dbd07e0ca,2021-02-11 13:54:48,949.262,2021-02-11 12:44:12.147000,2021-02-11 13:00:01.409000,6.0,true,variability_open,cold,berry,../data/prolific_output/run5_scalar_heat-group_scalar_heat/qu70-s_qu3-batch1.csv
qu70-s_qu3-batch1.csv-2,2,NOT AVAILABLE,NOT AVAILABLE,c5acc5c7-6592-4c17-a004-f364dd26d555,PROLIFIC,11-Feb-2021 14:31:27,1174,46528,74561df2-7d88-4096-97b7-4994c89a6004,"You can find (a/an) berry which is cold. (A/an) berry is usually either cold, a bit more or less cold or the opposite of cold.","You can find (a/an) knife which is sharp. (A/an) knife is usually either sharp, a bit more or less sharp or the opposite of sharp.","You can find (a/an) substance which is solid. (A/an) substance is usually either solid, a bit more or less solid or the opposite of solid.",5_scalar_heat-set_extension_full_range,https://app.prolific.co/submissions/complete?cc=135DD3C8,Agree or disagree (run5_scalar_heat-set_extension_full_range-experiment_scalar-batch1-70-70),409946,911012a3-766b-4c7b-984f-dc271866a55e,2021-02-11 14:31:27,865.556,2021-02-11 13:20:47.199000,2021-02-11 13:35:12.755000,25.0,true,variability_open,cold,berry,../data/prolific_output/run5_scalar_heat-group_scalar_heat/qu70-s_qu3-batch1.csv
qu70-s_qu3-batch1.csv-2,2,NOT AVAILABLE,NOT AVAILABLE,4143fee4-d4f0-4e3d-901d-91dbd47391f1,PROLIFIC,11-Feb-2021 14:05:12,1174,46528,74561df2-7d88-4096-97b7-4994c89a6004,"You can find (a/an) berry which is cold. (A/an) berry is usually either cold, a bit more or less cold or the opposite of cold.","You can find (a/an) knife which is sharp. (A/an) knife is usually either sharp, a bit more or less sharp or the opposite of sharp.","You can find (a/an) substance which is solid. (A/an) substance is usually either solid, a bit more or less solid or the opposite of solid.",5_scalar_heat-set_extension_full_range,https://app.prolific.co/submissions/complete?cc=135DD3C8,Agree or disagree (run5_scalar_heat-set_extension_full_range-experiment_scalar-batch1-70-70),409207,b9f82702-02ef-44bf-975c-d2752f425776,2021-02-11 14:05:12,522.216,2021-02-11 13:01:04.933000,2021-02-11 13:09:47.149000,62.0,false,variability_open,cold,berry,../data/prolific_output/run5_scalar_heat-group_scalar_heat/qu70-s_qu3-batch1.csv
qu70-s_qu3-batch1.csv-2,2,NOT AVAILABLE,NOT AVAILABLE,393254ab-d116-4ce8-b686-bb7c17887d33,PROLIFIC,11-Feb-2021 14:14:10,1174,46528,74561df2-7d88-4096-97b7-4994c89a6004,"You can find (a/an) berry which is cold. (A/an) berry is usually either cold, a bit more or less cold or the opposite of cold.","You can find (a/an) knife which is sharp. (A/an) knife is usually either sharp, a bit more or less sharp or the opposite of sharp.","You can find (a/an) substance which is solid. (A/an) substance is usually either solid, a bit more or less solid or the opposite of solid.",5_scalar_heat-set_extension_full_range,https://app.prolific.co/submissions/complete?cc=135DD3C8,Agree or disagree (run5_scalar_heat-set_extension_full_range-experiment_scalar-batch1-70-70),409500,d6054131-afdd-4898-9d29-0da215593a13,2021-02-11 14:14:10,818.111,2021-02-11 13:05:51.212000,2021-02-11 13:19:29.323000,7.0,true,variability_open,cold,berry,../data/prolific_output/run5_scalar_heat-group_scalar_heat/qu70-s_qu3-batch1.csv
qu70-s_qu3-batch1.csv-2,2,NOT AVAILABLE,NOT AVAILABLE,93323109-435d-4f37-a41b-e4a720b53a81,PROLIFIC,11-Feb-2021 13:56:08,1174,46528,74561df2-7d88-4096-97b7-4994c89a6004,"You can find (a/an) berry which is cold. (A/an) berry is usually either cold, a bit more or less cold or the opposite of cold.","You can find (a/an) knife which is sharp. (A/an) knife is usually either sharp, a bit more or less sharp or the opposite of sharp.","You can find (a/an) substance which is solid. (A/an) substance is usually either solid, a bit more or less solid or the opposite of solid.",5_scalar_heat-set_extension_full_range,https://app.prolific.co/submissions/complete?cc=135DD3C8,Agree or disagree (run5_scalar_heat-set_extension_full_range-experiment_scalar-batch1-70-70),408973,16beb114-3424-4864-8157-73bbd6686765,2021-02-11 13:56:08,401.872,2021-02-11 12:49:55.451000,2021-02-11 12:56:37.323000,5.0,true,variability_open,cold,berry,../data/prolific_output/run5_scalar_heat-group_scalar_heat/qu70-s_qu3-batch1.csv
qu70-s_qu3-batch1.csv-2,2,NOT AVAILABLE,NOT AVAILABLE,5dc4ef01-5966-49da-b93c-8694d8e953c4,PROLIFIC,11-Feb-2021 13:43:53,1174,46528,74561df2-7d88-4096-97b7-4994c89a6004,"You can find (a/an) berry which is cold. (A/an) berry is usually either cold, a bit more or less cold or the opposite of cold.","You can find (a/an) knife which is sharp. (A/an) knife is usually either sharp, a bit more or less sharp or the opposite of sharp.","You can find (a/an) substance which is solid. (A/an) substance is usually either solid, a bit more or less solid or the opposite of solid.",5_scalar_heat-set_extension_full_range,https://app.prolific.co/submissions/complete?cc=135DD3C8,Agree or disagree (run5_scalar_heat-set_extension_full_range-experiment_scalar-batch1-70-70),408658,49a1cfe6-c262-40ba-a54a-cf8e11224a54,2021-02-11 13:43:53,443.921,2021-02-11 12:38:29.969000,2021-02-11 12:45:53.890000,7.0,false,variability_open,cold,berry,../data/prolific_output/run5_scalar_heat-group_scalar_heat/qu70-s_qu3-batch1.csv
qu70-s_qu3-batch1.csv-2,2,NOT AVAILABLE,NOT AVAILABLE,6591e696-4740-4846-875f-72b909d5e0c8,PROLIFIC,11-Feb-2021 14:16:24,1174,46528,74561df2-7d88-4096-97b7-4994c89a6004,"You can find (a/an) berry which is cold. (A/an) berry is usually either cold, a bit more or less cold or the opposite of cold.","You can find (a/an) knife which is sharp. (A/an) knife is usually either sharp, a bit more or less sharp or the opposite of sharp.","You can find (a/an) substance which is solid. (A/an) substance is usually either solid, a bit more or less solid or the opposite of solid.",5_scalar_heat-set_extension_full_range,https://app.prolific.co/submissions/complete?cc=135DD3C8,Agree or disagree (run5_scalar_heat-set_extension_full_range-experiment_scalar-batch1-70-70),409611,9ca58a44-51d1-4935-8f8e-34e928eff13c,2021-02-11 14:16:24,562.557,2021-02-11 13:10:48.417000,2021-02-11 13:20:10.974000,14.0,true,variability_open,cold,berry,../data/prolific_output/run5_scalar_heat-group_scalar_heat/qu70-s_qu3-batch1.csv
qu70-s_qu3-batch1.csv-2,2,NOT AVAILABLE,NOT AVAILABLE,c2fac0e6-01c1-4b66-8685-a3cbaffce5ba,PROLIFIC,11-Feb-2021 14:33:59,1174,46528,74561df2-7d88-4096-97b7-4994c89a6004,"You can find (a/an) berry which is cold. (A/an) berry is usually either cold, a bit more or less cold or the opposite of cold.","You can find (a/an) knife which is sharp. (A/an) knife is usually either sharp, a bit more or less sharp or the opposite of sharp.","You can find (a/an) substance which is solid. (A/an) substance is usually either solid, a bit more or less solid or the opposite of solid.",5_scalar_heat-set_extension_full_range,https://app.prolific.co/submissions/complete?cc=135DD3C8,Agree or disagree (run5_scalar_heat-set_extension_full_range-experiment_scalar-batch1-70-70),410031,21650baf-6e35-47a1-a5c4-6e2985ab3b2c,2021-02-11 14:33:59,425.954,2021-02-11 13:27:27.892000,2021-02-11 13:34:33.846000,6.0,true,variability_open,cold,berry,../data/prolific_output/run5_scalar_heat-group_scalar_heat/qu70-s_qu3-batch1.csv
qu70-s_qu3-batch1.csv-2,2,NOT AVAILABLE,NOT AVAILABLE,fa8a70d3-4a4f-439a-b049-c5af1ef4d008,PROLIFIC,11-Feb-2021 15:11:39,1174,46529,40f3178b-0c4b-4290-8f60-09807634c780,``Cold'' is one for the first things which come to mind when I hear ``berry' because cold is one of the typical temperatures of (a/an) berry'.,``Heavy'' is one for the first things which come to mind when I hear ``rock' because heavy is one of the typical qualities of (a/an) rock'.,``Green'' is one for the first things which come to mind when I hear ``raspberry' because green is one of the typical colors of (a/an) raspberry'.,5_scalar_heat-set_extension_full_range,https://app.prolific.co/submissions/complete?cc=135DD3C8,Agree or disagree (run5_scalar_heat-set_extension_full_range-experiment_scalar-batch1-70-70),410487,e24fb286-4633-478b-ae21-045bbf776633,2021-02-11 15:11:39,347.665,2021-02-11 14:11:18.938000,2021-02-11 14:17:06.603000,20.062,false,typical_of_concept,cold,berry,../data/prolific_output/run5_scalar_heat-group_scalar_heat/qu70-s_qu3-batch1.csv
qu70-s_qu3-batch1.csv-2,2,NOT AVAILABLE,NOT AVAILABLE,67616648-48b2-4c7c-847c-3cfe6d860951,PROLIFIC,11-Feb-2021 13:58:08,1174,46529,40f3178b-0c4b-4290-8f60-09807634c780,``Cold'' is one for the first things which come to mind when I hear ``berry' because cold is one of the typical temperatures of (a/an) berry'.,``Heavy'' is one for the first things which come to mind when I hear ``rock' because heavy is one of the typical qualities of (a/an) rock'.,``Green'' is one for the first things which come to mind when I hear ``raspberry' because green is one of the typical colors of (a/an) raspberry'.,5_scalar_heat-set_extension_full_range,https://app.prolific.co/submissions/complete?cc=135DD3C8,Agree or disagree (run5_scalar_heat-set_extension_full_range-experiment_scalar-batch1-70-70),409056,3b6ac786-64f1-4aa2-94d6-1c4bcf4773b2,2021-02-11 13:58:08,949.262,2021-02-11 12:44:12.147000,2021-02-11 13:00:01.409000,5.0,false,typical_of_concept,cold,berry,../data/prolific_output/run5_scalar_heat-group_scalar_heat/qu70-s_qu3-batch1.csv
qu70-s_qu3-batch1.csv-2,2,NOT AVAILABLE,NOT AVAILABLE,c5acc5c7-6592-4c17-a004-f364dd26d555,PROLIFIC,11-Feb-2021 14:33:26,1174,46529,40f3178b-0c4b-4290-8f60-09807634c780,``Cold'' is one for the first things which come to mind when I hear ``berry' because cold is one of the typical temperatures of (a/an) berry'.,``Heavy'' is one for the first things which come to mind when I hear ``rock' because heavy is one of the typical qualities of (a/an) rock'.,``Green'' is one for the first things which come to mind when I hear ``raspberry' because green is one of the typical colors of (a/an) raspberry'.,5_scalar_heat-set_extension_full_range,https://app.prolific.co/submissions/complete?cc=135DD3C8,Agree or disagree (run5_scalar_heat-set_extension_full_range-experiment_scalar-batch1-70-70),410012,08fc2545-463f-49ee-9be5-9b11cf26c58a,2021-02-11 14:33:26,865.556,2021-02-11 13:20:47.199000,2021-02-11 13:35:12.755000,3.0,false,typical_of_concept,cold,berry,../data/prolific_output/run5_scalar_heat-group_scalar_heat/qu70-s_qu3-batch1.csv
qu70-s_qu3-batch1.csv-2,2,NOT AVAILABLE,NOT AVAILABLE,4143fee4-d4f0-4e3d-901d-91dbd47391f1,PROLIFIC,11-Feb-2021 14:06:22,1174,46529,40f3178b-0c4b-4290-8f60-09807634c780,``Cold'' is one for the first things which come to mind when I hear ``berry' because cold is one of the typical temperatures of (a/an) berry'.,``Heavy'' is one for the first things which come to mind when I hear ``rock' because heavy is one of the typical qualities of (a/an) rock'.,``Green'' is one for the first things which come to mind when I hear ``raspberry' because green is one of the typical colors of (a/an) raspberry'.,5_scalar_heat-set_extension_full_range,https://app.prolific.co/submissions/complete?cc=135DD3C8,Agree or disagree (run5_scalar_heat-set_extension_full_range-experiment_scalar-batch1-70-70),409235,2baadff6-c81a-4250-88f4-a9abd777d6f0,2021-02-11 14:06:22,522.216,2021-02-11 13:01:04.933000,2021-02-11 13:09:47.149000,4.0,false,typical_of_concept,cold,berry,../data/prolific_output/run5_scalar_heat-group_scalar_heat/qu70-s_qu3-batch1.csv
qu70-s_qu3-batch1.csv-2,2,NOT AVAILABLE,NOT AVAILABLE,393254ab-d116-4ce8-b686-bb7c17887d33,PROLIFIC,11-Feb-2021 14:10:28,1174,46529,40f3178b-0c4b-4290-8f60-09807634c780,``Cold'' is one for the first things which come to mind when I hear ``berry' because cold is one of the typical temperatures of (a/an) berry'.,``Heavy'' is one for the first things which come to mind when I hear ``rock' because heavy is one of the typical qualities of (a/an) rock'.,``Green'' is one for the first things which come to mind when I hear ``raspberry' because green is one of the typical colors of (a/an) raspberry'.,5_scalar_heat-set_extension_full_range,https://app.prolific.co/submissions/complete?cc=135DD3C8,Agree or disagree (run5_scalar_heat-set_extension_full_range-experiment_scalar-batch1-70-70),409375,a4a08dbe-d030-4271-aea2-7f8718fea3a5,2021-02-11 14:10:28,818.111,2021-02-11 13:05:51.212000,2021-02-11 13:19:29.323000,5.0,false,typical_of_concept,cold,berry,../data/prolific_output/run5_scalar_heat-group_scalar_heat/qu70-s_qu3-batch1.csv
qu70-s_qu3-batch1.csv-2,2,NOT AVAILABLE,NOT AVAILABLE,93323109-435d-4f37-a41b-e4a720b53a81,PROLIFIC,11-Feb-2021 13:55:12,1174,46529,40f3178b-0c4b-4290-8f60-09807634c780,``Cold'' is one for the first things which come to mind when I hear ``berry' because cold is one of the typical temperatures of (a/an) berry'.,``Heavy'' is one for the first things which come to mind when I hear ``rock' because heavy is one of the typical qualities of (a/an) rock'.,``Green'' is one for the first things which come to mind when I hear ``raspberry' because green is one of the typical colors of (a/an) raspberry'.,5_scalar_heat-set_extension_full_range,https://app.prolific.co/submissions/complete?cc=135DD3C8,Agree or disagree (run5_scalar_heat-set_extension_full_range-experiment_scalar-batch1-70-70),408937,588d3ebf-0ccf-4f76-b174-52c3d3ad3e30,2021-02-11 13:55:12,401.872,2021-02-11 12:49:55.451000,2021-02-11 12:56:37.323000,3.0,false,typical_of_concept,cold,berry,../data/prolific_output/run5_scalar_heat-group_scalar_heat/qu70-s_qu3-batch1.csv
qu70-s_qu3-batch1.csv-2,2,NOT AVAILABLE,NOT AVAILABLE,5dc4ef01-5966-49da-b93c-8694d8e953c4,PROLIFIC,11-Feb-2021 13:41:10,1174,46529,40f3178b-0c4b-4290-8f60-09807634c780,``Cold'' is one for the first things which come to mind when I hear ``berry' because cold is one of the typical temperatures of (a/an) berry'.,``Heavy'' is one for the first things which come to mind when I hear ``rock' because heavy is one of the typical qualities of (a/an) rock'.,``Green'' is one for the first things which come to mind when I hear ``raspberry' because green is one of the typical colors of (a/an) raspberry'.,5_scalar_heat-set_extension_full_range,https://app.prolific.co/submissions/complete?cc=135DD3C8,Agree or disagree (run5_scalar_heat-set_extension_full_range-experiment_scalar-batch1-70-70),408616,dbdbf3bc-d7cf-437b-9356-de5925db0fca,2021-02-11 13:41:10,443.921,2021-02-11 12:38:29.969000,2021-02-11 12:45:53.890000,9.0,false,typical_of_concept,cold,berry,../data/prolific_output/run5_scalar_heat-group_scalar_heat/qu70-s_qu3-batch1.csv
qu70-s_qu3-batch1.csv-2,2,NOT AVAILABLE,NOT AVAILABLE,6591e696-4740-4846-875f-72b909d5e0c8,PROLIFIC,11-Feb-2021 14:17:05,1174,46529,40f3178b-0c4b-4290-8f60-09807634c780,``Cold'' is one for the first things which come to mind when I hear ``berry' because cold is one of the typical temperatures of (a/an) berry'.,``Heavy'' is one for the first things which come to mind when I hear ``rock' because heavy is one of the typical qualities of (a/an) rock'.,``Green'' is one for the first things which come to mind when I hear ``raspberry' because green is one of the typical colors of (a/an) raspberry'.,5_scalar_heat-set_extension_full_range,https://app.prolific.co/submissions/complete?cc=135DD3C8,Agree or disagree (run5_scalar_heat-set_extension_full_range-experiment_scalar-batch1-70-70),409641,f4c14159-3afb-44da-a5e5-f6b8daf6594b,2021-02-11 14:17:05,562.557,2021-02-11 13:10:48.417000,2021-02-11 13:20:10.974000,4.0,false,typical_of_concept,cold,berry,../data/prolific_output/run5_scalar_heat-group_scalar_heat/qu70-s_qu3-batch1.csv
qu70-s_qu3-batch1.csv-2,2,NOT AVAILABLE,NOT AVAILABLE,c2fac0e6-01c1-4b66-8685-a3cbaffce5ba,PROLIFIC,11-Feb-2021 14:28:39,1174,46529,40f3178b-0c4b-4290-8f60-09807634c780,``Cold'' is one for the first things which come to mind when I hear ``berry' because cold is one of the typical temperatures of (a/an) berry'.,``Heavy'' is one for the first things which come to mind when I hear ``rock' because heavy is one of the typical qualities of (a/an) rock'.,``Green'' is one for the first things which come to mind when I hear ``raspberry' because green is one of the typical colors of (a/an) raspberry'.,5_scalar_heat-set_extension_full_range,https://app.prolific.co/submissions/complete?cc=135DD3C8,Agree or disagree (run5_scalar_heat-set_extension_full_range-experiment_scalar-batch1-70-70),409887,338b8b71-f814-4a21-a84b-04415aaf0374,2021-02-11 14:28:39,425.954,2021-02-11 13:27:27.892000,2021-02-11 13:34:33.846000,2.0,false,typical_of_concept,cold,berry,../data/prolific_output/run5_scalar_heat-group_scalar_heat/qu70-s_qu3-batch1.csv
qu70-s_qu3-batch1.csv-2,2,NOT AVAILABLE,NOT AVAILABLE,fa8a70d3-4a4f-439a-b049-c5af1ef4d008,PROLIFIC,11-Feb-2021 15:15:20,1174,46530,1cf8b80e-dd29-4668-9492-2bb5cc29c6ee,``Berry'' is one of the first things which come to mind when I hear ``cold' because (a/an) berry is a typical example of things which are cold'. ,``Rainbow'' is one of the first things which come to mind when I hear ``colorful' because (a/an) rainbow is a typical example of things which are colorful'. ,``Dress'' is one of the first things which come to mind when I hear ``white' because (a/an) dress is a typical example of things which are white'. ,5_scalar_heat-set_extension_full_range,https://app.prolific.co/submissions/complete?cc=135DD3C8,Agree or disagree (run5_scalar_heat-set_extension_full_range-experiment_scalar-batch1-70-70),410529,a1dfacc1-fb60-4a5e-82d8-9fa3acb2618d,2021-02-11 15:15:20,347.665,2021-02-11 14:11:18.938000,2021-02-11 14:17:06.603000,4.0,false,typical_of_property,cold,berry,../data/prolific_output/run5_scalar_heat-group_scalar_heat/qu70-s_qu3-batch1.csv
qu70-s_qu3-batch1.csv-2,2,NOT AVAILABLE,NOT AVAILABLE,67616648-48b2-4c7c-847c-3cfe6d860951,PROLIFIC,11-Feb-2021 13:54:02,1174,46530,1cf8b80e-dd29-4668-9492-2bb5cc29c6ee,``Berry'' is one of the first things which come to mind when I hear ``cold' because (a/an) berry is a typical example of things which are cold'. ,``Rainbow'' is one of the first things which come to mind when I hear ``colorful' because (a/an) rainbow is a typical example of things which are colorful'. ,``Dress'' is one of the first things which come to mind when I hear ``white' because (a/an) dress is a typical example of things which are white'. ,5_scalar_heat-set_extension_full_range,https://app.prolific.co/submissions/complete?cc=135DD3C8,Agree or disagree (run5_scalar_heat-set_extension_full_range-experiment_scalar-batch1-70-70),408890,4c8e0e55-d765-4dd2-8668-ab81c27b504b,2021-02-11 13:54:02,949.262,2021-02-11 12:44:12.147000,2021-02-11 13:00:01.409000,18.0,false,typical_of_property,cold,berry,../data/prolific_output/run5_scalar_heat-group_scalar_heat/qu70-s_qu3-batch1.csv
qu70-s_qu3-batch1.csv-2,2,NOT AVAILABLE,NOT AVAILABLE,c5acc5c7-6592-4c17-a004-f364dd26d555,PROLIFIC,11-Feb-2021 14:31:42,1174,46530,1cf8b80e-dd29-4668-9492-2bb5cc29c6ee,``Berry'' is one of the first things which come to mind when I hear ``cold' because (a/an) berry is a typical example of things which are cold'. ,``Rainbow'' is one of the first things which come to mind when I hear ``colorful' because (a/an) rainbow is a typical example of things which are colorful'. ,``Dress'' is one of the first things which come to mind when I hear ``white' because (a/an) dress is a typical example of things which are white'. ,5_scalar_heat-set_extension_full_range,https://app.prolific.co/submissions/complete?cc=135DD3C8,Agree or disagree (run5_scalar_heat-set_extension_full_range-experiment_scalar-batch1-70-70),409954,29b4f047-c277-422e-bca6-9db4a5bb3fc5,2021-02-11 14:31:42,865.556,2021-02-11 13:20:47.199000,2021-02-11 13:35:12.755000,6.0,false,typical_of_property,cold,berry,../data/prolific_output/run5_scalar_heat-group_scalar_heat/qu70-s_qu3-batch1.csv
qu70-s_qu3-batch1.csv-2,2,NOT AVAILABLE,NOT AVAILABLE,4143fee4-d4f0-4e3d-901d-91dbd47391f1,PROLIFIC,11-Feb-2021 14:02:45,1174,46530,1cf8b80e-dd29-4668-9492-2bb5cc29c6ee,``Berry'' is one of the first things which come to mind when I hear ``cold' because (a/an) berry is a typical example of things which are cold'. ,``Rainbow'' is one of the first things which come to mind when I hear ``colorful' because (a/an) rainbow is a typical example of things which are colorful'. ,``Dress'' is one of the first things which come to mind when I hear ``white' because (a/an) dress is a typical example of things which are white'. ,5_scalar_heat-set_extension_full_range,https://app.prolific.co/submissions/complete?cc=135DD3C8,Agree or disagree (run5_scalar_heat-set_extension_full_range-experiment_scalar-batch1-70-70),409178,b1914d12-4080-4c78-9854-34df2d290a3a,2021-02-11 14:02:45,522.216,2021-02-11 13:01:04.933000,2021-02-11 13:09:47.149000,12.0,false,typical_of_property,cold,berry,../data/prolific_output/run5_scalar_heat-group_scalar_heat/qu70-s_qu3-batch1.csv
qu70-s_qu3-batch1.csv-2,2,NOT AVAILABLE,NOT AVAILABLE,393254ab-d116-4ce8-b686-bb7c17887d33,PROLIFIC,11-Feb-2021 14:07:53,1174,46530,1cf8b80e-dd29-4668-9492-2bb5cc29c6ee,``Berry'' is one of the first things which come to mind when I hear ``cold' because (a/an) berry is a typical example of things which are cold'. ,``Rainbow'' is one of the first things which come to mind when I hear ``colorful' because (a/an) rainbow is a typical example of things which are colorful'. ,``Dress'' is one of the first things which come to mind when I hear ``white' because (a/an) dress is a typical example of things which are white'. ,5_scalar_heat-set_extension_full_range,https://app.prolific.co/submissions/complete?cc=135DD3C8,Agree or disagree (run5_scalar_heat-set_extension_full_range-experiment_scalar-batch1-70-70),409280,1bdd995e-78e9-46a1-baa2-5e35d4e46d4d,2021-02-11 14:07:53,818.111,2021-02-11 13:05:51.212000,2021-02-11 13:19:29.323000,121.788,false,typical_of_property,cold,berry,../data/prolific_output/run5_scalar_heat-group_scalar_heat/qu70-s_qu3-batch1.csv
qu70-s_qu3-batch1.csv-2,2,NOT AVAILABLE,NOT AVAILABLE,93323109-435d-4f37-a41b-e4a720b53a81,PROLIFIC,11-Feb-2021 13:50:28,1174,46530,1cf8b80e-dd29-4668-9492-2bb5cc29c6ee,``Berry'' is one of the first things which come to mind when I hear ``cold' because (a/an) berry is a typical example of things which are cold'. ,``Rainbow'' is one of the first things which come to mind when I hear ``colorful' because (a/an) rainbow is a typical example of things which are colorful'. ,``Dress'' is one of the first things which come to mind when I hear ``white' because (a/an) dress is a typical example of things which are white'. ,5_scalar_heat-set_extension_full_range,https://app.prolific.co/submissions/complete?cc=135DD3C8,Agree or disagree (run5_scalar_heat-set_extension_full_range-experiment_scalar-batch1-70-70),408774,19e436fd-56f1-4d54-abad-f6bdfcb840bd,2021-02-11 13:50:28,401.872,2021-02-11 12:49:55.451000,2021-02-11 12:56:37.323000,32.549,false,typical_of_property,cold,berry,../data/prolific_output/run5_scalar_heat-group_scalar_heat/qu70-s_qu3-batch1.csv
qu70-s_qu3-batch1.csv-2,2,NOT AVAILABLE,NOT AVAILABLE,5dc4ef01-5966-49da-b93c-8694d8e953c4,PROLIFIC,11-Feb-2021 13:44:03,1174,46530,1cf8b80e-dd29-4668-9492-2bb5cc29c6ee,``Berry'' is one of the first things which come to mind when I hear ``cold' because (a/an) berry is a typical example of things which are cold'. ,``Rainbow'' is one of the first things which come to mind when I hear ``colorful' because (a/an) rainbow is a typical example of things which are colorful'. ,``Dress'' is one of the first things which come to mind when I hear ``white' because (a/an) dress is a typical example of things which are white'. ,5_scalar_heat-set_extension_full_range,https://app.prolific.co/submissions/complete?cc=135DD3C8,Agree or disagree (run5_scalar_heat-set_extension_full_range-experiment_scalar-batch1-70-70),408663,16652115-5dab-471a-9800-903889585cd3,2021-02-11 13:44:03,443.921,2021-02-11 12:38:29.969000,2021-02-11 12:45:53.890000,4.0,false,typical_of_property,cold,berry,../data/prolific_output/run5_scalar_heat-group_scalar_heat/qu70-s_qu3-batch1.csv
qu70-s_qu3-batch1.csv-2,2,NOT AVAILABLE,NOT AVAILABLE,6591e696-4740-4846-875f-72b909d5e0c8,PROLIFIC,11-Feb-2021 14:15:44,1174,46530,1cf8b80e-dd29-4668-9492-2bb5cc29c6ee,``Berry'' is one of the first things which come to mind when I hear ``cold' because (a/an) berry is a typical example of things which are cold'. ,``Rainbow'' is one of the first things which come to mind when I hear ``colorful' because (a/an) rainbow is a typical example of things which are colorful'. ,``Dress'' is one of the first things which come to mind when I hear ``white' because (a/an) dress is a typical example of things which are white'. ,5_scalar_heat-set_extension_full_range,https://app.prolific.co/submissions/complete?cc=135DD3C8,Agree or disagree (run5_scalar_heat-set_extension_full_range-experiment_scalar-batch1-70-70),409576,2e4c874c-2406-449e-a3e4-3ab9aa1b243e,2021-02-11 14:15:44,562.557,2021-02-11 13:10:48.417000,2021-02-11 13:20:10.974000,2.0,false,typical_of_property,cold,berry,../data/prolific_output/run5_scalar_heat-group_scalar_heat/qu70-s_qu3-batch1.csv
qu70-s_qu3-batch1.csv-2,2,NOT AVAILABLE,NOT AVAILABLE,c2fac0e6-01c1-4b66-8685-a3cbaffce5ba,PROLIFIC,11-Feb-2021 14:31:52,1174,46530,1cf8b80e-dd29-4668-9492-2bb5cc29c6ee,``Berry'' is one of the first things which come to mind when I hear ``cold' because (a/an) berry is a typical example of things which are cold'. ,``Rainbow'' is one of the first things which come to mind when I hear ``colorful' because (a/an) rainbow is a typical example of things which are colorful'. ,``Dress'' is one of the first things which come to mind when I hear ``white' because (a/an) dress is a typical example of things which are white'. ,5_scalar_heat-set_extension_full_range,https://app.prolific.co/submissions/complete?cc=135DD3C8,Agree or disagree (run5_scalar_heat-set_extension_full_range-experiment_scalar-batch1-70-70),409959,15ed7f41-cc65-4fe6-a31a-153c9941339f,2021-02-11 14:31:52,425.954,2021-02-11 13:27:27.892000,2021-02-11 13:34:33.846000,2.0,false,typical_of_property,cold,berry,../data/prolific_output/run5_scalar_heat-group_scalar_heat/qu70-s_qu3-batch1.csv
qu70-s_qu3-batch1.csv-2,2,NOT AVAILABLE,NOT AVAILABLE,fa8a70d3-4a4f-439a-b049-c5af1ef4d008,PROLIFIC,11-Feb-2021 15:15:06,1174,46531,9b8f0733-9f77-453f-94d6-9f5e5d44829d,I know that (a/an) growler is cold as most or all other things similar to (a/an) growler are cold. ,I know that (a/an) chocoloate_bar is sweet as most or all other things similar to (a/an) chocoloate_bar are sweet. ,I know that (a/an) dress is white as most or all other things similar to (a/an) dress are white. ,5_scalar_heat-set_extension_full_range,https://app.prolific.co/submissions/complete?cc=135DD3C8,Agree or disagree (run5_scalar_heat-set_extension_full_range-experiment_scalar-batch1-70-70),410525,13596eda-b920-46b2-adf5-75f901c94035,2021-02-11 15:15:06,347.665,2021-02-11 14:11:18.938000,2021-02-11 14:17:06.603000,4.0,true,implied_category,cold,growler,../data/prolific_output/run5_scalar_heat-group_scalar_heat/qu70-s_qu3-batch1.csv
qu70-s_qu3-batch1.csv-2,2,NOT AVAILABLE,NOT AVAILABLE,67616648-48b2-4c7c-847c-3cfe6d860951,PROLIFIC,11-Feb-2021 13:58:03,1174,46531,9b8f0733-9f77-453f-94d6-9f5e5d44829d,I know that (a/an) growler is cold as most or all other things similar to (a/an) growler are cold. ,I know that (a/an) chocoloate_bar is sweet as most or all other things similar to (a/an) chocoloate_bar are sweet. ,I know that (a/an) dress is white as most or all other things similar to (a/an) dress are white. ,5_scalar_heat-set_extension_full_range,https://app.prolific.co/submissions/complete?cc=135DD3C8,Agree or disagree (run5_scalar_heat-set_extension_full_range-experiment_scalar-batch1-70-70),409052,f266d449-791c-482f-8012-826d5ad13de7,2021-02-11 13:58:03,949.262,2021-02-11 12:44:12.147000,2021-02-11 13:00:01.409000,5.0,true,implied_category,cold,growler,../data/prolific_output/run5_scalar_heat-group_scalar_heat/qu70-s_qu3-batch1.csv
qu70-s_qu3-batch1.csv-2,2,NOT AVAILABLE,NOT AVAILABLE,c5acc5c7-6592-4c17-a004-f364dd26d555,PROLIFIC,11-Feb-2021 14:29:30,1174,46531,9b8f0733-9f77-453f-94d6-9f5e5d44829d,I know that (a/an) growler is cold as most or all other things similar to (a/an) growler are cold. ,I know that (a/an) chocoloate_bar is sweet as most or all other things similar to (a/an) chocoloate_bar are sweet. ,I know that (a/an) dress is white as most or all other things similar to (a/an) dress are white. ,5_scalar_heat-set_extension_full_range,https://app.prolific.co/submissions/complete?cc=135DD3C8,Agree or disagree (run5_scalar_heat-set_extension_full_range-experiment_scalar-batch1-70-70),409909,f285db77-3769-49d2-8e08-7dd2b968591b,2021-02-11 14:29:30,865.556,2021-02-11 13:20:47.199000,2021-02-11 13:35:12.755000,3.0,true,implied_category,cold,growler,../data/prolific_output/run5_scalar_heat-group_scalar_heat/qu70-s_qu3-batch1.csv
qu70-s_qu3-batch1.csv-2,2,NOT AVAILABLE,NOT AVAILABLE,4143fee4-d4f0-4e3d-901d-91dbd47391f1,PROLIFIC,11-Feb-2021 14:09:21,1174,46531,9b8f0733-9f77-453f-94d6-9f5e5d44829d,I know that (a/an) growler is cold as most or all other things similar to (a/an) growler are cold. ,I know that (a/an) chocoloate_bar is sweet as most or all other things similar to (a/an) chocoloate_bar are sweet. ,I know that (a/an) dress is white as most or all other things similar to (a/an) dress are white. ,5_scalar_heat-set_extension_full_range,https://app.prolific.co/submissions/complete?cc=135DD3C8,Agree or disagree (run5_scalar_heat-set_extension_full_range-experiment_scalar-batch1-70-70),409323,dca4d468-6d37-47f3-9cfa-93a144a6344c,2021-02-11 14:09:21,522.216,2021-02-11 13:01:04.933000,2021-02-11 13:09:47.149000,16.0,false,implied_category,cold,growler,../data/prolific_output/run5_scalar_heat-group_scalar_heat/qu70-s_qu3-batch1.csv
qu70-s_qu3-batch1.csv-2,2,NOT AVAILABLE,NOT AVAILABLE,393254ab-d116-4ce8-b686-bb7c17887d33,PROLIFIC,11-Feb-2021 14:16:12,1174,46531,9b8f0733-9f77-453f-94d6-9f5e5d44829d,I know that (a/an) growler is cold as most or all other things similar to (a/an) growler are cold. ,I know that (a/an) chocoloate_bar is sweet as most or all other things similar to (a/an) chocoloate_bar are sweet. ,I know that (a/an) dress is white as most or all other things similar to (a/an) dress are white. ,5_scalar_heat-set_extension_full_range,https://app.prolific.co/submissions/complete?cc=135DD3C8,Agree or disagree (run5_scalar_heat-set_extension_full_range-experiment_scalar-batch1-70-70),409607,3bd1157d-3dd3-40d9-acad-50479de17355,2021-02-11 14:16:12,818.111,2021-02-11 13:05:51.212000,2021-02-11 13:19:29.323000,6.0,true,implied_category,cold,growler,../data/prolific_output/run5_scalar_heat-group_scalar_heat/qu70-s_qu3-batch1.csv
qu70-s_qu3-batch1.csv-2,2,NOT AVAILABLE,NOT AVAILABLE,93323109-435d-4f37-a41b-e4a720b53a81,PROLIFIC,11-Feb-2021 13:51:27,1174,46531,9b8f0733-9f77-453f-94d6-9f5e5d44829d,I know that (a/an) growler is cold as most or all other things similar to (a/an) growler are cold. ,I know that (a/an) chocoloate_bar is sweet as most or all other things similar to (a/an) chocoloate_bar are sweet. ,I know that (a/an) dress is white as most or all other things similar to (a/an) dress are white. ,5_scalar_heat-set_extension_full_range,https://app.prolific.co/submissions/complete?cc=135DD3C8,Agree or disagree (run5_scalar_heat-set_extension_full_range-experiment_scalar-batch1-70-70),408789,42d93137-e9e0-4c16-b884-451f204f674d,2021-02-11 13:51:27,401.872,2021-02-11 12:49:55.451000,2021-02-11 12:56:37.323000,59.0,false,implied_category,cold,growler,../data/prolific_output/run5_scalar_heat-group_scalar_heat/qu70-s_qu3-batch1.csv
qu70-s_qu3-batch1.csv-2,2,NOT AVAILABLE,NOT AVAILABLE,5dc4ef01-5966-49da-b93c-8694d8e953c4,PROLIFIC,11-Feb-2021 13:41:52,1174,46531,9b8f0733-9f77-453f-94d6-9f5e5d44829d,I know that (a/an) growler is cold as most or all other things similar to (a/an) growler are cold. ,I know that (a/an) chocoloate_bar is sweet as most or all other things similar to (a/an) chocoloate_bar are sweet. ,I know that (a/an) dress is white as most or all other things similar to (a/an) dress are white. ,5_scalar_heat-set_extension_full_range,https://app.prolific.co/submissions/complete?cc=135DD3C8,Agree or disagree (run5_scalar_heat-set_extension_full_range-experiment_scalar-batch1-70-70),408627,873750c2-1dff-45cd-90f2-28d59677e816,2021-02-11 13:41:52,443.921,2021-02-11 12:38:29.969000,2021-02-11 12:45:53.890000,3.0,false,implied_category,cold,growler,../data/prolific_output/run5_scalar_heat-group_scalar_heat/qu70-s_qu3-batch1.csv
qu70-s_qu3-batch1.csv-2,2,NOT AVAILABLE,NOT AVAILABLE,6591e696-4740-4846-875f-72b909d5e0c8,PROLIFIC,11-Feb-2021 14:15:29,1174,46531,9b8f0733-9f77-453f-94d6-9f5e5d44829d,I know that (a/an) growler is cold as most or all other things similar to (a/an) growler are cold. ,I know that (a/an) chocoloate_bar is sweet as most or all other things similar to (a/an) chocoloate_bar are sweet. ,I know that (a/an) dress is white as most or all other things similar to (a/an) dress are white. ,5_scalar_heat-set_extension_full_range,https://app.prolific.co/submissions/complete?cc=135DD3C8,Agree or disagree (run5_scalar_heat-set_extension_full_range-experiment_scalar-batch1-70-70),409561,8ccac007-3786-492d-aa48-ecf46e23197f,2021-02-11 14:15:29,562.557,2021-02-11 13:10:48.417000,2021-02-11 13:20:10.974000,4.0,false,implied_category,cold,growler,../data/prolific_output/run5_scalar_heat-group_scalar_heat/qu70-s_qu3-batch1.csv
qu70-s_qu3-batch1.csv-2,2,NOT AVAILABLE,NOT AVAILABLE,c2fac0e6-01c1-4b66-8685-a3cbaffce5ba,PROLIFIC,11-Feb-2021 14:32:22,1174,46531,9b8f0733-9f77-453f-94d6-9f5e5d44829d,I know that (a/an) growler is cold as most or all other things similar to (a/an) growler are cold. ,I know that (a/an) chocoloate_bar is sweet as most or all other things similar to (a/an) chocoloate_bar are sweet. ,I know that (a/an) dress is white as most or all other things similar to (a/an) dress are white. ,5_scalar_heat-set_extension_full_range,https://app.prolific.co/submissions/complete?cc=135DD3C8,Agree or disagree (run5_scalar_heat-set_extension_full_range-experiment_scalar-batch1-70-70),409981,123db66b-e96a-4550-bf63-71ec432948ae,2021-02-11 14:32:22,425.954,2021-02-11 13:27:27.892000,2021-02-11 13:34:33.846000,3.0,true,implied_category,cold,growler,../data/prolific_output/run5_scalar_heat-group_scalar_heat/qu70-s_qu3-batch1.csv
qu70-s_qu3-batch1.csv-2,2,NOT AVAILABLE,NOT AVAILABLE,fa8a70d3-4a4f-439a-b049-c5af1ef4d008,PROLIFIC,11-Feb-2021 15:15:25,1174,46532,4f194ced-146d-446b-bcc0-f0149461e88b,"I think (a/an) growler can be cold, but this is rare or uncommon.","I think (a/an) chocolate can be salty, but this is rare or uncommon.","I think (a/an) cherry can be salty, but this is rare or uncommon.",5_scalar_heat-set_extension_full_range,https://app.prolific.co/submissions/complete?cc=135DD3C8,Agree or disagree (run5_scalar_heat-set_extension_full_range-experiment_scalar-batch1-70-70),410530,43fd899d-0cf3-4e1d-a1b5-4a1c06dfd204,2021-02-11 15:15:25,347.665,2021-02-11 14:11:18.938000,2021-02-11 14:17:06.603000,5.0,false,rare,cold,growler,../data/prolific_output/run5_scalar_heat-group_scalar_heat/qu70-s_qu3-batch1.csv
qu70-s_qu3-batch1.csv-2,2,NOT AVAILABLE,NOT AVAILABLE,67616648-48b2-4c7c-847c-3cfe6d860951,PROLIFIC,11-Feb-2021 13:51:56,1174,46532,4f194ced-146d-446b-bcc0-f0149461e88b,"I think (a/an) growler can be cold, but this is rare or uncommon.","I think (a/an) chocolate can be salty, but this is rare or uncommon.","I think (a/an) cherry can be salty, but this is rare or uncommon.",5_scalar_heat-set_extension_full_range,https://app.prolific.co/submissions/complete?cc=135DD3C8,Agree or disagree (run5_scalar_heat-set_extension_full_range-experiment_scalar-batch1-70-70),408802,53716934-5c5d-457c-92da-cf393fd79a2a,2021-02-11 13:51:56,949.262,2021-02-11 12:44:12.147000,2021-02-11 13:00:01.409000,10.0,false,rare,cold,growler,../data/prolific_output/run5_scalar_heat-group_scalar_heat/qu70-s_qu3-batch1.csv
qu70-s_qu3-batch1.csv-2,2,NOT AVAILABLE,NOT AVAILABLE,c5acc5c7-6592-4c17-a004-f364dd26d555,PROLIFIC,11-Feb-2021 14:25:42,1174,46532,4f194ced-146d-446b-bcc0-f0149461e88b,"I think (a/an) growler can be cold, but this is rare or uncommon.","I think (a/an) chocolate can be salty, but this is rare or uncommon.","I think (a/an) cherry can be salty, but this is rare or uncommon.",5_scalar_heat-set_extension_full_range,https://app.prolific.co/submissions/complete?cc=135DD3C8,Agree or disagree (run5_scalar_heat-set_extension_full_range-experiment_scalar-batch1-70-70),409860,ceb3bb90-558e-4f15-941e-d3e510814f87,2021-02-11 14:25:42,865.556,2021-02-11 13:20:47.199000,2021-02-11 13:35:12.755000,3.0,false,rare,cold,growler,../data/prolific_output/run5_scalar_heat-group_scalar_heat/qu70-s_qu3-batch1.csv
qu70-s_qu3-batch1.csv-2,2,NOT AVAILABLE,NOT AVAILABLE,4143fee4-d4f0-4e3d-901d-91dbd47391f1,PROLIFIC,11-Feb-2021 14:06:26,1174,46532,4f194ced-146d-446b-bcc0-f0149461e88b,"I think (a/an) growler can be cold, but this is rare or uncommon.","I think (a/an) chocolate can be salty, but this is rare or uncommon.","I think (a/an) cherry can be salty, but this is rare or uncommon.",5_scalar_heat-set_extension_full_range,https://app.prolific.co/submissions/complete?cc=135DD3C8,Agree or disagree (run5_scalar_heat-set_extension_full_range-experiment_scalar-batch1-70-70),409239,99ebcee2-8097-44e6-b2b2-eb809477e6aa,2021-02-11 14:06:26,522.216,2021-02-11 13:01:04.933000,2021-02-11 13:09:47.149000,2.0,false,rare,cold,growler,../data/prolific_output/run5_scalar_heat-group_scalar_heat/qu70-s_qu3-batch1.csv
qu70-s_qu3-batch1.csv-2,2,NOT AVAILABLE,NOT AVAILABLE,393254ab-d116-4ce8-b686-bb7c17887d33,PROLIFIC,11-Feb-2021 14:18:24,1174,46532,4f194ced-146d-446b-bcc0-f0149461e88b,"I think (a/an) growler can be cold, but this is rare or uncommon.","I think (a/an) chocolate can be salty, but this is rare or uncommon.","I think (a/an) cherry can be salty, but this is rare or uncommon.",5_scalar_heat-set_extension_full_range,https://app.prolific.co/submissions/complete?cc=135DD3C8,Agree or disagree (run5_scalar_heat-set_extension_full_range-experiment_scalar-batch1-70-70),409706,ec250920-a618-49b5-ae0e-3f023647348a,2021-02-11 14:18:24,818.111,2021-02-11 13:05:51.212000,2021-02-11 13:19:29.323000,3.0,false,rare,cold,growler,../data/prolific_output/run5_scalar_heat-group_scalar_heat/qu70-s_qu3-batch1.csv
qu70-s_qu3-batch1.csv-2,2,NOT AVAILABLE,NOT AVAILABLE,93323109-435d-4f37-a41b-e4a720b53a81,PROLIFIC,11-Feb-2021 13:52:56,1174,46532,4f194ced-146d-446b-bcc0-f0149461e88b,"I think (a/an) growler can be cold, but this is rare or uncommon.","I think (a/an) chocolate can be salty, but this is rare or uncommon.","I think (a/an) cherry can be salty, but this is rare or uncommon.",5_scalar_heat-set_extension_full_range,https://app.prolific.co/submissions/complete?cc=135DD3C8,Agree or disagree (run5_scalar_heat-set_extension_full_range-experiment_scalar-batch1-70-70),408842,af2e55d2-f441-4ba2-b194-20594c469c07,2021-02-11 13:52:56,401.872,2021-02-11 12:49:55.451000,2021-02-11 12:56:37.323000,6.0,false,rare,cold,growler,../data/prolific_output/run5_scalar_heat-group_scalar_heat/qu70-s_qu3-batch1.csv
qu70-s_qu3-batch1.csv-2,2,NOT AVAILABLE,NOT AVAILABLE,5dc4ef01-5966-49da-b93c-8694d8e953c4,PROLIFIC,11-Feb-2021 13:42:39,1174,46532,4f194ced-146d-446b-bcc0-f0149461e88b,"I think (a/an) growler can be cold, but this is rare or uncommon.","I think (a/an) chocolate can be salty, but this is rare or uncommon.","I think (a/an) cherry can be salty, but this is rare or uncommon.",5_scalar_heat-set_extension_full_range,https://app.prolific.co/submissions/complete?cc=135DD3C8,Agree or disagree (run5_scalar_heat-set_extension_full_range-experiment_scalar-batch1-70-70),408640,8496ae20-0bbf-4026-9bb8-a9a7b88d0710,2021-02-11 13:42:39,443.921,2021-02-11 12:38:29.969000,2021-02-11 12:45:53.890000,4.0,false,rare,cold,growler,../data/prolific_output/run5_scalar_heat-group_scalar_heat/qu70-s_qu3-batch1.csv
qu70-s_qu3-batch1.csv-2,2,NOT AVAILABLE,NOT AVAILABLE,6591e696-4740-4846-875f-72b909d5e0c8,PROLIFIC,11-Feb-2021 14:17:07,1174,46532,4f194ced-146d-446b-bcc0-f0149461e88b,"I think (a/an) growler can be cold, but this is rare or uncommon.","I think (a/an) chocolate can be salty, but this is rare or uncommon.","I think (a/an) cherry can be salty, but this is rare or uncommon.",5_scalar_heat-set_extension_full_range,https://app.prolific.co/submissions/complete?cc=135DD3C8,Agree or disagree (run5_scalar_heat-set_extension_full_range-experiment_scalar-batch1-70-70),409643,4b6521b8-8ee3-4e85-906e-19315c2ba5d0,2021-02-11 14:17:07,562.557,2021-02-11 13:10:48.417000,2021-02-11 13:20:10.974000,2.0,false,rare,cold,growler,../data/prolific_output/run5_scalar_heat-group_scalar_heat/qu70-s_qu3-batch1.csv
qu70-s_qu3-batch1.csv-2,2,NOT AVAILABLE,NOT AVAILABLE,c2fac0e6-01c1-4b66-8685-a3cbaffce5ba,PROLIFIC,11-Feb-2021 14:31:25,1174,46532,4f194ced-146d-446b-bcc0-f0149461e88b,"I think (a/an) growler can be cold, but this is rare or uncommon.","I think (a/an) chocolate can be salty, but this is rare or uncommon.","I think (a/an) cherry can be salty, but this is rare or uncommon.",5_scalar_heat-set_extension_full_range,https://app.prolific.co/submissions/complete?cc=135DD3C8,Agree or disagree (run5_scalar_heat-set_extension_full_range-experiment_scalar-batch1-70-70),409944,aa7ab75d-d52b-4ecf-b3ae-3543a6cb42de,2021-02-11 14:31:25,425.954,2021-02-11 13:27:27.892000,2021-02-11 13:34:33.846000,19.0,false,rare,cold,growler,../data/prolific_output/run5_scalar_heat-group_scalar_heat/qu70-s_qu3-batch1.csv
qu70-s_qu3-batch1.csv-2,2,NOT AVAILABLE,NOT AVAILABLE,fa8a70d3-4a4f-439a-b049-c5af1ef4d008,PROLIFIC,11-Feb-2021 15:13:16,1174,46533,60c60def-b2f1-4b69-aaf5-7db7e793798f,``Cold'' is one for the first things which come to mind when I hear ``growler' because cold is one of the typical temperatures of (a/an) growler'.,``Spicy'' is one for the first things which come to mind when I hear ``chili_pepper' because spicy is one of the typical tastes of (a/an) chili_pepper'.,``Sweet'' is one for the first things which come to mind when I hear ``spinach' because sweet is one of the typical tastes of (a/an) spinach'.,5_scalar_heat-set_extension_full_range,https://app.prolific.co/submissions/complete?cc=135DD3C8,Agree or disagree (run5_scalar_heat-set_extension_full_range-experiment_scalar-batch1-70-70),410499,e85caa34-ea6c-4f20-afc7-3577be23e538,2021-02-11 15:13:16,347.665,2021-02-11 14:11:18.938000,2021-02-11 14:17:06.603000,3.0,true,typical_of_concept,cold,growler,../data/prolific_output/run5_scalar_heat-group_scalar_heat/qu70-s_qu3-batch1.csv
qu70-s_qu3-batch1.csv-2,2,NOT AVAILABLE,NOT AVAILABLE,67616648-48b2-4c7c-847c-3cfe6d860951,PROLIFIC,11-Feb-2021 13:54:57,1174,46533,60c60def-b2f1-4b69-aaf5-7db7e793798f,``Cold'' is one for the first things which come to mind when I hear ``growler' because cold is one of the typical temperatures of (a/an) growler'.,``Spicy'' is one for the first things which come to mind when I hear ``chili_pepper' because spicy is one of the typical tastes of (a/an) chili_pepper'.,``Sweet'' is one for the first things which come to mind when I hear ``spinach' because sweet is one of the typical tastes of (a/an) spinach'.,5_scalar_heat-set_extension_full_range,https://app.prolific.co/submissions/complete?cc=135DD3C8,Agree or disagree (run5_scalar_heat-set_extension_full_range-experiment_scalar-batch1-70-70),408924,953d4fd1-cc3b-4da7-87a3-e874c330dfa3,2021-02-11 13:54:57,949.262,2021-02-11 12:44:12.147000,2021-02-11 13:00:01.409000,9.0,true,typical_of_concept,cold,growler,../data/prolific_output/run5_scalar_heat-group_scalar_heat/qu70-s_qu3-batch1.csv
qu70-s_qu3-batch1.csv-2,2,NOT AVAILABLE,NOT AVAILABLE,c5acc5c7-6592-4c17-a004-f364dd26d555,PROLIFIC,11-Feb-2021 14:34:58,1174,46533,60c60def-b2f1-4b69-aaf5-7db7e793798f,``Cold'' is one for the first things which come to mind when I hear ``growler' because cold is one of the typical temperatures of (a/an) growler'.,``Spicy'' is one for the first things which come to mind when I hear ``chili_pepper' because spicy is one of the typical tastes of (a/an) chili_pepper'.,``Sweet'' is one for the first things which come to mind when I hear ``spinach' because sweet is one of the typical tastes of (a/an) spinach'.,5_scalar_heat-set_extension_full_range,https://app.prolific.co/submissions/complete?cc=135DD3C8,Agree or disagree (run5_scalar_heat-set_extension_full_range-experiment_scalar-batch1-70-70),410048,67cc42d8-41bd-47bb-97ff-edb7dc412128,2021-02-11 14:34:58,865.556,2021-02-11 13:20:47.199000,2021-02-11 13:35:12.755000,7.0,true,typical_of_concept,cold,growler,../data/prolific_output/run5_scalar_heat-group_scalar_heat/qu70-s_qu3-batch1.csv
qu70-s_qu3-batch1.csv-2,2,NOT AVAILABLE,NOT AVAILABLE,4143fee4-d4f0-4e3d-901d-91dbd47391f1,PROLIFIC,11-Feb-2021 14:08:51,1174,46533,60c60def-b2f1-4b69-aaf5-7db7e793798f,``Cold'' is one for the first things which come to mind when I hear ``growler' because cold is one of the typical temperatures of (a/an) growler'.,``Spicy'' is one for the first things which come to mind when I hear ``chili_pepper' because spicy is one of the typical tastes of (a/an) chili_pepper'.,``Sweet'' is one for the first things which come to mind when I hear ``spinach' because sweet is one of the typical tastes of (a/an) spinach'.,5_scalar_heat-set_extension_full_range,https://app.prolific.co/submissions/complete?cc=135DD3C8,Agree or disagree (run5_scalar_heat-set_extension_full_range-experiment_scalar-batch1-70-70),409305,5ad42f29-39fb-4fe5-a5f6-9955eadf932e,2021-02-11 14:08:51,522.216,2021-02-11 13:01:04.933000,2021-02-11 13:09:47.149000,58.0,false,typical_of_concept,cold,growler,../data/prolific_output/run5_scalar_heat-group_scalar_heat/qu70-s_qu3-batch1.csv
qu70-s_qu3-batch1.csv-2,2,NOT AVAILABLE,NOT AVAILABLE,393254ab-d116-4ce8-b686-bb7c17887d33,PROLIFIC,11-Feb-2021 14:10:23,1174,46533,60c60def-b2f1-4b69-aaf5-7db7e793798f,``Cold'' is one for the first things which come to mind when I hear ``growler' because cold is one of the typical temperatures of (a/an) growler'.,``Spicy'' is one for the first things which come to mind when I hear ``chili_pepper' because spicy is one of the typical tastes of (a/an) chili_pepper'.,``Sweet'' is one for the first things which come to mind when I hear ``spinach' because sweet is one of the typical tastes of (a/an) spinach'.,5_scalar_heat-set_extension_full_range,https://app.prolific.co/submissions/complete?cc=135DD3C8,Agree or disagree (run5_scalar_heat-set_extension_full_range-experiment_scalar-batch1-70-70),409371,81e4a004-3f90-4b6b-a684-7b9bc497c3b3,2021-02-11 14:10:23,818.111,2021-02-11 13:05:51.212000,2021-02-11 13:19:29.323000,35.0,true,typical_of_concept,cold,growler,../data/prolific_output/run5_scalar_heat-group_scalar_heat/qu70-s_qu3-batch1.csv
qu70-s_qu3-batch1.csv-2,2,NOT AVAILABLE,NOT AVAILABLE,93323109-435d-4f37-a41b-e4a720b53a81,PROLIFIC,11-Feb-2021 13:55:03,1174,46533,60c60def-b2f1-4b69-aaf5-7db7e793798f,``Cold'' is one for the first things which come to mind when I hear ``growler' because cold is one of the typical temperatures of (a/an) growler'.,``Spicy'' is one for the first things which come to mind when I hear ``chili_pepper' because spicy is one of the typical tastes of (a/an) chili_pepper'.,``Sweet'' is one for the first things which come to mind when I hear ``spinach' because sweet is one of the typical tastes of (a/an) spinach'.,5_scalar_heat-set_extension_full_range,https://app.prolific.co/submissions/complete?cc=135DD3C8,Agree or disagree (run5_scalar_heat-set_extension_full_range-experiment_scalar-batch1-70-70),408929,b920eb62-efbc-4efb-bad7-446d5359848b,2021-02-11 13:55:03,401.872,2021-02-11 12:49:55.451000,2021-02-11 12:56:37.323000,6.0,false,typical_of_concept,cold,growler,../data/prolific_output/run5_scalar_heat-group_scalar_heat/qu70-s_qu3-batch1.csv
qu70-s_qu3-batch1.csv-2,2,NOT AVAILABLE,NOT AVAILABLE,5dc4ef01-5966-49da-b93c-8694d8e953c4,PROLIFIC,11-Feb-2021 13:42:53,1174,46533,60c60def-b2f1-4b69-aaf5-7db7e793798f,``Cold'' is one for the first things which come to mind when I hear ``growler' because cold is one of the typical temperatures of (a/an) growler'.,``Spicy'' is one for the first things which come to mind when I hear ``chili_pepper' because spicy is one of the typical tastes of (a/an) chili_pepper'.,``Sweet'' is one for the first things which come to mind when I hear ``spinach' because sweet is one of the typical tastes of (a/an) spinach'.,5_scalar_heat-set_extension_full_range,https://app.prolific.co/submissions/complete?cc=135DD3C8,Agree or disagree (run5_scalar_heat-set_extension_full_range-experiment_scalar-batch1-70-70),408644,a9ac1b00-20be-45c9-a008-c2c3331b067f,2021-02-11 13:42:53,443.921,2021-02-11 12:38:29.969000,2021-02-11 12:45:53.890000,3.0,false,typical_of_concept,cold,growler,../data/prolific_output/run5_scalar_heat-group_scalar_heat/qu70-s_qu3-batch1.csv
qu70-s_qu3-batch1.csv-2,2,NOT AVAILABLE,NOT AVAILABLE,6591e696-4740-4846-875f-72b909d5e0c8,PROLIFIC,11-Feb-2021 14:19:17,1174,46533,60c60def-b2f1-4b69-aaf5-7db7e793798f,``Cold'' is one for the first things which come to mind when I hear ``growler' because cold is one of the typical temperatures of (a/an) growler'.,``Spicy'' is one for the first things which come to mind when I hear ``chili_pepper' because spicy is one of the typical tastes of (a/an) chili_pepper'.,``Sweet'' is one for the first things which come to mind when I hear ``spinach' because sweet is one of the typical tastes of (a/an) spinach'.,5_scalar_heat-set_extension_full_range,https://app.prolific.co/submissions/complete?cc=135DD3C8,Agree or disagree (run5_scalar_heat-set_extension_full_range-experiment_scalar-batch1-70-70),409749,e6e0200c-d4d3-41b4-8be5-6195eb9e377c,2021-02-11 14:19:17,562.557,2021-02-11 13:10:48.417000,2021-02-11 13:20:10.974000,3.0,false,typical_of_concept,cold,growler,../data/prolific_output/run5_scalar_heat-group_scalar_heat/qu70-s_qu3-batch1.csv
qu70-s_qu3-batch1.csv-2,2,NOT AVAILABLE,NOT AVAILABLE,c2fac0e6-01c1-4b66-8685-a3cbaffce5ba,PROLIFIC,11-Feb-2021 14:32:09,1174,46533,60c60def-b2f1-4b69-aaf5-7db7e793798f,``Cold'' is one for the first things which come to mind when I hear ``growler' because cold is one of the typical temperatures of (a/an) growler'.,``Spicy'' is one for the first things which come to mind when I hear ``chili_pepper' because spicy is one of the typical tastes of (a/an) chili_pepper'.,``Sweet'' is one for the first things which come to mind when I hear ``spinach' because sweet is one of the typical tastes of (a/an) spinach'.,5_scalar_heat-set_extension_full_range,https://app.prolific.co/submissions/complete?cc=135DD3C8,Agree or disagree (run5_scalar_heat-set_extension_full_range-experiment_scalar-batch1-70-70),409973,d23f3103-78f1-4686-82e5-555284243238,2021-02-11 14:32:09,425.954,2021-02-11 13:27:27.892000,2021-02-11 13:34:33.846000,3.0,true,typical_of_concept,cold,growler,../data/prolific_output/run5_scalar_heat-group_scalar_heat/qu70-s_qu3-batch1.csv
qu70-s_qu3-batch1.csv-2,2,NOT AVAILABLE,NOT AVAILABLE,fa8a70d3-4a4f-439a-b049-c5af1ef4d008,PROLIFIC,11-Feb-2021 15:13:37,1174,46534,4618e10a-a873-482f-a0ba-4980c7c7954a,"I could say (a/an) growler is cold, but I would most certainly not mean it literally.","I could say (a/an) anger is hot, but I would most certainly not mean it literally.
I could say (a/an) person is cold, but I would most certainly not mean it literally.
I could say (a/an) story is dark, but I would most certainly not mean it literally.","I could say (a/an) fire is hot, but I would most certainly not mean it literally.
I could say (a/an) stone is heavy, but I would most certainly not mean it literally.
I could say (a/an) argument is liquid, but I would most certainly not mean it literally.",5_scalar_heat-set_extension_full_range,https://app.prolific.co/submissions/complete?cc=135DD3C8,Agree or disagree (run5_scalar_heat-set_extension_full_range-experiment_scalar-batch1-70-70),410505,84f1948a-8901-4688-a3c6-f89da753600f,2021-02-11 15:13:37,347.665,2021-02-11 14:11:18.938000,2021-02-11 14:17:06.603000,3.0,false,creative,cold,growler,../data/prolific_output/run5_scalar_heat-group_scalar_heat/qu70-s_qu3-batch1.csv
qu70-s_qu3-batch1.csv-2,2,NOT AVAILABLE,NOT AVAILABLE,67616648-48b2-4c7c-847c-3cfe6d860951,PROLIFIC,11-Feb-2021 13:53:20,1174,46534,4618e10a-a873-482f-a0ba-4980c7c7954a,"I could say (a/an) growler is cold, but I would most certainly not mean it literally.","I could say (a/an) anger is hot, but I would most certainly not mean it literally.
I could say (a/an) person is cold, but I would most certainly not mean it literally.
I could say (a/an) story is dark, but I would most certainly not mean it literally.","I could say (a/an) fire is hot, but I would most certainly not mean it literally.
I could say (a/an) stone is heavy, but I would most certainly not mean it literally.
I could say (a/an) argument is liquid, but I would most certainly not mean it literally.",5_scalar_heat-set_extension_full_range,https://app.prolific.co/submissions/complete?cc=135DD3C8,Agree or disagree (run5_scalar_heat-set_extension_full_range-experiment_scalar-batch1-70-70),408858,a2619290-86ef-480a-b7f2-382537884492,2021-02-11 13:53:20,949.262,2021-02-11 12:44:12.147000,2021-02-11 13:00:01.409000,4.0,false,creative,cold,growler,../data/prolific_output/run5_scalar_heat-group_scalar_heat/qu70-s_qu3-batch1.csv
qu70-s_qu3-batch1.csv-2,2,NOT AVAILABLE,NOT AVAILABLE,c5acc5c7-6592-4c17-a004-f364dd26d555,PROLIFIC,11-Feb-2021 14:24:40,1174,46534,4618e10a-a873-482f-a0ba-4980c7c7954a,"I could say (a/an) growler is cold, but I would most certainly not mean it literally.","I could say (a/an) anger is hot, but I would most certainly not mean it literally.
I could say (a/an) person is cold, but I would most certainly not mean it literally.
I could say (a/an) story is dark, but I would most certainly not mean it literally.","I could say (a/an) fire is hot, but I would most certainly not mean it literally.
I could say (a/an) stone is heavy, but I would most certainly not mean it literally.
I could say (a/an) argument is liquid, but I would most certainly not mean it literally.",5_scalar_heat-set_extension_full_range,https://app.prolific.co/submissions/complete?cc=135DD3C8,Agree or disagree (run5_scalar_heat-set_extension_full_range-experiment_scalar-batch1-70-70),409842,5470bd26-a3e4-4409-bea7-5245da5594c5,2021-02-11 14:24:40,865.556,2021-02-11 13:20:47.199000,2021-02-11 13:35:12.755000,84.0,false,creative,cold,growler,../data/prolific_output/run5_scalar_heat-group_scalar_heat/qu70-s_qu3-batch1.csv
qu70-s_qu3-batch1.csv-2,2,NOT AVAILABLE,NOT AVAILABLE,4143fee4-d4f0-4e3d-901d-91dbd47391f1,PROLIFIC,11-Feb-2021 14:02:56,1174,46534,4618e10a-a873-482f-a0ba-4980c7c7954a,"I could say (a/an) growler is cold, but I would most certainly not mean it literally.","I could say (a/an) anger is hot, but I would most certainly not mean it literally.
I could say (a/an) person is cold, but I would most certainly not mean it literally.
I could say (a/an) story is dark, but I would most certainly not mean it literally.","I could say (a/an) fire is hot, but I would most certainly not mean it literally.
I could say (a/an) stone is heavy, but I would most certainly not mean it literally.
I could say (a/an) argument is liquid, but I would most certainly not mean it literally.",5_scalar_heat-set_extension_full_range,https://app.prolific.co/submissions/complete?cc=135DD3C8,Agree or disagree (run5_scalar_heat-set_extension_full_range-experiment_scalar-batch1-70-70),409184,2a394557-0562-425d-ba68-8876ea5e25b1,2021-02-11 14:02:56,522.216,2021-02-11 13:01:04.933000,2021-02-11 13:09:47.149000,10.0,false,creative,cold,growler,../data/prolific_output/run5_scalar_heat-group_scalar_heat/qu70-s_qu3-batch1.csv
qu70-s_qu3-batch1.csv-2,2,NOT AVAILABLE,NOT AVAILABLE,393254ab-d116-4ce8-b686-bb7c17887d33,PROLIFIC,11-Feb-2021 14:15:22,1174,46534,4618e10a-a873-482f-a0ba-4980c7c7954a,"I could say (a/an) growler is cold, but I would most certainly not mean it literally.","I could say (a/an) anger is hot, but I would most certainly not mean it literally.
I could say (a/an) person is cold, but I would most certainly not mean it literally.
I could say (a/an) story is dark, but I would most certainly not mean it literally.","I could say (a/an) fire is hot, but I would most certainly not mean it literally.
I could say (a/an) stone is heavy, but I would most certainly not mean it literally.
I could say (a/an) argument is liquid, but I would most certainly not mean it literally.",5_scalar_heat-set_extension_full_range,https://app.prolific.co/submissions/complete?cc=135DD3C8,Agree or disagree (run5_scalar_heat-set_extension_full_range-experiment_scalar-batch1-70-70),409554,826d3961-5ea1-40e9-a451-8d5d3b9602a5,2021-02-11 14:15:22,818.111,2021-02-11 13:05:51.212000,2021-02-11 13:19:29.323000,4.0,false,creative,cold,growler,../data/prolific_output/run5_scalar_heat-group_scalar_heat/qu70-s_qu3-batch1.csv
qu70-s_qu3-batch1.csv-2,2,NOT AVAILABLE,NOT AVAILABLE,93323109-435d-4f37-a41b-e4a720b53a81,PROLIFIC,11-Feb-2021 13:55:29,1174,46534,4618e10a-a873-482f-a0ba-4980c7c7954a,"I could say (a/an) growler is cold, but I would most certainly not mean it literally.","I could say (a/an) anger is hot, but I would most certainly not mean it literally.
I could say (a/an) person is cold, but I would most certainly not mean it literally.
I could say (a/an) story is dark, but I would most certainly not mean it literally.","I could say (a/an) fire is hot, but I would most certainly not mean it literally.
I could say (a/an) stone is heavy, but I would most certainly not mean it literally.
I could say (a/an) argument is liquid, but I would most certainly not mean it literally.",5_scalar_heat-set_extension_full_range,https://app.prolific.co/submissions/complete?cc=135DD3C8,Agree or disagree (run5_scalar_heat-set_extension_full_range-experiment_scalar-batch1-70-70),408947,2c7630a7-a6f4-4b39-861c-b4ab6c19098e,2021-02-11 13:55:29,401.872,2021-02-11 12:49:55.451000,2021-02-11 12:56:37.323000,2.0,false,creative,cold,growler,../data/prolific_output/run5_scalar_heat-group_scalar_heat/qu70-s_qu3-batch1.csv
qu70-s_qu3-batch1.csv-2,2,NOT AVAILABLE,NOT AVAILABLE,5dc4ef01-5966-49da-b93c-8694d8e953c4,PROLIFIC,11-Feb-2021 13:41:46,1174,46534,4618e10a-a873-482f-a0ba-4980c7c7954a,"I could say (a/an) growler is cold, but I would most certainly not mean it literally.","I could say (a/an) anger is hot, but I would most certainly not mean it literally.
I could say (a/an) person is cold, but I would most certainly not mean it literally.
I could say (a/an) story is dark, but I would most certainly not mean it literally.","I could say (a/an) fire is hot, but I would most certainly not mean it literally.
I could say (a/an) stone is heavy, but I would most certainly not mean it literally.
I could say (a/an) argument is liquid, but I would most certainly not mean it literally.",5_scalar_heat-set_extension_full_range,https://app.prolific.co/submissions/complete?cc=135DD3C8,Agree or disagree (run5_scalar_heat-set_extension_full_range-experiment_scalar-batch1-70-70),408625,2447d441-d5b6-4069-9d5e-54c89ac4a785,2021-02-11 13:41:46,443.921,2021-02-11 12:38:29.969000,2021-02-11 12:45:53.890000,2.0,false,creative,cold,growler,../data/prolific_output/run5_scalar_heat-group_scalar_heat/qu70-s_qu3-batch1.csv
qu70-s_qu3-batch1.csv-2,2,NOT AVAILABLE,NOT AVAILABLE,6591e696-4740-4846-875f-72b909d5e0c8,PROLIFIC,11-Feb-2021 14:19:23,1174,46534,4618e10a-a873-482f-a0ba-4980c7c7954a,"I could say (a/an) growler is cold, but I would most certainly not mean it literally.","I could say (a/an) anger is hot, but I would most certainly not mean it literally.
I could say (a/an) person is cold, but I would most certainly not mean it literally.
I could say (a/an) story is dark, but I would most certainly not mean it literally.","I could say (a/an) fire is hot, but I would most certainly not mean it literally.
I could say (a/an) stone is heavy, but I would most certainly not mean it literally.
I could say (a/an) argument is liquid, but I would most certainly not mean it literally.",5_scalar_heat-set_extension_full_range,https://app.prolific.co/submissions/complete?cc=135DD3C8,Agree or disagree (run5_scalar_heat-set_extension_full_range-experiment_scalar-batch1-70-70),409751,bd01420b-9841-4fd5-b933-d34467f525e9,2021-02-11 14:19:23,562.557,2021-02-11 13:10:48.417000,2021-02-11 13:20:10.974000,6.0,false,creative,cold,growler,../data/prolific_output/run5_scalar_heat-group_scalar_heat/qu70-s_qu3-batch1.csv
qu70-s_qu3-batch1.csv-2,2,NOT AVAILABLE,NOT AVAILABLE,c2fac0e6-01c1-4b66-8685-a3cbaffce5ba,PROLIFIC,11-Feb-2021 14:34:14,1174,46534,4618e10a-a873-482f-a0ba-4980c7c7954a,"I could say (a/an) growler is cold, but I would most certainly not mean it literally.","I could say (a/an) anger is hot, but I would most certainly not mean it literally.
I could say (a/an) person is cold, but I would most certainly not mean it literally.
I could say (a/an) story is dark, but I would most certainly not mean it literally.","I could say (a/an) fire is hot, but I would most certainly not mean it literally.
I could say (a/an) stone is heavy, but I would most certainly not mean it literally.
I could say (a/an) argument is liquid, but I would most certainly not mean it literally.",5_scalar_heat-set_extension_full_range,https://app.prolific.co/submissions/complete?cc=135DD3C8,Agree or disagree (run5_scalar_heat-set_extension_full_range-experiment_scalar-batch1-70-70),410039,363d7470-edc4-4241-834a-6bfde9a2a79a,2021-02-11 14:34:14,425.954,2021-02-11 13:27:27.892000,2021-02-11 13:34:33.846000,1.0,false,creative,cold,growler,../data/prolific_output/run5_scalar_heat-group_scalar_heat/qu70-s_qu3-batch1.csv
qu70-s_qu3-batch1.csv-2,2,NOT AVAILABLE,NOT AVAILABLE,fa8a70d3-4a4f-439a-b049-c5af1ef4d008,PROLIFIC,11-Feb-2021 15:12:29,1174,46535,0f53f264-2f68-4132-8212-6cb00f93cbf5,``Growler'' is one of the first things which come to mind when I hear ``cold' because (a/an) growler is a typical example of things which are cold'. ,``Snow'' is one of the first things which come to mind when I hear ``white' because (a/an) snow is a typical example of things which are white'. ,``Water'' is one of the first things which come to mind when I hear ``grey' because (a/an) water is a typical example of things which are grey'. ,5_scalar_heat-set_extension_full_range,https://app.prolific.co/submissions/complete?cc=135DD3C8,Agree or disagree (run5_scalar_heat-set_extension_full_range-experiment_scalar-batch1-70-70),410492,4ef7faf4-dfdf-4f7d-a2a6-faa7d31c584e,2021-02-11 15:12:29,347.665,2021-02-11 14:11:18.938000,2021-02-11 14:17:06.603000,4.0,true,typical_of_property,cold,growler,../data/prolific_output/run5_scalar_heat-group_scalar_heat/qu70-s_qu3-batch1.csv
qu70-s_qu3-batch1.csv-2,2,NOT AVAILABLE,NOT AVAILABLE,67616648-48b2-4c7c-847c-3cfe6d860951,PROLIFIC,11-Feb-2021 13:52:51,1174,46535,0f53f264-2f68-4132-8212-6cb00f93cbf5,``Growler'' is one of the first things which come to mind when I hear ``cold' because (a/an) growler is a typical example of things which are cold'. ,``Snow'' is one of the first things which come to mind when I hear ``white' because (a/an) snow is a typical example of things which are white'. ,``Water'' is one of the first things which come to mind when I hear ``grey' because (a/an) water is a typical example of things which are grey'. ,5_scalar_heat-set_extension_full_range,https://app.prolific.co/submissions/complete?cc=135DD3C8,Agree or disagree (run5_scalar_heat-set_extension_full_range-experiment_scalar-batch1-70-70),408839,69cc9b40-c415-4c2f-814e-70223d625ddb,2021-02-11 13:52:51,949.262,2021-02-11 12:44:12.147000,2021-02-11 13:00:01.409000,7.0,true,typical_of_property,cold,growler,../data/prolific_output/run5_scalar_heat-group_scalar_heat/qu70-s_qu3-batch1.csv
qu70-s_qu3-batch1.csv-2,2,NOT AVAILABLE,NOT AVAILABLE,c5acc5c7-6592-4c17-a004-f364dd26d555,PROLIFIC,11-Feb-2021 14:33:29,1174,46535,0f53f264-2f68-4132-8212-6cb00f93cbf5,``Growler'' is one of the first things which come to mind when I hear ``cold' because (a/an) growler is a typical example of things which are cold'. ,``Snow'' is one of the first things which come to mind when I hear ``white' because (a/an) snow is a typical example of things which are white'. ,``Water'' is one of the first things which come to mind when I hear ``grey' because (a/an) water is a typical example of things which are grey'. ,5_scalar_heat-set_extension_full_range,https://app.prolific.co/submissions/complete?cc=135DD3C8,Agree or disagree (run5_scalar_heat-set_extension_full_range-experiment_scalar-batch1-70-70),410014,7db264b5-9fe0-4977-8e77-368e41782c2f,2021-02-11 14:33:29,865.556,2021-02-11 13:20:47.199000,2021-02-11 13:35:12.755000,3.0,false,typical_of_property,cold,growler,../data/prolific_output/run5_scalar_heat-group_scalar_heat/qu70-s_qu3-batch1.csv
qu70-s_qu3-batch1.csv-2,2,NOT AVAILABLE,NOT AVAILABLE,4143fee4-d4f0-4e3d-901d-91dbd47391f1,PROLIFIC,11-Feb-2021 14:06:12,1174,46535,0f53f264-2f68-4132-8212-6cb00f93cbf5,``Growler'' is one of the first things which come to mind when I hear ``cold' because (a/an) growler is a typical example of things which are cold'. ,``Snow'' is one of the first things which come to mind when I hear ``white' because (a/an) snow is a typical example of things which are white'. ,``Water'' is one of the first things which come to mind when I hear ``grey' because (a/an) water is a typical example of things which are grey'. ,5_scalar_heat-set_extension_full_range,https://app.prolific.co/submissions/complete?cc=135DD3C8,Agree or disagree (run5_scalar_heat-set_extension_full_range-experiment_scalar-batch1-70-70),409228,ee6440ef-a9e5-4fbb-b3cc-a66cab56bc8e,2021-02-11 14:06:12,522.216,2021-02-11 13:01:04.933000,2021-02-11 13:09:47.149000,2.0,false,typical_of_property,cold,growler,../data/prolific_output/run5_scalar_heat-group_scalar_heat/qu70-s_qu3-batch1.csv
qu70-s_qu3-batch1.csv-2,2,NOT AVAILABLE,NOT AVAILABLE,393254ab-d116-4ce8-b686-bb7c17887d33,PROLIFIC,11-Feb-2021 14:16:03,1174,46535,0f53f264-2f68-4132-8212-6cb00f93cbf5,``Growler'' is one of the first things which come to mind when I hear ``cold' because (a/an) growler is a typical example of things which are cold'. ,``Snow'' is one of the first things which come to mind when I hear ``white' because (a/an) snow is a typical example of things which are white'. ,``Water'' is one of the first things which come to mind when I hear ``grey' because (a/an) water is a typical example of things which are grey'. ,5_scalar_heat-set_extension_full_range,https://app.prolific.co/submissions/complete?cc=135DD3C8,Agree or disagree (run5_scalar_heat-set_extension_full_range-experiment_scalar-batch1-70-70),409594,9bcf6a0b-2910-4cdb-b231-a508ac328684,2021-02-11 14:16:03,818.111,2021-02-11 13:05:51.212000,2021-02-11 13:19:29.323000,19.0,true,typical_of_property,cold,growler,../data/prolific_output/run5_scalar_heat-group_scalar_heat/qu70-s_qu3-batch1.csv
qu70-s_qu3-batch1.csv-2,2,NOT AVAILABLE,NOT AVAILABLE,93323109-435d-4f37-a41b-e4a720b53a81,PROLIFIC,11-Feb-2021 13:52:47,1174,46535,0f53f264-2f68-4132-8212-6cb00f93cbf5,``Growler'' is one of the first things which come to mind when I hear ``cold' because (a/an) growler is a typical example of things which are cold'. ,``Snow'' is one of the first things which come to mind when I hear ``white' because (a/an) snow is a typical example of things which are white'. ,``Water'' is one of the first things which come to mind when I hear ``grey' because (a/an) water is a typical example of things which are grey'. ,5_scalar_heat-set_extension_full_range,https://app.prolific.co/submissions/complete?cc=135DD3C8,Agree or disagree (run5_scalar_heat-set_extension_full_range-experiment_scalar-batch1-70-70),408836,018c6e16-7923-4094-96f7-760064eb6894,2021-02-11 13:52:47,401.872,2021-02-11 12:49:55.451000,2021-02-11 12:56:37.323000,4.0,false,typical_of_property,cold,growler,../data/prolific_output/run5_scalar_heat-group_scalar_heat/qu70-s_qu3-batch1.csv
qu70-s_qu3-batch1.csv-2,2,NOT AVAILABLE,NOT AVAILABLE,5dc4ef01-5966-49da-b93c-8694d8e953c4,PROLIFIC,11-Feb-2021 13:40:34,1174,46535,0f53f264-2f68-4132-8212-6cb00f93cbf5,``Growler'' is one of the first things which come to mind when I hear ``cold' because (a/an) growler is a typical example of things which are cold'. ,``Snow'' is one of the first things which come to mind when I hear ``white' because (a/an) snow is a typical example of things which are white'. ,``Water'' is one of the first things which come to mind when I hear ``grey' because (a/an) water is a typical example of things which are grey'. ,5_scalar_heat-set_extension_full_range,https://app.prolific.co/submissions/complete?cc=135DD3C8,Agree or disagree (run5_scalar_heat-set_extension_full_range-experiment_scalar-batch1-70-70),408612,dd55a043-a1f4-4729-b1c1-c7443382f293,2021-02-11 13:40:34,443.921,2021-02-11 12:38:29.969000,2021-02-11 12:45:53.890000,72.0,false,typical_of_property,cold,growler,../data/prolific_output/run5_scalar_heat-group_scalar_heat/qu70-s_qu3-batch1.csv
qu70-s_qu3-batch1.csv-2,2,NOT AVAILABLE,NOT AVAILABLE,6591e696-4740-4846-875f-72b909d5e0c8,PROLIFIC,11-Feb-2021 14:16:06,1174,46535,0f53f264-2f68-4132-8212-6cb00f93cbf5,``Growler'' is one of the first things which come to mind when I hear ``cold' because (a/an) growler is a typical example of things which are cold'. ,``Snow'' is one of the first things which come to mind when I hear ``white' because (a/an) snow is a typical example of things which are white'. ,``Water'' is one of the first things which come to mind when I hear ``grey' because (a/an) water is a typical example of things which are grey'. ,5_scalar_heat-set_extension_full_range,https://app.prolific.co/submissions/complete?cc=135DD3C8,Agree or disagree (run5_scalar_heat-set_extension_full_range-experiment_scalar-batch1-70-70),409599,97447cc1-9520-446a-a764-5bf9b1463de0,2021-02-11 14:16:06,562.557,2021-02-11 13:10:48.417000,2021-02-11 13:20:10.974000,1.0,false,typical_of_property,cold,growler,../data/prolific_output/run5_scalar_heat-group_scalar_heat/qu70-s_qu3-batch1.csv
qu70-s_qu3-batch1.csv-2,2,NOT AVAILABLE,NOT AVAILABLE,c2fac0e6-01c1-4b66-8685-a3cbaffce5ba,PROLIFIC,11-Feb-2021 14:33:45,1174,46535,0f53f264-2f68-4132-8212-6cb00f93cbf5,``Growler'' is one of the first things which come to mind when I hear ``cold' because (a/an) growler is a typical example of things which are cold'. ,``Snow'' is one of the first things which come to mind when I hear ``white' because (a/an) snow is a typical example of things which are white'. ,``Water'' is one of the first things which come to mind when I hear ``grey' because (a/an) water is a typical example of things which are grey'. ,5_scalar_heat-set_extension_full_range,https://app.prolific.co/submissions/complete?cc=135DD3C8,Agree or disagree (run5_scalar_heat-set_extension_full_range-experiment_scalar-batch1-70-70),410023,fd793110-a408-44a6-8616-5b1e571d0dc2,2021-02-11 14:33:45,425.954,2021-02-11 13:27:27.892000,2021-02-11 13:34:33.846000,3.0,true,typical_of_property,cold,growler,../data/prolific_output/run5_scalar_heat-group_scalar_heat/qu70-s_qu3-batch1.csv
qu70-s_qu3-batch1.csv-2,2,NOT AVAILABLE,NOT AVAILABLE,fa8a70d3-4a4f-439a-b049-c5af1ef4d008,PROLIFIC,11-Feb-2021 15:15:32,1174,46536,0a946220-eb0d-439d-a41c-802192d00717,"You can find (a/an) growler which is cold. (A/an) growler is usually either cold, a bit more or less cold or the opposite of cold.","You can find (a/an) chocolate which is bitter. (A/an) chocolate is usually either bitter, a bit more or less bitter or the opposite of bitter.","You can find (a/an) diamond which is soft. (A/an) diamond is usually either soft, a bit more or less soft or the opposite of soft.",5_scalar_heat-set_extension_full_range,https://app.prolific.co/submissions/complete?cc=135DD3C8,Agree or disagree (run5_scalar_heat-set_extension_full_range-experiment_scalar-batch1-70-70),410532,14cb06d1-27cc-4247-bfca-604a66cb3393,2021-02-11 15:15:32,347.665,2021-02-11 14:11:18.938000,2021-02-11 14:17:06.603000,4.0,false,variability_open,cold,growler,../data/prolific_output/run5_scalar_heat-group_scalar_heat/qu70-s_qu3-batch1.csv
qu70-s_qu3-batch1.csv-2,2,NOT AVAILABLE,NOT AVAILABLE,67616648-48b2-4c7c-847c-3cfe6d860951,PROLIFIC,11-Feb-2021 13:57:50,1174,46536,0a946220-eb0d-439d-a41c-802192d00717,"You can find (a/an) growler which is cold. (A/an) growler is usually either cold, a bit more or less cold or the opposite of cold.","You can find (a/an) chocolate which is bitter. (A/an) chocolate is usually either bitter, a bit more or less bitter or the opposite of bitter.","You can find (a/an) diamond which is soft. (A/an) diamond is usually either soft, a bit more or less soft or the opposite of soft.",5_scalar_heat-set_extension_full_range,https://app.prolific.co/submissions/complete?cc=135DD3C8,Agree or disagree (run5_scalar_heat-set_extension_full_range-experiment_scalar-batch1-70-70),409044,f83ae637-4851-4572-8003-d258bca790a8,2021-02-11 13:57:50,949.262,2021-02-11 12:44:12.147000,2021-02-11 13:00:01.409000,4.0,false,variability_open,cold,growler,../data/prolific_output/run5_scalar_heat-group_scalar_heat/qu70-s_qu3-batch1.csv
qu70-s_qu3-batch1.csv-2,2,NOT AVAILABLE,NOT AVAILABLE,c5acc5c7-6592-4c17-a004-f364dd26d555,PROLIFIC,11-Feb-2021 14:33:01,1174,46536,0a946220-eb0d-439d-a41c-802192d00717,"You can find (a/an) growler which is cold. (A/an) growler is usually either cold, a bit more or less cold or the opposite of cold.","You can find (a/an) chocolate which is bitter. (A/an) chocolate is usually either bitter, a bit more or less bitter or the opposite of bitter.","You can find (a/an) diamond which is soft. (A/an) diamond is usually either soft, a bit more or less soft or the opposite of soft.",5_scalar_heat-set_extension_full_range,https://app.prolific.co/submissions/complete?cc=135DD3C8,Agree or disagree (run5_scalar_heat-set_extension_full_range-experiment_scalar-batch1-70-70),409999,689270e5-745d-4bab-81cc-a9859c68b216,2021-02-11 14:33:01,865.556,2021-02-11 13:20:47.199000,2021-02-11 13:35:12.755000,4.0,false,variability_open,cold,growler,../data/prolific_output/run5_scalar_heat-group_scalar_heat/qu70-s_qu3-batch1.csv
qu70-s_qu3-batch1.csv-2,2,NOT AVAILABLE,NOT AVAILABLE,4143fee4-d4f0-4e3d-901d-91dbd47391f1,PROLIFIC,11-Feb-2021 14:04:02,1174,46536,0a946220-eb0d-439d-a41c-802192d00717,"You can find (a/an) growler which is cold. (A/an) growler is usually either cold, a bit more or less cold or the opposite of cold.","You can find (a/an) chocolate which is bitter. (A/an) chocolate is usually either bitter, a bit more or less bitter or the opposite of bitter.","You can find (a/an) diamond which is soft. (A/an) diamond is usually either soft, a bit more or less soft or the opposite of soft.",5_scalar_heat-set_extension_full_range,https://app.prolific.co/submissions/complete?cc=135DD3C8,Agree or disagree (run5_scalar_heat-set_extension_full_range-experiment_scalar-batch1-70-70),409202,008df44a-a99c-4b46-ac46-5e12f9a48f1d,2021-02-11 14:04:02,522.216,2021-02-11 13:01:04.933000,2021-02-11 13:09:47.149000,2.0,false,variability_open,cold,growler,../data/prolific_output/run5_scalar_heat-group_scalar_heat/qu70-s_qu3-batch1.csv
qu70-s_qu3-batch1.csv-2,2,NOT AVAILABLE,NOT AVAILABLE,393254ab-d116-4ce8-b686-bb7c17887d33,PROLIFIC,11-Feb-2021 14:17:17,1174,46536,0a946220-eb0d-439d-a41c-802192d00717,"You can find (a/an) growler which is cold. (A/an) growler is usually either cold, a bit more or less cold or the opposite of cold.","You can find (a/an) chocolate which is bitter. (A/an) chocolate is usually either bitter, a bit more or less bitter or the opposite of bitter.","You can find (a/an) diamond which is soft. (A/an) diamond is usually either soft, a bit more or less soft or the opposite of soft.",5_scalar_heat-set_extension_full_range,https://app.prolific.co/submissions/complete?cc=135DD3C8,Agree or disagree (run5_scalar_heat-set_extension_full_range-experiment_scalar-batch1-70-70),409649,4184ae6d-8fcc-4b44-a20c-f96d28064b75,2021-02-11 14:17:17,818.111,2021-02-11 13:05:51.212000,2021-02-11 13:19:29.323000,6.0,false,variability_open,cold,growler,../data/prolific_output/run5_scalar_heat-group_scalar_heat/qu70-s_qu3-batch1.csv
qu70-s_qu3-batch1.csv-2,2,NOT AVAILABLE,NOT AVAILABLE,93323109-435d-4f37-a41b-e4a720b53a81,PROLIFIC,11-Feb-2021 13:52:22,1174,46536,0a946220-eb0d-439d-a41c-802192d00717,"You can find (a/an) growler which is cold. (A/an) growler is usually either cold, a bit more or less cold or the opposite of cold.","You can find (a/an) chocolate which is bitter. (A/an) chocolate is usually either bitter, a bit more or less bitter or the opposite of bitter.","You can find (a/an) diamond which is soft. (A/an) diamond is usually either soft, a bit more or less soft or the opposite of soft.",5_scalar_heat-set_extension_full_range,https://app.prolific.co/submissions/complete?cc=135DD3C8,Agree or disagree (run5_scalar_heat-set_extension_full_range-experiment_scalar-batch1-70-70),408820,1695c5b3-a8ff-4ab2-b24d-3de1371963e4,2021-02-11 13:52:22,401.872,2021-02-11 12:49:55.451000,2021-02-11 12:56:37.323000,5.0,true,variability_open,cold,growler,../data/prolific_output/run5_scalar_heat-group_scalar_heat/qu70-s_qu3-batch1.csv
qu70-s_qu3-batch1.csv-2,2,NOT AVAILABLE,NOT AVAILABLE,5dc4ef01-5966-49da-b93c-8694d8e953c4,PROLIFIC,11-Feb-2021 13:41:40,1174,46536,0a946220-eb0d-439d-a41c-802192d00717,"You can find (a/an) growler which is cold. (A/an) growler is usually either cold, a bit more or less cold or the opposite of cold.","You can find (a/an) chocolate which is bitter. (A/an) chocolate is usually either bitter, a bit more or less bitter or the opposite of bitter.","You can find (a/an) diamond which is soft. (A/an) diamond is usually either soft, a bit more or less soft or the opposite of soft.",5_scalar_heat-set_extension_full_range,https://app.prolific.co/submissions/complete?cc=135DD3C8,Agree or disagree (run5_scalar_heat-set_extension_full_range-experiment_scalar-batch1-70-70),408623,64055c6a-40a4-471a-a664-8d8c00ddcf2f,2021-02-11 13:41:40,443.921,2021-02-11 12:38:29.969000,2021-02-11 12:45:53.890000,2.0,false,variability_open,cold,growler,../data/prolific_output/run5_scalar_heat-group_scalar_heat/qu70-s_qu3-batch1.csv
qu70-s_qu3-batch1.csv-2,2,NOT AVAILABLE,NOT AVAILABLE,6591e696-4740-4846-875f-72b909d5e0c8,PROLIFIC,11-Feb-2021 14:19:52,1174,46536,0a946220-eb0d-439d-a41c-802192d00717,"You can find (a/an) growler which is cold. (A/an) growler is usually either cold, a bit more or less cold or the opposite of cold.","You can find (a/an) chocolate which is bitter. (A/an) chocolate is usually either bitter, a bit more or less bitter or the opposite of bitter.","You can find (a/an) diamond which is soft. (A/an) diamond is usually either soft, a bit more or less soft or the opposite of soft.",5_scalar_heat-set_extension_full_range,https://app.prolific.co/submissions/complete?cc=135DD3C8,Agree or disagree (run5_scalar_heat-set_extension_full_range-experiment_scalar-batch1-70-70),409764,2b709a1b-8ad1-428c-ae10-9df7b6189c9c,2021-02-11 14:19:52,562.557,2021-02-11 13:10:48.417000,2021-02-11 13:20:10.974000,10.0,true,variability_open,cold,growler,../data/prolific_output/run5_scalar_heat-group_scalar_heat/qu70-s_qu3-batch1.csv
qu70-s_qu3-batch1.csv-2,2,NOT AVAILABLE,NOT AVAILABLE,c2fac0e6-01c1-4b66-8685-a3cbaffce5ba,PROLIFIC,11-Feb-2021 14:33:05,1174,46536,0a946220-eb0d-439d-a41c-802192d00717,"You can find (a/an) growler which is cold. (A/an) growler is usually either cold, a bit more or less cold or the opposite of cold.","You can find (a/an) chocolate which is bitter. (A/an) chocolate is usually either bitter, a bit more or less bitter or the opposite of bitter.","You can find (a/an) diamond which is soft. (A/an) diamond is usually either soft, a bit more or less soft or the opposite of soft.",5_scalar_heat-set_extension_full_range,https://app.prolific.co/submissions/complete?cc=135DD3C8,Agree or disagree (run5_scalar_heat-set_extension_full_range-experiment_scalar-batch1-70-70),410001,af626e0a-a51f-4302-8eb4-4979a12dfd5c,2021-02-11 14:33:05,425.954,2021-02-11 13:27:27.892000,2021-02-11 13:34:33.846000,4.0,false,variability_open,cold,growler,../data/prolific_output/run5_scalar_heat-group_scalar_heat/qu70-s_qu3-batch1.csv
qu70-s_qu3-batch1.csv-2,2,NOT AVAILABLE,NOT AVAILABLE,fa8a70d3-4a4f-439a-b049-c5af1ef4d008,PROLIFIC,11-Feb-2021 15:12:25,1174,46537,cada4dcc-1b09-432d-9e5e-7660f94cb296,I know that being cold is necessary for many things (a/an) growler does or is used for. ,I know that being sharp is necessary for many things (a/an) razor does or is used for. ,I know that being colorful is necessary for many things (a/an) dress does or is used for. ,5_scalar_heat-set_extension_full_range,https://app.prolific.co/submissions/complete?cc=135DD3C8,Agree or disagree (run5_scalar_heat-set_extension_full_range-experiment_scalar-batch1-70-70),410491,3dc737c7-2ecc-40fd-9242-8c748da0343a,2021-02-11 15:12:25,347.665,2021-02-11 14:11:18.938000,2021-02-11 14:17:06.603000,28.0,true,affording_activity,cold,growler,../data/prolific_output/run5_scalar_heat-group_scalar_heat/qu70-s_qu3-batch1.csv
qu70-s_qu3-batch1.csv-2,2,NOT AVAILABLE,NOT AVAILABLE,67616648-48b2-4c7c-847c-3cfe6d860951,PROLIFIC,11-Feb-2021 13:50:22,1174,46537,cada4dcc-1b09-432d-9e5e-7660f94cb296,I know that being cold is necessary for many things (a/an) growler does or is used for. ,I know that being sharp is necessary for many things (a/an) razor does or is used for. ,I know that being colorful is necessary for many things (a/an) dress does or is used for. ,5_scalar_heat-set_extension_full_range,https://app.prolific.co/submissions/complete?cc=135DD3C8,Agree or disagree (run5_scalar_heat-set_extension_full_range-experiment_scalar-batch1-70-70),408771,867b1997-b15e-4dcc-9715-995d0c0c4d82,2021-02-11 13:50:22,949.262,2021-02-11 12:44:12.147000,2021-02-11 13:00:01.409000,46.0,true,affording_activity,cold,growler,../data/prolific_output/run5_scalar_heat-group_scalar_heat/qu70-s_qu3-batch1.csv
qu70-s_qu3-batch1.csv-2,2,NOT AVAILABLE,NOT AVAILABLE,c5acc5c7-6592-4c17-a004-f364dd26d555,PROLIFIC,11-Feb-2021 14:33:52,1174,46537,cada4dcc-1b09-432d-9e5e-7660f94cb296,I know that being cold is necessary for many things (a/an) growler does or is used for. ,I know that being sharp is necessary for many things (a/an) razor does or is used for. ,I know that being colorful is necessary for many things (a/an) dress does or is used for. ,5_scalar_heat-set_extension_full_range,https://app.prolific.co/submissions/complete?cc=135DD3C8,Agree or disagree (run5_scalar_heat-set_extension_full_range-experiment_scalar-batch1-70-70),410027,b449da1c-1f31-4184-a518-dc4c50f35f29,2021-02-11 14:33:52,865.556,2021-02-11 13:20:47.199000,2021-02-11 13:35:12.755000,4.0,true,affording_activity,cold,growler,../data/prolific_output/run5_scalar_heat-group_scalar_heat/qu70-s_qu3-batch1.csv
qu70-s_qu3-batch1.csv-2,2,NOT AVAILABLE,NOT AVAILABLE,4143fee4-d4f0-4e3d-901d-91dbd47391f1,PROLIFIC,11-Feb-2021 14:03:40,1174,46537,cada4dcc-1b09-432d-9e5e-7660f94cb296,I know that being cold is necessary for many things (a/an) growler does or is used for. ,I know that being sharp is necessary for many things (a/an) razor does or is used for. ,I know that being colorful is necessary for many things (a/an) dress does or is used for. ,5_scalar_heat-set_extension_full_range,https://app.prolific.co/submissions/complete?cc=135DD3C8,Agree or disagree (run5_scalar_heat-set_extension_full_range-experiment_scalar-batch1-70-70),409196,f5622fbd-5769-4379-a06e-8c2ba8625cda,2021-02-11 14:03:40,522.216,2021-02-11 13:01:04.933000,2021-02-11 13:09:47.149000,6.0,false,affording_activity,cold,growler,../data/prolific_output/run5_scalar_heat-group_scalar_heat/qu70-s_qu3-batch1.csv
qu70-s_qu3-batch1.csv-2,2,NOT AVAILABLE,NOT AVAILABLE,393254ab-d116-4ce8-b686-bb7c17887d33,PROLIFIC,11-Feb-2021 14:17:26,1174,46537,cada4dcc-1b09-432d-9e5e-7660f94cb296,I know that being cold is necessary for many things (a/an) growler does or is used for. ,I know that being sharp is necessary for many things (a/an) razor does or is used for. ,I know that being colorful is necessary for many things (a/an) dress does or is used for. ,5_scalar_heat-set_extension_full_range,https://app.prolific.co/submissions/complete?cc=135DD3C8,Agree or disagree (run5_scalar_heat-set_extension_full_range-experiment_scalar-batch1-70-70),409656,77203376-0970-41fe-938d-c3342fc64c1c,2021-02-11 14:17:26,818.111,2021-02-11 13:05:51.212000,2021-02-11 13:19:29.323000,9.0,true,affording_activity,cold,growler,../data/prolific_output/run5_scalar_heat-group_scalar_heat/qu70-s_qu3-batch1.csv
qu70-s_qu3-batch1.csv-2,2,NOT AVAILABLE,NOT AVAILABLE,93323109-435d-4f37-a41b-e4a720b53a81,PROLIFIC,11-Feb-2021 13:53:53,1174,46537,cada4dcc-1b09-432d-9e5e-7660f94cb296,I know that being cold is necessary for many things (a/an) growler does or is used for. ,I know that being sharp is necessary for many things (a/an) razor does or is used for. ,I know that being colorful is necessary for many things (a/an) dress does or is used for. ,5_scalar_heat-set_extension_full_range,https://app.prolific.co/submissions/complete?cc=135DD3C8,Agree or disagree (run5_scalar_heat-set_extension_full_range-experiment_scalar-batch1-70-70),408884,112220c4-a21c-47f2-af5b-7505b0e87449,2021-02-11 13:53:53,401.872,2021-02-11 12:49:55.451000,2021-02-11 12:56:37.323000,3.0,false,affording_activity,cold,growler,../data/prolific_output/run5_scalar_heat-group_scalar_heat/qu70-s_qu3-batch1.csv
qu70-s_qu3-batch1.csv-2,2,NOT AVAILABLE,NOT AVAILABLE,5dc4ef01-5966-49da-b93c-8694d8e953c4,PROLIFIC,11-Feb-2021 13:41:31,1174,46537,cada4dcc-1b09-432d-9e5e-7660f94cb296,I know that being cold is necessary for many things (a/an) growler does or is used for. ,I know that being sharp is necessary for many things (a/an) razor does or is used for. ,I know that being colorful is necessary for many things (a/an) dress does or is used for. ,5_scalar_heat-set_extension_full_range,https://app.prolific.co/submissions/complete?cc=135DD3C8,Agree or disagree (run5_scalar_heat-set_extension_full_range-experiment_scalar-batch1-70-70),408620,b76ef2fa-c6c9-43c7-b0f7-67560843c56f,2021-02-11 13:41:31,443.921,2021-02-11 12:38:29.969000,2021-02-11 12:45:53.890000,4.0,false,affording_activity,cold,growler,../data/prolific_output/run5_scalar_heat-group_scalar_heat/qu70-s_qu3-batch1.csv
qu70-s_qu3-batch1.csv-2,2,NOT AVAILABLE,NOT AVAILABLE,6591e696-4740-4846-875f-72b909d5e0c8,PROLIFIC,11-Feb-2021 14:17:44,1174,46537,cada4dcc-1b09-432d-9e5e-7660f94cb296,I know that being cold is necessary for many things (a/an) growler does or is used for. ,I know that being sharp is necessary for many things (a/an) razor does or is used for. ,I know that being colorful is necessary for many things (a/an) dress does or is used for. ,5_scalar_heat-set_extension_full_range,https://app.prolific.co/submissions/complete?cc=135DD3C8,Agree or disagree (run5_scalar_heat-set_extension_full_range-experiment_scalar-batch1-70-70),409667,794f3207-c0cd-44d2-9aab-195051d91386,2021-02-11 14:17:44,562.557,2021-02-11 13:10:48.417000,2021-02-11 13:20:10.974000,4.0,true,affording_activity,cold,growler,../data/prolific_output/run5_scalar_heat-group_scalar_heat/qu70-s_qu3-batch1.csv
qu70-s_qu3-batch1.csv-2,2,NOT AVAILABLE,NOT AVAILABLE,c2fac0e6-01c1-4b66-8685-a3cbaffce5ba,PROLIFIC,11-Feb-2021 14:33:49,1174,46537,cada4dcc-1b09-432d-9e5e-7660f94cb296,I know that being cold is necessary for many things (a/an) growler does or is used for. ,I know that being sharp is necessary for many things (a/an) razor does or is used for. ,I know that being colorful is necessary for many things (a/an) dress does or is used for. ,5_scalar_heat-set_extension_full_range,https://app.prolific.co/submissions/complete?cc=135DD3C8,Agree or disagree (run5_scalar_heat-set_extension_full_range-experiment_scalar-batch1-70-70),410026,cf012dcd-e7e3-40cd-b697-97b95304de79,2021-02-11 14:33:49,425.954,2021-02-11 13:27:27.892000,2021-02-11 13:34:33.846000,4.0,true,affording_activity,cold,growler,../data/prolific_output/run5_scalar_heat-group_scalar_heat/qu70-s_qu3-batch1.csv
qu70-s_qu3-batch1.csv-2,2,NOT AVAILABLE,NOT AVAILABLE,fa8a70d3-4a4f-439a-b049-c5af1ef4d008,PROLIFIC,11-Feb-2021 15:15:40,1174,46538,8374398e-aafd-4362-b4fc-e193d01fd858,I think it is impossible for (a/an) growler to be cold.,I think it is impossible for (a/an) water to be dry.,I think it is impossible for (a/an) rose to be white.,5_scalar_heat-set_extension_full_range,https://app.prolific.co/submissions/complete?cc=135DD3C8,Agree or disagree (run5_scalar_heat-set_extension_full_range-experiment_scalar-batch1-70-70),410535,48b9bfe0-2a9a-4b74-8cfa-1e0946b6b854,2021-02-11 15:15:40,347.665,2021-02-11 14:11:18.938000,2021-02-11 14:17:06.603000,2.0,false,impossible,cold,growler,../data/prolific_output/run5_scalar_heat-group_scalar_heat/qu70-s_qu3-batch1.csv
qu70-s_qu3-batch1.csv-2,2,NOT AVAILABLE,NOT AVAILABLE,67616648-48b2-4c7c-847c-3cfe6d860951,PROLIFIC,11-Feb-2021 13:55:49,1174,46538,8374398e-aafd-4362-b4fc-e193d01fd858,I think it is impossible for (a/an) growler to be cold.,I think it is impossible for (a/an) water to be dry.,I think it is impossible for (a/an) rose to be white.,5_scalar_heat-set_extension_full_range,https://app.prolific.co/submissions/complete?cc=135DD3C8,Agree or disagree (run5_scalar_heat-set_extension_full_range-experiment_scalar-batch1-70-70),408957,b2899488-edb3-4241-99b9-7be1b9a03e30,2021-02-11 13:55:49,949.262,2021-02-11 12:44:12.147000,2021-02-11 13:00:01.409000,4.0,false,impossible,cold,growler,../data/prolific_output/run5_scalar_heat-group_scalar_heat/qu70-s_qu3-batch1.csv
qu70-s_qu3-batch1.csv-2,2,NOT AVAILABLE,NOT AVAILABLE,c5acc5c7-6592-4c17-a004-f364dd26d555,PROLIFIC,11-Feb-2021 14:25:14,1174,46538,8374398e-aafd-4362-b4fc-e193d01fd858,I think it is impossible for (a/an) growler to be cold.,I think it is impossible for (a/an) water to be dry.,I think it is impossible for (a/an) rose to be white.,5_scalar_heat-set_extension_full_range,https://app.prolific.co/submissions/complete?cc=135DD3C8,Agree or disagree (run5_scalar_heat-set_extension_full_range-experiment_scalar-batch1-70-70),409852,62074358-5e6c-4f4c-891c-7b6304158d37,2021-02-11 14:25:14,865.556,2021-02-11 13:20:47.199000,2021-02-11 13:35:12.755000,3.0,false,impossible,cold,growler,../data/prolific_output/run5_scalar_heat-group_scalar_heat/qu70-s_qu3-batch1.csv
qu70-s_qu3-batch1.csv-2,2,NOT AVAILABLE,NOT AVAILABLE,4143fee4-d4f0-4e3d-901d-91dbd47391f1,PROLIFIC,11-Feb-2021 14:06:50,1174,46538,8374398e-aafd-4362-b4fc-e193d01fd858,I think it is impossible for (a/an) growler to be cold.,I think it is impossible for (a/an) water to be dry.,I think it is impossible for (a/an) rose to be white.,5_scalar_heat-set_extension_full_range,https://app.prolific.co/submissions/complete?cc=135DD3C8,Agree or disagree (run5_scalar_heat-set_extension_full_range-experiment_scalar-batch1-70-70),409250,0d4a3fb4-7bc8-4594-aef4-0a8e9d050036,2021-02-11 14:06:50,522.216,2021-02-11 13:01:04.933000,2021-02-11 13:09:47.149000,3.0,true,impossible,cold,growler,../data/prolific_output/run5_scalar_heat-group_scalar_heat/qu70-s_qu3-batch1.csv
qu70-s_qu3-batch1.csv-2,2,NOT AVAILABLE,NOT AVAILABLE,393254ab-d116-4ce8-b686-bb7c17887d33,PROLIFIC,11-Feb-2021 14:15:30,1174,46538,8374398e-aafd-4362-b4fc-e193d01fd858,I think it is impossible for (a/an) growler to be cold.,I think it is impossible for (a/an) water to be dry.,I think it is impossible for (a/an) rose to be white.,5_scalar_heat-set_extension_full_range,https://app.prolific.co/submissions/complete?cc=135DD3C8,Agree or disagree (run5_scalar_heat-set_extension_full_range-experiment_scalar-batch1-70-70),409563,449c13e5-1b29-4bf9-910a-ff7cab777632,2021-02-11 14:15:30,818.111,2021-02-11 13:05:51.212000,2021-02-11 13:19:29.323000,8.0,false,impossible,cold,growler,../data/prolific_output/run5_scalar_heat-group_scalar_heat/qu70-s_qu3-batch1.csv
qu70-s_qu3-batch1.csv-2,2,NOT AVAILABLE,NOT AVAILABLE,93323109-435d-4f37-a41b-e4a720b53a81,PROLIFIC,11-Feb-2021 13:55:49,1174,46538,8374398e-aafd-4362-b4fc-e193d01fd858,I think it is impossible for (a/an) growler to be cold.,I think it is impossible for (a/an) water to be dry.,I think it is impossible for (a/an) rose to be white.,5_scalar_heat-set_extension_full_range,https://app.prolific.co/submissions/complete?cc=135DD3C8,Agree or disagree (run5_scalar_heat-set_extension_full_range-experiment_scalar-batch1-70-70),408959,056c0a20-3026-4d80-a242-cfc67e981dd5,2021-02-11 13:55:49,401.872,2021-02-11 12:49:55.451000,2021-02-11 12:56:37.323000,3.0,false,impossible,cold,growler,../data/prolific_output/run5_scalar_heat-group_scalar_heat/qu70-s_qu3-batch1.csv
qu70-s_qu3-batch1.csv-2,2,NOT AVAILABLE,NOT AVAILABLE,5dc4ef01-5966-49da-b93c-8694d8e953c4,PROLIFIC,11-Feb-2021 13:41:38,1174,46538,8374398e-aafd-4362-b4fc-e193d01fd858,I think it is impossible for (a/an) growler to be cold.,I think it is impossible for (a/an) water to be dry.,I think it is impossible for (a/an) rose to be white.,5_scalar_heat-set_extension_full_range,https://app.prolific.co/submissions/complete?cc=135DD3C8,Agree or disagree (run5_scalar_heat-set_extension_full_range-experiment_scalar-batch1-70-70),408622,83899d32-2f0b-4513-8369-f15e6b0df579,2021-02-11 13:41:38,443.921,2021-02-11 12:38:29.969000,2021-02-11 12:45:53.890000,2.0,true,impossible,cold,growler,../data/prolific_output/run5_scalar_heat-group_scalar_heat/qu70-s_qu3-batch1.csv
qu70-s_qu3-batch1.csv-2,2,NOT AVAILABLE,NOT AVAILABLE,6591e696-4740-4846-875f-72b909d5e0c8,PROLIFIC,11-Feb-2021 14:15:13,1174,46538,8374398e-aafd-4362-b4fc-e193d01fd858,I think it is impossible for (a/an) growler to be cold.,I think it is impossible for (a/an) water to be dry.,I think it is impossible for (a/an) rose to be white.,5_scalar_heat-set_extension_full_range,https://app.prolific.co/submissions/complete?cc=135DD3C8,Agree or disagree (run5_scalar_heat-set_extension_full_range-experiment_scalar-batch1-70-70),409544,1fa1255b-50f2-4091-8db7-b5ee72f83183,2021-02-11 14:15:13,562.557,2021-02-11 13:10:48.417000,2021-02-11 13:20:10.974000,25.0,false,impossible,cold,growler,../data/prolific_output/run5_scalar_heat-group_scalar_heat/qu70-s_qu3-batch1.csv
qu70-s_qu3-batch1.csv-2,2,NOT AVAILABLE,NOT AVAILABLE,c2fac0e6-01c1-4b66-8685-a3cbaffce5ba,PROLIFIC,11-Feb-2021 14:31:50,1174,46538,8374398e-aafd-4362-b4fc-e193d01fd858,I think it is impossible for (a/an) growler to be cold.,I think it is impossible for (a/an) water to be dry.,I think it is impossible for (a/an) rose to be white.,5_scalar_heat-set_extension_full_range,https://app.prolific.co/submissions/complete?cc=135DD3C8,Agree or disagree (run5_scalar_heat-set_extension_full_range-experiment_scalar-batch1-70-70),409958,60268f03-2e7a-4b10-b6a7-c714a1c7ac12,2021-02-11 14:31:50,425.954,2021-02-11 13:27:27.892000,2021-02-11 13:34:33.846000,4.0,false,impossible,cold,growler,../data/prolific_output/run5_scalar_heat-group_scalar_heat/qu70-s_qu3-batch1.csv
qu70-s_qu3-batch1.csv-2,2,NOT AVAILABLE,NOT AVAILABLE,fa8a70d3-4a4f-439a-b049-c5af1ef4d008,PROLIFIC,11-Feb-2021 15:14:47,1174,46539,7342c295-fb24-4b16-b1e1-446e6919ef09,"Usually, (a/an) growler is not cold, but there could be a highly unusual situation in which (a/an) growler is cold.","Usually, (a/an) pony is not blue, but there could be a highly unusual situation in which (a/an) pony is blue.","Usually, (a/an) razor is not sharp, but there could be a highly unusual situation in which (a/an) razor is sharp.",5_scalar_heat-set_extension_full_range,https://app.prolific.co/submissions/complete?cc=135DD3C8,Agree or disagree (run5_scalar_heat-set_extension_full_range-experiment_scalar-batch1-70-70),410520,b928f52a-9df3-4259-8e87-a1976581d8ab,2021-02-11 15:14:47,347.665,2021-02-11 14:11:18.938000,2021-02-11 14:17:06.603000,3.0,false,unusual,cold,growler,../data/prolific_output/run5_scalar_heat-group_scalar_heat/qu70-s_qu3-batch1.csv
qu70-s_qu3-batch1.csv-2,2,NOT AVAILABLE,NOT AVAILABLE,67616648-48b2-4c7c-847c-3cfe6d860951,PROLIFIC,11-Feb-2021 13:59:02,1174,46539,7342c295-fb24-4b16-b1e1-446e6919ef09,"Usually, (a/an) growler is not cold, but there could be a highly unusual situation in which (a/an) growler is cold.","Usually, (a/an) pony is not blue, but there could be a highly unusual situation in which (a/an) pony is blue.","Usually, (a/an) razor is not sharp, but there could be a highly unusual situation in which (a/an) razor is sharp.",5_scalar_heat-set_extension_full_range,https://app.prolific.co/submissions/complete?cc=135DD3C8,Agree or disagree (run5_scalar_heat-set_extension_full_range-experiment_scalar-batch1-70-70),409095,b3bf1dcb-41f3-4740-887b-43f9177008f1,2021-02-11 13:59:02,949.262,2021-02-11 12:44:12.147000,2021-02-11 13:00:01.409000,6.0,false,unusual,cold,growler,../data/prolific_output/run5_scalar_heat-group_scalar_heat/qu70-s_qu3-batch1.csv
qu70-s_qu3-batch1.csv-2,2,NOT AVAILABLE,NOT AVAILABLE,c5acc5c7-6592-4c17-a004-f364dd26d555,PROLIFIC,11-Feb-2021 14:32:09,1174,46539,7342c295-fb24-4b16-b1e1-446e6919ef09,"Usually, (a/an) growler is not cold, but there could be a highly unusual situation in which (a/an) growler is cold.","Usually, (a/an) pony is not blue, but there could be a highly unusual situation in which (a/an) pony is blue.","Usually, (a/an) razor is not sharp, but there could be a highly unusual situation in which (a/an) razor is sharp.",5_scalar_heat-set_extension_full_range,https://app.prolific.co/submissions/complete?cc=135DD3C8,Agree or disagree (run5_scalar_heat-set_extension_full_range-experiment_scalar-batch1-70-70),409972,89f480ae-07c2-4169-8962-018b0c483895,2021-02-11 14:32:09,865.556,2021-02-11 13:20:47.199000,2021-02-11 13:35:12.755000,4.0,false,unusual,cold,growler,../data/prolific_output/run5_scalar_heat-group_scalar_heat/qu70-s_qu3-batch1.csv
qu70-s_qu3-batch1.csv-2,2,NOT AVAILABLE,NOT AVAILABLE,4143fee4-d4f0-4e3d-901d-91dbd47391f1,PROLIFIC,11-Feb-2021 14:09:38,1174,46539,7342c295-fb24-4b16-b1e1-446e6919ef09,"Usually, (a/an) growler is not cold, but there could be a highly unusual situation in which (a/an) growler is cold.","Usually, (a/an) pony is not blue, but there could be a highly unusual situation in which (a/an) pony is blue.","Usually, (a/an) razor is not sharp, but there could be a highly unusual situation in which (a/an) razor is sharp.",5_scalar_heat-set_extension_full_range,https://app.prolific.co/submissions/complete?cc=135DD3C8,Agree or disagree (run5_scalar_heat-set_extension_full_range-experiment_scalar-batch1-70-70),409340,3e2d1f33-08a6-4ab0-862a-22e6f438e6ae,2021-02-11 14:09:38,522.216,2021-02-11 13:01:04.933000,2021-02-11 13:09:47.149000,8.0,false,unusual,cold,growler,../data/prolific_output/run5_scalar_heat-group_scalar_heat/qu70-s_qu3-batch1.csv
qu70-s_qu3-batch1.csv-2,2,NOT AVAILABLE,NOT AVAILABLE,393254ab-d116-4ce8-b686-bb7c17887d33,PROLIFIC,11-Feb-2021 14:11:15,1174,46539,7342c295-fb24-4b16-b1e1-446e6919ef09,"Usually, (a/an) growler is not cold, but there could be a highly unusual situation in which (a/an) growler is cold.","Usually, (a/an) pony is not blue, but there could be a highly unusual situation in which (a/an) pony is blue.","Usually, (a/an) razor is not sharp, but there could be a highly unusual situation in which (a/an) razor is sharp.",5_scalar_heat-set_extension_full_range,https://app.prolific.co/submissions/complete?cc=135DD3C8,Agree or disagree (run5_scalar_heat-set_extension_full_range-experiment_scalar-batch1-70-70),409403,fff50fa0-b4a6-4f85-aede-910c10ae816d,2021-02-11 14:11:15,818.111,2021-02-11 13:05:51.212000,2021-02-11 13:19:29.323000,6.0,false,unusual,cold,growler,../data/prolific_output/run5_scalar_heat-group_scalar_heat/qu70-s_qu3-batch1.csv
qu70-s_qu3-batch1.csv-2,2,NOT AVAILABLE,NOT AVAILABLE,93323109-435d-4f37-a41b-e4a720b53a81,PROLIFIC,11-Feb-2021 13:53:43,1174,46539,7342c295-fb24-4b16-b1e1-446e6919ef09,"Usually, (a/an) growler is not cold, but there could be a highly unusual situation in which (a/an) growler is cold.","Usually, (a/an) pony is not blue, but there could be a highly unusual situation in which (a/an) pony is blue.","Usually, (a/an) razor is not sharp, but there could be a highly unusual situation in which (a/an) razor is sharp.",5_scalar_heat-set_extension_full_range,https://app.prolific.co/submissions/complete?cc=135DD3C8,Agree or disagree (run5_scalar_heat-set_extension_full_range-experiment_scalar-batch1-70-70),408879,880700f4-8a7c-4429-8477-3b70d8be34be,2021-02-11 13:53:43,401.872,2021-02-11 12:49:55.451000,2021-02-11 12:56:37.323000,4.0,false,unusual,cold,growler,../data/prolific_output/run5_scalar_heat-group_scalar_heat/qu70-s_qu3-batch1.csv
qu70-s_qu3-batch1.csv-2,2,NOT AVAILABLE,NOT AVAILABLE,5dc4ef01-5966-49da-b93c-8694d8e953c4,PROLIFIC,11-Feb-2021 13:44:25,1174,46539,7342c295-fb24-4b16-b1e1-446e6919ef09,"Usually, (a/an) growler is not cold, but there could be a highly unusual situation in which (a/an) growler is cold.","Usually, (a/an) pony is not blue, but there could be a highly unusual situation in which (a/an) pony is blue.","Usually, (a/an) razor is not sharp, but there could be a highly unusual situation in which (a/an) razor is sharp.",5_scalar_heat-set_extension_full_range,https://app.prolific.co/submissions/complete?cc=135DD3C8,Agree or disagree (run5_scalar_heat-set_extension_full_range-experiment_scalar-batch1-70-70),408672,7ef9f1c6-05da-4071-a3f0-23134f8c3a56,2021-02-11 13:44:25,443.921,2021-02-11 12:38:29.969000,2021-02-11 12:45:53.890000,3.0,false,unusual,cold,growler,../data/prolific_output/run5_scalar_heat-group_scalar_heat/qu70-s_qu3-batch1.csv
qu70-s_qu3-batch1.csv-2,2,NOT AVAILABLE,NOT AVAILABLE,6591e696-4740-4846-875f-72b909d5e0c8,PROLIFIC,11-Feb-2021 14:18:25,1174,46539,7342c295-fb24-4b16-b1e1-446e6919ef09,"Usually, (a/an) growler is not cold, but there could be a highly unusual situation in which (a/an) growler is cold.","Usually, (a/an) pony is not blue, but there could be a highly unusual situation in which (a/an) pony is blue.","Usually, (a/an) razor is not sharp, but there could be a highly unusual situation in which (a/an) razor is sharp.",5_scalar_heat-set_extension_full_range,https://app.prolific.co/submissions/complete?cc=135DD3C8,Agree or disagree (run5_scalar_heat-set_extension_full_range-experiment_scalar-batch1-70-70),409707,24640696-7076-4a0e-a030-7fcdc7f4b2f5,2021-02-11 14:18:25,562.557,2021-02-11 13:10:48.417000,2021-02-11 13:20:10.974000,3.0,false,unusual,cold,growler,../data/prolific_output/run5_scalar_heat-group_scalar_heat/qu70-s_qu3-batch1.csv
qu70-s_qu3-batch1.csv-2,2,NOT AVAILABLE,NOT AVAILABLE,c2fac0e6-01c1-4b66-8685-a3cbaffce5ba,PROLIFIC,11-Feb-2021 14:32:12,1174,46539,7342c295-fb24-4b16-b1e1-446e6919ef09,"Usually, (a/an) growler is not cold, but there could be a highly unusual situation in which (a/an) growler is cold.","Usually, (a/an) pony is not blue, but there could be a highly unusual situation in which (a/an) pony is blue.","Usually, (a/an) razor is not sharp, but there could be a highly unusual situation in which (a/an) razor is sharp.",5_scalar_heat-set_extension_full_range,https://app.prolific.co/submissions/complete?cc=135DD3C8,Agree or disagree (run5_scalar_heat-set_extension_full_range-experiment_scalar-batch1-70-70),409976,51e7bc9f-8702-4d98-8fa6-6d56a0e2b9f3,2021-02-11 14:32:12,425.954,2021-02-11 13:27:27.892000,2021-02-11 13:34:33.846000,3.0,false,unusual,cold,growler,../data/prolific_output/run5_scalar_heat-group_scalar_heat/qu70-s_qu3-batch1.csv
qu70-s_qu3-batch1.csv-2,2,NOT AVAILABLE,NOT AVAILABLE,fa8a70d3-4a4f-439a-b049-c5af1ef4d008,PROLIFIC,11-Feb-2021 15:14:59,1174,46540,8e101013-cce7-43c3-a66d-8ed07a76730b,You can find (a/an) growler which is cold. (A/an) growler is usually either cold or not cold. It cannot be a bit more or less cold.,You can find (a/an) pea which is frozen. (A/an) pea is usually either frozen or not frozen. It cannot be a bit more or less frozen.,You can find (a/an) soup which is salty. (A/an) soup is usually either salty or not salty. It cannot be a bit more or less salty.,5_scalar_heat-set_extension_full_range,https://app.prolific.co/submissions/complete?cc=135DD3C8,Agree or disagree (run5_scalar_heat-set_extension_full_range-experiment_scalar-batch1-70-70),410523,2a109c95-fcbf-4440-b375-a2ae12f35d56,2021-02-11 15:14:59,347.665,2021-02-11 14:11:18.938000,2021-02-11 14:17:06.603000,3.0,false,variability_limited,cold,growler,../data/prolific_output/run5_scalar_heat-group_scalar_heat/qu70-s_qu3-batch1.csv
qu70-s_qu3-batch1.csv-2,2,NOT AVAILABLE,NOT AVAILABLE,67616648-48b2-4c7c-847c-3cfe6d860951,PROLIFIC,11-Feb-2021 13:58:34,1174,46540,8e101013-cce7-43c3-a66d-8ed07a76730b,You can find (a/an) growler which is cold. (A/an) growler is usually either cold or not cold. It cannot be a bit more or less cold.,You can find (a/an) pea which is frozen. (A/an) pea is usually either frozen or not frozen. It cannot be a bit more or less frozen.,You can find (a/an) soup which is salty. (A/an) soup is usually either salty or not salty. It cannot be a bit more or less salty.,5_scalar_heat-set_extension_full_range,https://app.prolific.co/submissions/complete?cc=135DD3C8,Agree or disagree (run5_scalar_heat-set_extension_full_range-experiment_scalar-batch1-70-70),409072,1859b9ea-56e5-4c22-b050-6e2c7423b3a4,2021-02-11 13:58:34,949.262,2021-02-11 12:44:12.147000,2021-02-11 13:00:01.409000,6.0,false,variability_limited,cold,growler,../data/prolific_output/run5_scalar_heat-group_scalar_heat/qu70-s_qu3-batch1.csv
qu70-s_qu3-batch1.csv-2,2,NOT AVAILABLE,NOT AVAILABLE,c5acc5c7-6592-4c17-a004-f364dd26d555,PROLIFIC,11-Feb-2021 14:34:11,1174,46540,8e101013-cce7-43c3-a66d-8ed07a76730b,You can find (a/an) growler which is cold. (A/an) growler is usually either cold or not cold. It cannot be a bit more or less cold.,You can find (a/an) pea which is frozen. (A/an) pea is usually either frozen or not frozen. It cannot be a bit more or less frozen.,You can find (a/an) soup which is salty. (A/an) soup is usually either salty or not salty. It cannot be a bit more or less salty.,5_scalar_heat-set_extension_full_range,https://app.prolific.co/submissions/complete?cc=135DD3C8,Agree or disagree (run5_scalar_heat-set_extension_full_range-experiment_scalar-batch1-70-70),410036,e297285e-473d-49fa-a73f-6bb278d85b02,2021-02-11 14:34:11,865.556,2021-02-11 13:20:47.199000,2021-02-11 13:35:12.755000,17.0,false,variability_limited,cold,growler,../data/prolific_output/run5_scalar_heat-group_scalar_heat/qu70-s_qu3-batch1.csv
qu70-s_qu3-batch1.csv-2,2,NOT AVAILABLE,NOT AVAILABLE,4143fee4-d4f0-4e3d-901d-91dbd47391f1,PROLIFIC,11-Feb-2021 14:03:15,1174,46540,8e101013-cce7-43c3-a66d-8ed07a76730b,You can find (a/an) growler which is cold. (A/an) growler is usually either cold or not cold. It cannot be a bit more or less cold.,You can find (a/an) pea which is frozen. (A/an) pea is usually either frozen or not frozen. It cannot be a bit more or less frozen.,You can find (a/an) soup which is salty. (A/an) soup is usually either salty or not salty. It cannot be a bit more or less salty.,5_scalar_heat-set_extension_full_range,https://app.prolific.co/submissions/complete?cc=135DD3C8,Agree or disagree (run5_scalar_heat-set_extension_full_range-experiment_scalar-batch1-70-70),409189,ea8906e3-d908-4c63-b4b9-f2066f05f07d,2021-02-11 14:03:15,522.216,2021-02-11 13:01:04.933000,2021-02-11 13:09:47.149000,6.0,false,variability_limited,cold,growler,../data/prolific_output/run5_scalar_heat-group_scalar_heat/qu70-s_qu3-batch1.csv
qu70-s_qu3-batch1.csv-2,2,NOT AVAILABLE,NOT AVAILABLE,393254ab-d116-4ce8-b686-bb7c17887d33,PROLIFIC,11-Feb-2021 14:17:36,1174,46540,8e101013-cce7-43c3-a66d-8ed07a76730b,You can find (a/an) growler which is cold. (A/an) growler is usually either cold or not cold. It cannot be a bit more or less cold.,You can find (a/an) pea which is frozen. (A/an) pea is usually either frozen or not frozen. It cannot be a bit more or less frozen.,You can find (a/an) soup which is salty. (A/an) soup is usually either salty or not salty. It cannot be a bit more or less salty.,5_scalar_heat-set_extension_full_range,https://app.prolific.co/submissions/complete?cc=135DD3C8,Agree or disagree (run5_scalar_heat-set_extension_full_range-experiment_scalar-batch1-70-70),409662,6e262c66-8368-4f40-93a0-3082545cfc99,2021-02-11 14:17:36,818.111,2021-02-11 13:05:51.212000,2021-02-11 13:19:29.323000,10.0,false,variability_limited,cold,growler,../data/prolific_output/run5_scalar_heat-group_scalar_heat/qu70-s_qu3-batch1.csv
qu70-s_qu3-batch1.csv-2,2,NOT AVAILABLE,NOT AVAILABLE,93323109-435d-4f37-a41b-e4a720b53a81,PROLIFIC,11-Feb-2021 13:53:06,1174,46540,8e101013-cce7-43c3-a66d-8ed07a76730b,You can find (a/an) growler which is cold. (A/an) growler is usually either cold or not cold. It cannot be a bit more or less cold.,You can find (a/an) pea which is frozen. (A/an) pea is usually either frozen or not frozen. It cannot be a bit more or less frozen.,You can find (a/an) soup which is salty. (A/an) soup is usually either salty or not salty. It cannot be a bit more or less salty.,5_scalar_heat-set_extension_full_range,https://app.prolific.co/submissions/complete?cc=135DD3C8,Agree or disagree (run5_scalar_heat-set_extension_full_range-experiment_scalar-batch1-70-70),408849,de932a46-3e97-4fd0-a811-78fef2220c50,2021-02-11 13:53:06,401.872,2021-02-11 12:49:55.451000,2021-02-11 12:56:37.323000,7.0,false,variability_limited,cold,growler,../data/prolific_output/run5_scalar_heat-group_scalar_heat/qu70-s_qu3-batch1.csv
qu70-s_qu3-batch1.csv-2,2,NOT AVAILABLE,NOT AVAILABLE,5dc4ef01-5966-49da-b93c-8694d8e953c4,PROLIFIC,11-Feb-2021 13:44:37,1174,46540,8e101013-cce7-43c3-a66d-8ed07a76730b,You can find (a/an) growler which is cold. (A/an) growler is usually either cold or not cold. It cannot be a bit more or less cold.,You can find (a/an) pea which is frozen. (A/an) pea is usually either frozen or not frozen. It cannot be a bit more or less frozen.,You can find (a/an) soup which is salty. (A/an) soup is usually either salty or not salty. It cannot be a bit more or less salty.,5_scalar_heat-set_extension_full_range,https://app.prolific.co/submissions/complete?cc=135DD3C8,Agree or disagree (run5_scalar_heat-set_extension_full_range-experiment_scalar-batch1-70-70),408678,64b7cc10-6135-4e70-bf9c-60dfe86fbc48,2021-02-11 13:44:37,443.921,2021-02-11 12:38:29.969000,2021-02-11 12:45:53.890000,4.0,false,variability_limited,cold,growler,../data/prolific_output/run5_scalar_heat-group_scalar_heat/qu70-s_qu3-batch1.csv
qu70-s_qu3-batch1.csv-2,2,NOT AVAILABLE,NOT AVAILABLE,6591e696-4740-4846-875f-72b909d5e0c8,PROLIFIC,11-Feb-2021 14:16:29,1174,46540,8e101013-cce7-43c3-a66d-8ed07a76730b,You can find (a/an) growler which is cold. (A/an) growler is usually either cold or not cold. It cannot be a bit more or less cold.,You can find (a/an) pea which is frozen. (A/an) pea is usually either frozen or not frozen. It cannot be a bit more or less frozen.,You can find (a/an) soup which is salty. (A/an) soup is usually either salty or not salty. It cannot be a bit more or less salty.,5_scalar_heat-set_extension_full_range,https://app.prolific.co/submissions/complete?cc=135DD3C8,Agree or disagree (run5_scalar_heat-set_extension_full_range-experiment_scalar-batch1-70-70),409615,bf9ed36f-09db-4c1b-9493-358f1d790df0,2021-02-11 14:16:29,562.557,2021-02-11 13:10:48.417000,2021-02-11 13:20:10.974000,5.0,false,variability_limited,cold,growler,../data/prolific_output/run5_scalar_heat-group_scalar_heat/qu70-s_qu3-batch1.csv
qu70-s_qu3-batch1.csv-2,2,NOT AVAILABLE,NOT AVAILABLE,c2fac0e6-01c1-4b66-8685-a3cbaffce5ba,PROLIFIC,11-Feb-2021 14:32:41,1174,46540,8e101013-cce7-43c3-a66d-8ed07a76730b,You can find (a/an) growler which is cold. (A/an) growler is usually either cold or not cold. It cannot be a bit more or less cold.,You can find (a/an) pea which is frozen. (A/an) pea is usually either frozen or not frozen. It cannot be a bit more or less frozen.,You can find (a/an) soup which is salty. (A/an) soup is usually either salty or not salty. It cannot be a bit more or less salty.,5_scalar_heat-set_extension_full_range,https://app.prolific.co/submissions/complete?cc=135DD3C8,Agree or disagree (run5_scalar_heat-set_extension_full_range-experiment_scalar-batch1-70-70),409989,eff5414d-e05b-49cd-8555-59cd93661cbe,2021-02-11 14:32:41,425.954,2021-02-11 13:27:27.892000,2021-02-11 13:34:33.846000,3.0,false,variability_limited,cold,growler,../data/prolific_output/run5_scalar_heat-group_scalar_heat/qu70-s_qu3-batch1.csv
qu70-s_qu3-batch1.csv-2,2,NOT AVAILABLE,NOT AVAILABLE,fa8a70d3-4a4f-439a-b049-c5af1ef4d008,PROLIFIC,11-Feb-2021 15:12:39,1174,46541,41da229d-fcea-43ad-8c95-b0bde07aee40,``Cold'' is one for the first things which come to mind when I hear ``snowbank' because cold is one of the typical temperatures of (a/an) snowbank'.,``Spicy'' is one for the first things which come to mind when I hear ``chili_pepper' because spicy is one of the typical tastes of (a/an) chili_pepper'.,``Sweet'' is one for the first things which come to mind when I hear ``spinach' because sweet is one of the typical tastes of (a/an) spinach'.,5_scalar_heat-set_extension_full_range,https://app.prolific.co/submissions/complete?cc=135DD3C8,Agree or disagree (run5_scalar_heat-set_extension_full_range-experiment_scalar-batch1-70-70),410494,38223b8d-8d46-4d8a-ab40-f484b717a186,2021-02-11 15:12:39,347.665,2021-02-11 14:11:18.938000,2021-02-11 14:17:06.603000,4.0,true,typical_of_concept,cold,snowbank,../data/prolific_output/run5_scalar_heat-group_scalar_heat/qu70-s_qu3-batch1.csv
qu70-s_qu3-batch1.csv-2,2,NOT AVAILABLE,NOT AVAILABLE,67616648-48b2-4c7c-847c-3cfe6d860951,PROLIFIC,11-Feb-2021 13:53:16,1174,46541,41da229d-fcea-43ad-8c95-b0bde07aee40,``Cold'' is one for the first things which come to mind when I hear ``snowbank' because cold is one of the typical temperatures of (a/an) snowbank'.,``Spicy'' is one for the first things which come to mind when I hear ``chili_pepper' because spicy is one of the typical tastes of (a/an) chili_pepper'.,``Sweet'' is one for the first things which come to mind when I hear ``spinach' because sweet is one of the typical tastes of (a/an) spinach'.,5_scalar_heat-set_extension_full_range,https://app.prolific.co/submissions/complete?cc=135DD3C8,Agree or disagree (run5_scalar_heat-set_extension_full_range-experiment_scalar-batch1-70-70),408857,4cdc6263-4eef-4786-a579-c8d16b972b80,2021-02-11 13:53:16,949.262,2021-02-11 12:44:12.147000,2021-02-11 13:00:01.409000,5.0,true,typical_of_concept,cold,snowbank,../data/prolific_output/run5_scalar_heat-group_scalar_heat/qu70-s_qu3-batch1.csv
qu70-s_qu3-batch1.csv-2,2,NOT AVAILABLE,NOT AVAILABLE,c5acc5c7-6592-4c17-a004-f364dd26d555,PROLIFIC,11-Feb-2021 14:25:32,1174,46541,41da229d-fcea-43ad-8c95-b0bde07aee40,``Cold'' is one for the first things which come to mind when I hear ``snowbank' because cold is one of the typical temperatures of (a/an) snowbank'.,``Spicy'' is one for the first things which come to mind when I hear ``chili_pepper' because spicy is one of the typical tastes of (a/an) chili_pepper'.,``Sweet'' is one for the first things which come to mind when I hear ``spinach' because sweet is one of the typical tastes of (a/an) spinach'.,5_scalar_heat-set_extension_full_range,https://app.prolific.co/submissions/complete?cc=135DD3C8,Agree or disagree (run5_scalar_heat-set_extension_full_range-experiment_scalar-batch1-70-70),409858,b074adad-d979-403c-b5f5-a94ce4d1556f,2021-02-11 14:25:32,865.556,2021-02-11 13:20:47.199000,2021-02-11 13:35:12.755000,4.0,true,typical_of_concept,cold,snowbank,../data/prolific_output/run5_scalar_heat-group_scalar_heat/qu70-s_qu3-batch1.csv
qu70-s_qu3-batch1.csv-2,2,NOT AVAILABLE,NOT AVAILABLE,4143fee4-d4f0-4e3d-901d-91dbd47391f1,PROLIFIC,11-Feb-2021 14:06:45,1174,46541,41da229d-fcea-43ad-8c95-b0bde07aee40,``Cold'' is one for the first things which come to mind when I hear ``snowbank' because cold is one of the typical temperatures of (a/an) snowbank'.,``Spicy'' is one for the first things which come to mind when I hear ``chili_pepper' because spicy is one of the typical tastes of (a/an) chili_pepper'.,``Sweet'' is one for the first things which come to mind when I hear ``spinach' because sweet is one of the typical tastes of (a/an) spinach'.,5_scalar_heat-set_extension_full_range,https://app.prolific.co/submissions/complete?cc=135DD3C8,Agree or disagree (run5_scalar_heat-set_extension_full_range-experiment_scalar-batch1-70-70),409247,da7c1cf2-bb11-4c78-a86e-ef2c5c147937,2021-02-11 14:06:45,522.216,2021-02-11 13:01:04.933000,2021-02-11 13:09:47.149000,5.0,true,typical_of_concept,cold,snowbank,../data/prolific_output/run5_scalar_heat-group_scalar_heat/qu70-s_qu3-batch1.csv
qu70-s_qu3-batch1.csv-2,2,NOT AVAILABLE,NOT AVAILABLE,393254ab-d116-4ce8-b686-bb7c17887d33,PROLIFIC,11-Feb-2021 14:11:28,1174,46541,41da229d-fcea-43ad-8c95-b0bde07aee40,``Cold'' is one for the first things which come to mind when I hear ``snowbank' because cold is one of the typical temperatures of (a/an) snowbank'.,``Spicy'' is one for the first things which come to mind when I hear ``chili_pepper' because spicy is one of the typical tastes of (a/an) chili_pepper'.,``Sweet'' is one for the first things which come to mind when I hear ``spinach' because sweet is one of the typical tastes of (a/an) spinach'.,5_scalar_heat-set_extension_full_range,https://app.prolific.co/submissions/complete?cc=135DD3C8,Agree or disagree (run5_scalar_heat-set_extension_full_range-experiment_scalar-batch1-70-70),409411,5da824b2-5a01-49ed-a320-bd10017bdfdf,2021-02-11 14:11:28,818.111,2021-02-11 13:05:51.212000,2021-02-11 13:19:29.323000,5.0,true,typical_of_concept,cold,snowbank,../data/prolific_output/run5_scalar_heat-group_scalar_heat/qu70-s_qu3-batch1.csv
qu70-s_qu3-batch1.csv-2,2,NOT AVAILABLE,NOT AVAILABLE,93323109-435d-4f37-a41b-e4a720b53a81,PROLIFIC,11-Feb-2021 13:52:59,1174,46541,41da229d-fcea-43ad-8c95-b0bde07aee40,``Cold'' is one for the first things which come to mind when I hear ``snowbank' because cold is one of the typical temperatures of (a/an) snowbank'.,``Spicy'' is one for the first things which come to mind when I hear ``chili_pepper' because spicy is one of the typical tastes of (a/an) chili_pepper'.,``Sweet'' is one for the first things which come to mind when I hear ``spinach' because sweet is one of the typical tastes of (a/an) spinach'.,5_scalar_heat-set_extension_full_range,https://app.prolific.co/submissions/complete?cc=135DD3C8,Agree or disagree (run5_scalar_heat-set_extension_full_range-experiment_scalar-batch1-70-70),408845,8d7b4873-dd00-485e-b92f-a4e74f529715,2021-02-11 13:52:59,401.872,2021-02-11 12:49:55.451000,2021-02-11 12:56:37.323000,3.0,true,typical_of_concept,cold,snowbank,../data/prolific_output/run5_scalar_heat-group_scalar_heat/qu70-s_qu3-batch1.csv
qu70-s_qu3-batch1.csv-2,2,NOT AVAILABLE,NOT AVAILABLE,5dc4ef01-5966-49da-b93c-8694d8e953c4,PROLIFIC,11-Feb-2021 13:44:54,1174,46541,41da229d-fcea-43ad-8c95-b0bde07aee40,``Cold'' is one for the first things which come to mind when I hear ``snowbank' because cold is one of the typical temperatures of (a/an) snowbank'.,``Spicy'' is one for the first things which come to mind when I hear ``chili_pepper' because spicy is one of the typical tastes of (a/an) chili_pepper'.,``Sweet'' is one for the first things which come to mind when I hear ``spinach' because sweet is one of the typical tastes of (a/an) spinach'.,5_scalar_heat-set_extension_full_range,https://app.prolific.co/submissions/complete?cc=135DD3C8,Agree or disagree (run5_scalar_heat-set_extension_full_range-experiment_scalar-batch1-70-70),408687,5e161f3b-2064-47c1-b174-fd53ae5d2d51,2021-02-11 13:44:54,443.921,2021-02-11 12:38:29.969000,2021-02-11 12:45:53.890000,3.0,true,typical_of_concept,cold,snowbank,../data/prolific_output/run5_scalar_heat-group_scalar_heat/qu70-s_qu3-batch1.csv
qu70-s_qu3-batch1.csv-2,2,NOT AVAILABLE,NOT AVAILABLE,6591e696-4740-4846-875f-72b909d5e0c8,PROLIFIC,11-Feb-2021 14:19:25,1174,46541,41da229d-fcea-43ad-8c95-b0bde07aee40,``Cold'' is one for the first things which come to mind when I hear ``snowbank' because cold is one of the typical temperatures of (a/an) snowbank'.,``Spicy'' is one for the first things which come to mind when I hear ``chili_pepper' because spicy is one of the typical tastes of (a/an) chili_pepper'.,``Sweet'' is one for the first things which come to mind when I hear ``spinach' because sweet is one of the typical tastes of (a/an) spinach'.,5_scalar_heat-set_extension_full_range,https://app.prolific.co/submissions/complete?cc=135DD3C8,Agree or disagree (run5_scalar_heat-set_extension_full_range-experiment_scalar-batch1-70-70),409752,6bdd7838-5c21-4208-984f-b05f7c4b4a37,2021-02-11 14:19:25,562.557,2021-02-11 13:10:48.417000,2021-02-11 13:20:10.974000,2.0,true,typical_of_concept,cold,snowbank,../data/prolific_output/run5_scalar_heat-group_scalar_heat/qu70-s_qu3-batch1.csv
qu70-s_qu3-batch1.csv-2,2,NOT AVAILABLE,NOT AVAILABLE,c2fac0e6-01c1-4b66-8685-a3cbaffce5ba,PROLIFIC,11-Feb-2021 14:31:46,1174,46541,41da229d-fcea-43ad-8c95-b0bde07aee40,``Cold'' is one for the first things which come to mind when I hear ``snowbank' because cold is one of the typical temperatures of (a/an) snowbank'.,``Spicy'' is one for the first things which come to mind when I hear ``chili_pepper' because spicy is one of the typical tastes of (a/an) chili_pepper'.,``Sweet'' is one for the first things which come to mind when I hear ``spinach' because sweet is one of the typical tastes of (a/an) spinach'.,5_scalar_heat-set_extension_full_range,https://app.prolific.co/submissions/complete?cc=135DD3C8,Agree or disagree (run5_scalar_heat-set_extension_full_range-experiment_scalar-batch1-70-70),409956,cb9565ea-c79d-4ea5-8fee-505a19f7e522,2021-02-11 14:31:46,425.954,2021-02-11 13:27:27.892000,2021-02-11 13:34:33.846000,2.0,true,typical_of_concept,cold,snowbank,../data/prolific_output/run5_scalar_heat-group_scalar_heat/qu70-s_qu3-batch1.csv
qu70-s_qu3-batch1.csv-2,2,NOT AVAILABLE,NOT AVAILABLE,fa8a70d3-4a4f-439a-b049-c5af1ef4d008,PROLIFIC,11-Feb-2021 15:16:16,1174,46542,c5184103-23c8-47a6-9e70-b225be323b58,"I think (a/an) snowbank can be cold, but this is rare or uncommon.","I think (a/an) chocolate can be salty, but this is rare or uncommon.","I think (a/an) cherry can be salty, but this is rare or uncommon.",5_scalar_heat-set_extension_full_range,https://app.prolific.co/submissions/complete?cc=135DD3C8,Agree or disagree (run5_scalar_heat-set_extension_full_range-experiment_scalar-batch1-70-70),410546,7ffec4d7-108d-4bb2-a456-0bb813c875c5,2021-02-11 15:16:16,347.665,2021-02-11 14:11:18.938000,2021-02-11 14:17:06.603000,3.0,false,rare,cold,snowbank,../data/prolific_output/run5_scalar_heat-group_scalar_heat/qu70-s_qu3-batch1.csv
qu70-s_qu3-batch1.csv-2,2,NOT AVAILABLE,NOT AVAILABLE,67616648-48b2-4c7c-847c-3cfe6d860951,PROLIFIC,11-Feb-2021 13:58:11,1174,46542,c5184103-23c8-47a6-9e70-b225be323b58,"I think (a/an) snowbank can be cold, but this is rare or uncommon.","I think (a/an) chocolate can be salty, but this is rare or uncommon.","I think (a/an) cherry can be salty, but this is rare or uncommon.",5_scalar_heat-set_extension_full_range,https://app.prolific.co/submissions/complete?cc=135DD3C8,Agree or disagree (run5_scalar_heat-set_extension_full_range-experiment_scalar-batch1-70-70),409058,ce174b3b-6a76-469d-bd2f-e34fed24b93e,2021-02-11 13:58:11,949.262,2021-02-11 12:44:12.147000,2021-02-11 13:00:01.409000,3.0,false,rare,cold,snowbank,../data/prolific_output/run5_scalar_heat-group_scalar_heat/qu70-s_qu3-batch1.csv
qu70-s_qu3-batch1.csv-2,2,NOT AVAILABLE,NOT AVAILABLE,c5acc5c7-6592-4c17-a004-f364dd26d555,PROLIFIC,11-Feb-2021 14:29:12,1174,46542,c5184103-23c8-47a6-9e70-b225be323b58,"I think (a/an) snowbank can be cold, but this is rare or uncommon.","I think (a/an) chocolate can be salty, but this is rare or uncommon.","I think (a/an) cherry can be salty, but this is rare or uncommon.",5_scalar_heat-set_extension_full_range,https://app.prolific.co/submissions/complete?cc=135DD3C8,Agree or disagree (run5_scalar_heat-set_extension_full_range-experiment_scalar-batch1-70-70),409896,f254018b-e050-47c9-aa81-525f2bc718c9,2021-02-11 14:29:12,865.556,2021-02-11 13:20:47.199000,2021-02-11 13:35:12.755000,76.0,false,rare,cold,snowbank,../data/prolific_output/run5_scalar_heat-group_scalar_heat/qu70-s_qu3-batch1.csv
qu70-s_qu3-batch1.csv-2,2,NOT AVAILABLE,NOT AVAILABLE,4143fee4-d4f0-4e3d-901d-91dbd47391f1,PROLIFIC,11-Feb-2021 14:09:42,1174,46542,c5184103-23c8-47a6-9e70-b225be323b58,"I think (a/an) snowbank can be cold, but this is rare or uncommon.","I think (a/an) chocolate can be salty, but this is rare or uncommon.","I think (a/an) cherry can be salty, but this is rare or uncommon.",5_scalar_heat-set_extension_full_range,https://app.prolific.co/submissions/complete?cc=135DD3C8,Agree or disagree (run5_scalar_heat-set_extension_full_range-experiment_scalar-batch1-70-70),409344,1794c4d1-9eff-4fc6-bdd0-b5bbed803657,2021-02-11 14:09:42,522.216,2021-02-11 13:01:04.933000,2021-02-11 13:09:47.149000,4.0,false,rare,cold,snowbank,../data/prolific_output/run5_scalar_heat-group_scalar_heat/qu70-s_qu3-batch1.csv
qu70-s_qu3-batch1.csv-2,2,NOT AVAILABLE,NOT AVAILABLE,393254ab-d116-4ce8-b686-bb7c17887d33,PROLIFIC,11-Feb-2021 14:09:25,1174,46542,c5184103-23c8-47a6-9e70-b225be323b58,"I think (a/an) snowbank can be cold, but this is rare or uncommon.","I think (a/an) chocolate can be salty, but this is rare or uncommon.","I think (a/an) cherry can be salty, but this is rare or uncommon.",5_scalar_heat-set_extension_full_range,https://app.prolific.co/submissions/complete?cc=135DD3C8,Agree or disagree (run5_scalar_heat-set_extension_full_range-experiment_scalar-batch1-70-70),409330,7870bb32-b0d1-46db-9850-2c76737fcfc8,2021-02-11 14:09:25,818.111,2021-02-11 13:05:51.212000,2021-02-11 13:19:29.323000,21.0,false,rare,cold,snowbank,../data/prolific_output/run5_scalar_heat-group_scalar_heat/qu70-s_qu3-batch1.csv
qu70-s_qu3-batch1.csv-2,2,NOT AVAILABLE,NOT AVAILABLE,93323109-435d-4f37-a41b-e4a720b53a81,PROLIFIC,11-Feb-2021 13:54:33,1174,46542,c5184103-23c8-47a6-9e70-b225be323b58,"I think (a/an) snowbank can be cold, but this is rare or uncommon.","I think (a/an) chocolate can be salty, but this is rare or uncommon.","I think (a/an) cherry can be salty, but this is rare or uncommon.",5_scalar_heat-set_extension_full_range,https://app.prolific.co/submissions/complete?cc=135DD3C8,Agree or disagree (run5_scalar_heat-set_extension_full_range-experiment_scalar-batch1-70-70),408909,d1f33ede-73eb-419e-9958-f22498be5b70,2021-02-11 13:54:33,401.872,2021-02-11 12:49:55.451000,2021-02-11 12:56:37.323000,2.0,false,rare,cold,snowbank,../data/prolific_output/run5_scalar_heat-group_scalar_heat/qu70-s_qu3-batch1.csv
qu70-s_qu3-batch1.csv-2,2,NOT AVAILABLE,NOT AVAILABLE,5dc4ef01-5966-49da-b93c-8694d8e953c4,PROLIFIC,11-Feb-2021 13:40:57,1174,46542,c5184103-23c8-47a6-9e70-b225be323b58,"I think (a/an) snowbank can be cold, but this is rare or uncommon.","I think (a/an) chocolate can be salty, but this is rare or uncommon.","I think (a/an) cherry can be salty, but this is rare or uncommon.",5_scalar_heat-set_extension_full_range,https://app.prolific.co/submissions/complete?cc=135DD3C8,Agree or disagree (run5_scalar_heat-set_extension_full_range-experiment_scalar-batch1-70-70),408614,83ec8d1d-511e-4d0d-b988-be0ac2d0a986,2021-02-11 13:40:57,443.921,2021-02-11 12:38:29.969000,2021-02-11 12:45:53.890000,13.0,false,rare,cold,snowbank,../data/prolific_output/run5_scalar_heat-group_scalar_heat/qu70-s_qu3-batch1.csv
qu70-s_qu3-batch1.csv-2,2,NOT AVAILABLE,NOT AVAILABLE,6591e696-4740-4846-875f-72b909d5e0c8,PROLIFIC,11-Feb-2021 14:17:22,1174,46542,c5184103-23c8-47a6-9e70-b225be323b58,"I think (a/an) snowbank can be cold, but this is rare or uncommon.","I think (a/an) chocolate can be salty, but this is rare or uncommon.","I think (a/an) cherry can be salty, but this is rare or uncommon.",5_scalar_heat-set_extension_full_range,https://app.prolific.co/submissions/complete?cc=135DD3C8,Agree or disagree (run5_scalar_heat-set_extension_full_range-experiment_scalar-batch1-70-70),409653,f4857d85-0257-40ee-9fd9-54d479182ed6,2021-02-11 14:17:22,562.557,2021-02-11 13:10:48.417000,2021-02-11 13:20:10.974000,15.0,false,rare,cold,snowbank,../data/prolific_output/run5_scalar_heat-group_scalar_heat/qu70-s_qu3-batch1.csv
qu70-s_qu3-batch1.csv-2,2,NOT AVAILABLE,NOT AVAILABLE,c2fac0e6-01c1-4b66-8685-a3cbaffce5ba,PROLIFIC,11-Feb-2021 14:32:24,1174,46542,c5184103-23c8-47a6-9e70-b225be323b58,"I think (a/an) snowbank can be cold, but this is rare or uncommon.","I think (a/an) chocolate can be salty, but this is rare or uncommon.","I think (a/an) cherry can be salty, but this is rare or uncommon.",5_scalar_heat-set_extension_full_range,https://app.prolific.co/submissions/complete?cc=135DD3C8,Agree or disagree (run5_scalar_heat-set_extension_full_range-experiment_scalar-batch1-70-70),409982,ea09082d-dd11-40a1-a015-3bcf90a957f9,2021-02-11 14:32:24,425.954,2021-02-11 13:27:27.892000,2021-02-11 13:34:33.846000,2.0,false,rare,cold,snowbank,../data/prolific_output/run5_scalar_heat-group_scalar_heat/qu70-s_qu3-batch1.csv
qu70-s_qu3-batch1.csv-2,2,NOT AVAILABLE,NOT AVAILABLE,fa8a70d3-4a4f-439a-b049-c5af1ef4d008,PROLIFIC,11-Feb-2021 15:15:28,1174,46543,db152d9e-4eb2-4781-b5e9-6f3064889211,"I could say (a/an) snowbank is cold, but I would most certainly not mean it literally.","I could say (a/an) anger is hot, but I would most certainly not mean it literally.
I could say (a/an) person is cold, but I would most certainly not mean it literally.
I could say (a/an) story is dark, but I would most certainly not mean it literally.","I could say (a/an) fire is hot, but I would most certainly not mean it literally.
I could say (a/an) stone is heavy, but I would most certainly not mean it literally.
I could say (a/an) argument is liquid, but I would most certainly not mean it literally.",5_scalar_heat-set_extension_full_range,https://app.prolific.co/submissions/complete?cc=135DD3C8,Agree or disagree (run5_scalar_heat-set_extension_full_range-experiment_scalar-batch1-70-70),410531,1b3520d5-7f88-41de-bb2a-bc29935c5573,2021-02-11 15:15:28,347.665,2021-02-11 14:11:18.938000,2021-02-11 14:17:06.603000,3.0,false,creative,cold,snowbank,../data/prolific_output/run5_scalar_heat-group_scalar_heat/qu70-s_qu3-batch1.csv
qu70-s_qu3-batch1.csv-2,2,NOT AVAILABLE,NOT AVAILABLE,67616648-48b2-4c7c-847c-3cfe6d860951,PROLIFIC,11-Feb-2021 13:59:15,1174,46543,db152d9e-4eb2-4781-b5e9-6f3064889211,"I could say (a/an) snowbank is cold, but I would most certainly not mean it literally.","I could say (a/an) anger is hot, but I would most certainly not mean it literally.
I could say (a/an) person is cold, but I would most certainly not mean it literally.
I could say (a/an) story is dark, but I would most certainly not mean it literally.","I could say (a/an) fire is hot, but I would most certainly not mean it literally.
I could say (a/an) stone is heavy, but I would most certainly not mean it literally.
I could say (a/an) argument is liquid, but I would most certainly not mean it literally.",5_scalar_heat-set_extension_full_range,https://app.prolific.co/submissions/complete?cc=135DD3C8,Agree or disagree (run5_scalar_heat-set_extension_full_range-experiment_scalar-batch1-70-70),409101,6da05d6b-f01c-4141-b71f-52ed22cf92c1,2021-02-11 13:59:15,949.262,2021-02-11 12:44:12.147000,2021-02-11 13:00:01.409000,4.0,false,creative,cold,snowbank,../data/prolific_output/run5_scalar_heat-group_scalar_heat/qu70-s_qu3-batch1.csv
qu70-s_qu3-batch1.csv-2,2,NOT AVAILABLE,NOT AVAILABLE,c5acc5c7-6592-4c17-a004-f364dd26d555,PROLIFIC,11-Feb-2021 14:29:22,1174,46543,db152d9e-4eb2-4781-b5e9-6f3064889211,"I could say (a/an) snowbank is cold, but I would most certainly not mean it literally.","I could say (a/an) anger is hot, but I would most certainly not mean it literally.
I could say (a/an) person is cold, but I would most certainly not mean it literally.
I could say (a/an) story is dark, but I would most certainly not mean it literally.","I could say (a/an) fire is hot, but I would most certainly not mean it literally.
I could say (a/an) stone is heavy, but I would most certainly not mean it literally.
I could say (a/an) argument is liquid, but I would most certainly not mean it literally.",5_scalar_heat-set_extension_full_range,https://app.prolific.co/submissions/complete?cc=135DD3C8,Agree or disagree (run5_scalar_heat-set_extension_full_range-experiment_scalar-batch1-70-70),409902,4e9953cb-fdcc-48a7-8102-4cdb1c127859,2021-02-11 14:29:22,865.556,2021-02-11 13:20:47.199000,2021-02-11 13:35:12.755000,6.0,false,creative,cold,snowbank,../data/prolific_output/run5_scalar_heat-group_scalar_heat/qu70-s_qu3-batch1.csv
qu70-s_qu3-batch1.csv-2,2,NOT AVAILABLE,NOT AVAILABLE,4143fee4-d4f0-4e3d-901d-91dbd47391f1,PROLIFIC,11-Feb-2021 14:04:10,1174,46543,db152d9e-4eb2-4781-b5e9-6f3064889211,"I could say (a/an) snowbank is cold, but I would most certainly not mean it literally.","I could say (a/an) anger is hot, but I would most certainly not mean it literally.
I could say (a/an) person is cold, but I would most certainly not mean it literally.
I could say (a/an) story is dark, but I would most certainly not mean it literally.","I could say (a/an) fire is hot, but I would most certainly not mean it literally.
I could say (a/an) stone is heavy, but I would most certainly not mean it literally.
I could say (a/an) argument is liquid, but I would most certainly not mean it literally.",5_scalar_heat-set_extension_full_range,https://app.prolific.co/submissions/complete?cc=135DD3C8,Agree or disagree (run5_scalar_heat-set_extension_full_range-experiment_scalar-batch1-70-70),409204,8cc97be2-ba8d-431f-8f9b-167bd1b99955,2021-02-11 14:04:10,522.216,2021-02-11 13:01:04.933000,2021-02-11 13:09:47.149000,3.0,false,creative,cold,snowbank,../data/prolific_output/run5_scalar_heat-group_scalar_heat/qu70-s_qu3-batch1.csv
qu70-s_qu3-batch1.csv-2,2,NOT AVAILABLE,NOT AVAILABLE,393254ab-d116-4ce8-b686-bb7c17887d33,PROLIFIC,11-Feb-2021 14:16:45,1174,46543,db152d9e-4eb2-4781-b5e9-6f3064889211,"I could say (a/an) snowbank is cold, but I would most certainly not mean it literally.","I could say (a/an) anger is hot, but I would most certainly not mean it literally.
I could say (a/an) person is cold, but I would most certainly not mean it literally.
I could say (a/an) story is dark, but I would most certainly not mean it literally.","I could say (a/an) fire is hot, but I would most certainly not mean it literally.
I could say (a/an) stone is heavy, but I would most certainly not mean it literally.
I could say (a/an) argument is liquid, but I would most certainly not mean it literally.",5_scalar_heat-set_extension_full_range,https://app.prolific.co/submissions/complete?cc=135DD3C8,Agree or disagree (run5_scalar_heat-set_extension_full_range-experiment_scalar-batch1-70-70),409627,e6bae89b-c886-4b63-8806-7b3562cf4186,2021-02-11 14:16:45,818.111,2021-02-11 13:05:51.212000,2021-02-11 13:19:29.323000,4.0,false,creative,cold,snowbank,../data/prolific_output/run5_scalar_heat-group_scalar_heat/qu70-s_qu3-batch1.csv
qu70-s_qu3-batch1.csv-2,2,NOT AVAILABLE,NOT AVAILABLE,93323109-435d-4f37-a41b-e4a720b53a81,PROLIFIC,11-Feb-2021 13:55:19,1174,46543,db152d9e-4eb2-4781-b5e9-6f3064889211,"I could say (a/an) snowbank is cold, but I would most certainly not mean it literally.","I could say (a/an) anger is hot, but I would most certainly not mean it literally.
I could say (a/an) person is cold, but I would most certainly not mean it literally.
I could say (a/an) story is dark, but I would most certainly not mean it literally.","I could say (a/an) fire is hot, but I would most certainly not mean it literally.
I could say (a/an) stone is heavy, but I would most certainly not mean it literally.
I could say (a/an) argument is liquid, but I would most certainly not mean it literally.",5_scalar_heat-set_extension_full_range,https://app.prolific.co/submissions/complete?cc=135DD3C8,Agree or disagree (run5_scalar_heat-set_extension_full_range-experiment_scalar-batch1-70-70),408941,2c5c95e4-4e96-4b5f-88d8-185c5d39de0c,2021-02-11 13:55:19,401.872,2021-02-11 12:49:55.451000,2021-02-11 12:56:37.323000,4.0,false,creative,cold,snowbank,../data/prolific_output/run5_scalar_heat-group_scalar_heat/qu70-s_qu3-batch1.csv
qu70-s_qu3-batch1.csv-2,2,NOT AVAILABLE,NOT AVAILABLE,5dc4ef01-5966-49da-b93c-8694d8e953c4,PROLIFIC,11-Feb-2021 13:41:01,1174,46543,db152d9e-4eb2-4781-b5e9-6f3064889211,"I could say (a/an) snowbank is cold, but I would most certainly not mean it literally.","I could say (a/an) anger is hot, but I would most certainly not mean it literally.
I could say (a/an) person is cold, but I would most certainly not mean it literally.
I could say (a/an) story is dark, but I would most certainly not mean it literally.","I could say (a/an) fire is hot, but I would most certainly not mean it literally.
I could say (a/an) stone is heavy, but I would most certainly not mean it literally.
I could say (a/an) argument is liquid, but I would most certainly not mean it literally.",5_scalar_heat-set_extension_full_range,https://app.prolific.co/submissions/complete?cc=135DD3C8,Agree or disagree (run5_scalar_heat-set_extension_full_range-experiment_scalar-batch1-70-70),408615,fca3686d-a532-4658-8d35-150703effc80,2021-02-11 13:41:01,443.921,2021-02-11 12:38:29.969000,2021-02-11 12:45:53.890000,4.0,false,creative,cold,snowbank,../data/prolific_output/run5_scalar_heat-group_scalar_heat/qu70-s_qu3-batch1.csv
qu70-s_qu3-batch1.csv-2,2,NOT AVAILABLE,NOT AVAILABLE,6591e696-4740-4846-875f-72b909d5e0c8,PROLIFIC,11-Feb-2021 14:17:25,1174,46543,db152d9e-4eb2-4781-b5e9-6f3064889211,"I could say (a/an) snowbank is cold, but I would most certainly not mean it literally.","I could say (a/an) anger is hot, but I would most certainly not mean it literally.
I could say (a/an) person is cold, but I would most certainly not mean it literally.
I could say (a/an) story is dark, but I would most certainly not mean it literally.","I could say (a/an) fire is hot, but I would most certainly not mean it literally.
I could say (a/an) stone is heavy, but I would most certainly not mean it literally.
I could say (a/an) argument is liquid, but I would most certainly not mean it literally.",5_scalar_heat-set_extension_full_range,https://app.prolific.co/submissions/complete?cc=135DD3C8,Agree or disagree (run5_scalar_heat-set_extension_full_range-experiment_scalar-batch1-70-70),409655,0e8195c3-a3b3-4fad-baf8-a1ad0008ff8c,2021-02-11 14:17:25,562.557,2021-02-11 13:10:48.417000,2021-02-11 13:20:10.974000,3.0,false,creative,cold,snowbank,../data/prolific_output/run5_scalar_heat-group_scalar_heat/qu70-s_qu3-batch1.csv
qu70-s_qu3-batch1.csv-2,2,NOT AVAILABLE,NOT AVAILABLE,c2fac0e6-01c1-4b66-8685-a3cbaffce5ba,PROLIFIC,11-Feb-2021 14:32:32,1174,46543,db152d9e-4eb2-4781-b5e9-6f3064889211,"I could say (a/an) snowbank is cold, but I would most certainly not mean it literally.","I could say (a/an) anger is hot, but I would most certainly not mean it literally.
I could say (a/an) person is cold, but I would most certainly not mean it literally.
I could say (a/an) story is dark, but I would most certainly not mean it literally.","I could say (a/an) fire is hot, but I would most certainly not mean it literally.
I could say (a/an) stone is heavy, but I would most certainly not mean it literally.
I could say (a/an) argument is liquid, but I would most certainly not mean it literally.",5_scalar_heat-set_extension_full_range,https://app.prolific.co/submissions/complete?cc=135DD3C8,Agree or disagree (run5_scalar_heat-set_extension_full_range-experiment_scalar-batch1-70-70),409984,ff5e2a16-e09e-49fa-aa87-dd4c7ca79830,2021-02-11 14:32:32,425.954,2021-02-11 13:27:27.892000,2021-02-11 13:34:33.846000,3.0,false,creative,cold,snowbank,../data/prolific_output/run5_scalar_heat-group_scalar_heat/qu70-s_qu3-batch1.csv
qu70-s_qu3-batch1.csv-2,2,NOT AVAILABLE,NOT AVAILABLE,fa8a70d3-4a4f-439a-b049-c5af1ef4d008,PROLIFIC,11-Feb-2021 15:15:48,1174,46544,70036ceb-5e39-4675-831e-8bba90488bef,I think it is impossible for (a/an) snowbank to be cold.,I think it is impossible for (a/an) water to be dry.,I think it is impossible for (a/an) rose to be white.,5_scalar_heat-set_extension_full_range,https://app.prolific.co/submissions/complete?cc=135DD3C8,Agree or disagree (run5_scalar_heat-set_extension_full_range-experiment_scalar-batch1-70-70),410538,5275c4a6-a7d4-4a1c-be70-688e00313327,2021-02-11 15:15:48,347.665,2021-02-11 14:11:18.938000,2021-02-11 14:17:06.603000,1.0,false,impossible,cold,snowbank,../data/prolific_output/run5_scalar_heat-group_scalar_heat/qu70-s_qu3-batch1.csv
qu70-s_qu3-batch1.csv-2,2,NOT AVAILABLE,NOT AVAILABLE,67616648-48b2-4c7c-847c-3cfe6d860951,PROLIFIC,11-Feb-2021 13:52:22,1174,46544,70036ceb-5e39-4675-831e-8bba90488bef,I think it is impossible for (a/an) snowbank to be cold.,I think it is impossible for (a/an) water to be dry.,I think it is impossible for (a/an) rose to be white.,5_scalar_heat-set_extension_full_range,https://app.prolific.co/submissions/complete?cc=135DD3C8,Agree or disagree (run5_scalar_heat-set_extension_full_range-experiment_scalar-batch1-70-70),408819,76eb10fc-efe0-46ea-946e-28a65e87a844,2021-02-11 13:52:22,949.262,2021-02-11 12:44:12.147000,2021-02-11 13:00:01.409000,20.0,false,impossible,cold,snowbank,../data/prolific_output/run5_scalar_heat-group_scalar_heat/qu70-s_qu3-batch1.csv
qu70-s_qu3-batch1.csv-2,2,NOT AVAILABLE,NOT AVAILABLE,c5acc5c7-6592-4c17-a004-f364dd26d555,PROLIFIC,11-Feb-2021 14:27:49,1174,46544,70036ceb-5e39-4675-831e-8bba90488bef,I think it is impossible for (a/an) snowbank to be cold.,I think it is impossible for (a/an) water to be dry.,I think it is impossible for (a/an) rose to be white.,5_scalar_heat-set_extension_full_range,https://app.prolific.co/submissions/complete?cc=135DD3C8,Agree or disagree (run5_scalar_heat-set_extension_full_range-experiment_scalar-batch1-70-70),409877,e6d8ecf4-5afa-4514-9c0d-d1926e5f3dfd,2021-02-11 14:27:49,865.556,2021-02-11 13:20:47.199000,2021-02-11 13:35:12.755000,3.0,false,impossible,cold,snowbank,../data/prolific_output/run5_scalar_heat-group_scalar_heat/qu70-s_qu3-batch1.csv
qu70-s_qu3-batch1.csv-2,2,NOT AVAILABLE,NOT AVAILABLE,4143fee4-d4f0-4e3d-901d-91dbd47391f1,PROLIFIC,11-Feb-2021 14:06:53,1174,46544,70036ceb-5e39-4675-831e-8bba90488bef,I think it is impossible for (a/an) snowbank to be cold.,I think it is impossible for (a/an) water to be dry.,I think it is impossible for (a/an) rose to be white.,5_scalar_heat-set_extension_full_range,https://app.prolific.co/submissions/complete?cc=135DD3C8,Agree or disagree (run5_scalar_heat-set_extension_full_range-experiment_scalar-batch1-70-70),409253,410e3e57-88ee-4da2-86ab-9dc462957f13,2021-02-11 14:06:53,522.216,2021-02-11 13:01:04.933000,2021-02-11 13:09:47.149000,3.0,false,impossible,cold,snowbank,../data/prolific_output/run5_scalar_heat-group_scalar_heat/qu70-s_qu3-batch1.csv
qu70-s_qu3-batch1.csv-2,2,NOT AVAILABLE,NOT AVAILABLE,393254ab-d116-4ce8-b686-bb7c17887d33,PROLIFIC,11-Feb-2021 14:16:41,1174,46544,70036ceb-5e39-4675-831e-8bba90488bef,I think it is impossible for (a/an) snowbank to be cold.,I think it is impossible for (a/an) water to be dry.,I think it is impossible for (a/an) rose to be white.,5_scalar_heat-set_extension_full_range,https://app.prolific.co/submissions/complete?cc=135DD3C8,Agree or disagree (run5_scalar_heat-set_extension_full_range-experiment_scalar-batch1-70-70),409624,1e5a6b79-c890-420d-8975-5af7c2985179,2021-02-11 14:16:41,818.111,2021-02-11 13:05:51.212000,2021-02-11 13:19:29.323000,4.0,false,impossible,cold,snowbank,../data/prolific_output/run5_scalar_heat-group_scalar_heat/qu70-s_qu3-batch1.csv
qu70-s_qu3-batch1.csv-2,2,NOT AVAILABLE,NOT AVAILABLE,93323109-435d-4f37-a41b-e4a720b53a81,PROLIFIC,11-Feb-2021 13:53:46,1174,46544,70036ceb-5e39-4675-831e-8bba90488bef,I think it is impossible for (a/an) snowbank to be cold.,I think it is impossible for (a/an) water to be dry.,I think it is impossible for (a/an) rose to be white.,5_scalar_heat-set_extension_full_range,https://app.prolific.co/submissions/complete?cc=135DD3C8,Agree or disagree (run5_scalar_heat-set_extension_full_range-experiment_scalar-batch1-70-70),408882,70585bf9-b6d8-4c75-87c9-0c87455b6958,2021-02-11 13:53:46,401.872,2021-02-11 12:49:55.451000,2021-02-11 12:56:37.323000,3.0,false,impossible,cold,snowbank,../data/prolific_output/run5_scalar_heat-group_scalar_heat/qu70-s_qu3-batch1.csv
qu70-s_qu3-batch1.csv-2,2,NOT AVAILABLE,NOT AVAILABLE,5dc4ef01-5966-49da-b93c-8694d8e953c4,PROLIFIC,11-Feb-2021 13:41:49,1174,46544,70036ceb-5e39-4675-831e-8bba90488bef,I think it is impossible for (a/an) snowbank to be cold.,I think it is impossible for (a/an) water to be dry.,I think it is impossible for (a/an) rose to be white.,5_scalar_heat-set_extension_full_range,https://app.prolific.co/submissions/complete?cc=135DD3C8,Agree or disagree (run5_scalar_heat-set_extension_full_range-experiment_scalar-batch1-70-70),408626,bc8d82d5-1b86-4889-a363-dfbb74f95733,2021-02-11 13:41:49,443.921,2021-02-11 12:38:29.969000,2021-02-11 12:45:53.890000,3.0,false,impossible,cold,snowbank,../data/prolific_output/run5_scalar_heat-group_scalar_heat/qu70-s_qu3-batch1.csv
qu70-s_qu3-batch1.csv-2,2,NOT AVAILABLE,NOT AVAILABLE,6591e696-4740-4846-875f-72b909d5e0c8,PROLIFIC,11-Feb-2021 14:18:39,1174,46544,70036ceb-5e39-4675-831e-8bba90488bef,I think it is impossible for (a/an) snowbank to be cold.,I think it is impossible for (a/an) water to be dry.,I think it is impossible for (a/an) rose to be white.,5_scalar_heat-set_extension_full_range,https://app.prolific.co/submissions/complete?cc=135DD3C8,Agree or disagree (run5_scalar_heat-set_extension_full_range-experiment_scalar-batch1-70-70),409718,cadbf363-503e-443f-9f79-43b78b410bf9,2021-02-11 14:18:39,562.557,2021-02-11 13:10:48.417000,2021-02-11 13:20:10.974000,2.0,false,impossible,cold,snowbank,../data/prolific_output/run5_scalar_heat-group_scalar_heat/qu70-s_qu3-batch1.csv
qu70-s_qu3-batch1.csv-2,2,NOT AVAILABLE,NOT AVAILABLE,c2fac0e6-01c1-4b66-8685-a3cbaffce5ba,PROLIFIC,11-Feb-2021 14:31:38,1174,46544,70036ceb-5e39-4675-831e-8bba90488bef,I think it is impossible for (a/an) snowbank to be cold.,I think it is impossible for (a/an) water to be dry.,I think it is impossible for (a/an) rose to be white.,5_scalar_heat-set_extension_full_range,https://app.prolific.co/submissions/complete?cc=135DD3C8,Agree or disagree (run5_scalar_heat-set_extension_full_range-experiment_scalar-batch1-70-70),409952,0c9a24aa-35b3-4265-8a07-2c0a25bca1b7,2021-02-11 14:31:38,425.954,2021-02-11 13:27:27.892000,2021-02-11 13:34:33.846000,3.0,false,impossible,cold,snowbank,../data/prolific_output/run5_scalar_heat-group_scalar_heat/qu70-s_qu3-batch1.csv
qu70-s_qu3-batch1.csv-2,2,NOT AVAILABLE,NOT AVAILABLE,fa8a70d3-4a4f-439a-b049-c5af1ef4d008,PROLIFIC,11-Feb-2021 15:16:38,1174,46545,119e13fc-7ebb-4a2e-8a35-13662c39dda7,"Usually, (a/an) snowbank is not cold, but there could be a highly unusual situation in which (a/an) snowbank is cold.","Usually, (a/an) table is not furry, but there could be a highly unusual situation in which (a/an) table is furry.","Usually, (a/an) cat is not furry, but there could be a highly unusual situation in which (a/an) cat is furry.",5_scalar_heat-set_extension_full_range,https://app.prolific.co/submissions/complete?cc=135DD3C8,Agree or disagree (run5_scalar_heat-set_extension_full_range-experiment_scalar-batch1-70-70),410552,e0f3093d-36cb-46a6-85d1-fd4bd59ee008,2021-02-11 15:16:38,347.665,2021-02-11 14:11:18.938000,2021-02-11 14:17:06.603000,4.0,false,unusual,cold,snowbank,../data/prolific_output/run5_scalar_heat-group_scalar_heat/qu70-s_qu3-batch1.csv
qu70-s_qu3-batch1.csv-2,2,NOT AVAILABLE,NOT AVAILABLE,67616648-48b2-4c7c-847c-3cfe6d860951,PROLIFIC,11-Feb-2021 13:57:28,1174,46545,119e13fc-7ebb-4a2e-8a35-13662c39dda7,"Usually, (a/an) snowbank is not cold, but there could be a highly unusual situation in which (a/an) snowbank is cold.","Usually, (a/an) table is not furry, but there could be a highly unusual situation in which (a/an) table is furry.","Usually, (a/an) cat is not furry, but there could be a highly unusual situation in which (a/an) cat is furry.",5_scalar_heat-set_extension_full_range,https://app.prolific.co/submissions/complete?cc=135DD3C8,Agree or disagree (run5_scalar_heat-set_extension_full_range-experiment_scalar-batch1-70-70),409027,98fdeb06-a52b-4b78-b0bc-7ccf2a32f0cf,2021-02-11 13:57:28,949.262,2021-02-11 12:44:12.147000,2021-02-11 13:00:01.409000,10.0,false,unusual,cold,snowbank,../data/prolific_output/run5_scalar_heat-group_scalar_heat/qu70-s_qu3-batch1.csv
qu70-s_qu3-batch1.csv-2,2,NOT AVAILABLE,NOT AVAILABLE,c5acc5c7-6592-4c17-a004-f364dd26d555,PROLIFIC,11-Feb-2021 14:24:58,1174,46545,119e13fc-7ebb-4a2e-8a35-13662c39dda7,"Usually, (a/an) snowbank is not cold, but there could be a highly unusual situation in which (a/an) snowbank is cold.","Usually, (a/an) table is not furry, but there could be a highly unusual situation in which (a/an) table is furry.","Usually, (a/an) cat is not furry, but there could be a highly unusual situation in which (a/an) cat is furry.",5_scalar_heat-set_extension_full_range,https://app.prolific.co/submissions/complete?cc=135DD3C8,Agree or disagree (run5_scalar_heat-set_extension_full_range-experiment_scalar-batch1-70-70),409846,37abbf14-be78-478f-9cb6-37a063671459,2021-02-11 14:24:58,865.556,2021-02-11 13:20:47.199000,2021-02-11 13:35:12.755000,15.0,false,unusual,cold,snowbank,../data/prolific_output/run5_scalar_heat-group_scalar_heat/qu70-s_qu3-batch1.csv
qu70-s_qu3-batch1.csv-2,2,NOT AVAILABLE,NOT AVAILABLE,4143fee4-d4f0-4e3d-901d-91dbd47391f1,PROLIFIC,11-Feb-2021 14:05:55,1174,46545,119e13fc-7ebb-4a2e-8a35-13662c39dda7,"Usually, (a/an) snowbank is not cold, but there could be a highly unusual situation in which (a/an) snowbank is cold.","Usually, (a/an) table is not furry, but there could be a highly unusual situation in which (a/an) table is furry.","Usually, (a/an) cat is not furry, but there could be a highly unusual situation in which (a/an) cat is furry.",5_scalar_heat-set_extension_full_range,https://app.prolific.co/submissions/complete?cc=135DD3C8,Agree or disagree (run5_scalar_heat-set_extension_full_range-experiment_scalar-batch1-70-70),409219,8e680bcb-f2df-4ae0-8982-9981ab8d285a,2021-02-11 14:05:55,522.216,2021-02-11 13:01:04.933000,2021-02-11 13:09:47.149000,4.0,false,unusual,cold,snowbank,../data/prolific_output/run5_scalar_heat-group_scalar_heat/qu70-s_qu3-batch1.csv
qu70-s_qu3-batch1.csv-2,2,NOT AVAILABLE,NOT AVAILABLE,393254ab-d116-4ce8-b686-bb7c17887d33,PROLIFIC,11-Feb-2021 14:15:04,1174,46545,119e13fc-7ebb-4a2e-8a35-13662c39dda7,"Usually, (a/an) snowbank is not cold, but there could be a highly unusual situation in which (a/an) snowbank is cold.","Usually, (a/an) table is not furry, but there could be a highly unusual situation in which (a/an) table is furry.","Usually, (a/an) cat is not furry, but there could be a highly unusual situation in which (a/an) cat is furry.",5_scalar_heat-set_extension_full_range,https://app.prolific.co/submissions/complete?cc=135DD3C8,Agree or disagree (run5_scalar_heat-set_extension_full_range-experiment_scalar-batch1-70-70),409534,fc780d55-69aa-4a50-9eb2-4ae52c7c5672,2021-02-11 14:15:04,818.111,2021-02-11 13:05:51.212000,2021-02-11 13:19:29.323000,15.0,false,unusual,cold,snowbank,../data/prolific_output/run5_scalar_heat-group_scalar_heat/qu70-s_qu3-batch1.csv
qu70-s_qu3-batch1.csv-2,2,NOT AVAILABLE,NOT AVAILABLE,93323109-435d-4f37-a41b-e4a720b53a81,PROLIFIC,11-Feb-2021 13:53:55,1174,46545,119e13fc-7ebb-4a2e-8a35-13662c39dda7,"Usually, (a/an) snowbank is not cold, but there could be a highly unusual situation in which (a/an) snowbank is cold.","Usually, (a/an) table is not furry, but there could be a highly unusual situation in which (a/an) table is furry.","Usually, (a/an) cat is not furry, but there could be a highly unusual situation in which (a/an) cat is furry.",5_scalar_heat-set_extension_full_range,https://app.prolific.co/submissions/complete?cc=135DD3C8,Agree or disagree (run5_scalar_heat-set_extension_full_range-experiment_scalar-batch1-70-70),408885,329fa4d3-1ece-41ab-905d-2f278d32bc61,2021-02-11 13:53:55,401.872,2021-02-11 12:49:55.451000,2021-02-11 12:56:37.323000,2.0,false,unusual,cold,snowbank,../data/prolific_output/run5_scalar_heat-group_scalar_heat/qu70-s_qu3-batch1.csv
qu70-s_qu3-batch1.csv-2,2,NOT AVAILABLE,NOT AVAILABLE,5dc4ef01-5966-49da-b93c-8694d8e953c4,PROLIFIC,11-Feb-2021 13:41:56,1174,46545,119e13fc-7ebb-4a2e-8a35-13662c39dda7,"Usually, (a/an) snowbank is not cold, but there could be a highly unusual situation in which (a/an) snowbank is cold.","Usually, (a/an) table is not furry, but there could be a highly unusual situation in which (a/an) table is furry.","Usually, (a/an) cat is not furry, but there could be a highly unusual situation in which (a/an) cat is furry.",5_scalar_heat-set_extension_full_range,https://app.prolific.co/submissions/complete?cc=135DD3C8,Agree or disagree (run5_scalar_heat-set_extension_full_range-experiment_scalar-batch1-70-70),408628,6242293d-9816-4976-97c8-9cf87fa6c931,2021-02-11 13:41:56,443.921,2021-02-11 12:38:29.969000,2021-02-11 12:45:53.890000,4.0,false,unusual,cold,snowbank,../data/prolific_output/run5_scalar_heat-group_scalar_heat/qu70-s_qu3-batch1.csv
qu70-s_qu3-batch1.csv-2,2,NOT AVAILABLE,NOT AVAILABLE,6591e696-4740-4846-875f-72b909d5e0c8,PROLIFIC,11-Feb-2021 14:17:28,1174,46545,119e13fc-7ebb-4a2e-8a35-13662c39dda7,"Usually, (a/an) snowbank is not cold, but there could be a highly unusual situation in which (a/an) snowbank is cold.","Usually, (a/an) table is not furry, but there could be a highly unusual situation in which (a/an) table is furry.","Usually, (a/an) cat is not furry, but there could be a highly unusual situation in which (a/an) cat is furry.",5_scalar_heat-set_extension_full_range,https://app.prolific.co/submissions/complete?cc=135DD3C8,Agree or disagree (run5_scalar_heat-set_extension_full_range-experiment_scalar-batch1-70-70),409658,95dfc4f1-d471-4443-91d0-84c0ee19a0fe,2021-02-11 14:17:28,562.557,2021-02-11 13:10:48.417000,2021-02-11 13:20:10.974000,3.0,false,unusual,cold,snowbank,../data/prolific_output/run5_scalar_heat-group_scalar_heat/qu70-s_qu3-batch1.csv
qu70-s_qu3-batch1.csv-2,2,NOT AVAILABLE,NOT AVAILABLE,c2fac0e6-01c1-4b66-8685-a3cbaffce5ba,PROLIFIC,11-Feb-2021 14:30:13,1174,46545,119e13fc-7ebb-4a2e-8a35-13662c39dda7,"Usually, (a/an) snowbank is not cold, but there could be a highly unusual situation in which (a/an) snowbank is cold.","Usually, (a/an) table is not furry, but there could be a highly unusual situation in which (a/an) table is furry.","Usually, (a/an) cat is not furry, but there could be a highly unusual situation in which (a/an) cat is furry.",5_scalar_heat-set_extension_full_range,https://app.prolific.co/submissions/complete?cc=135DD3C8,Agree or disagree (run5_scalar_heat-set_extension_full_range-experiment_scalar-batch1-70-70),409928,8e206f18-4df9-46ae-9355-e81a608892e7,2021-02-11 14:30:13,425.954,2021-02-11 13:27:27.892000,2021-02-11 13:34:33.846000,3.0,false,unusual,cold,snowbank,../data/prolific_output/run5_scalar_heat-group_scalar_heat/qu70-s_qu3-batch1.csv
qu70-s_qu3-batch1.csv-2,2,NOT AVAILABLE,NOT AVAILABLE,fa8a70d3-4a4f-439a-b049-c5af1ef4d008,PROLIFIC,11-Feb-2021 15:14:14,1174,46546,9d4eccfb-f21f-41e4-af88-493b84e7e038,You can find (a/an) snowbank which is cold. (A/an) snowbank is usually either cold or not cold. It cannot be a bit more or less cold.,You can find (a/an) substance which is liquid. (A/an) substance is usually either liquid or not liquid. It cannot be a bit more or less liquid.,You can find (a/an) knife which is sharp. (A/an) knife is usually either sharp or not sharp. It cannot be a bit more or less sharp.,5_scalar_heat-set_extension_full_range,https://app.prolific.co/submissions/complete?cc=135DD3C8,Agree or disagree (run5_scalar_heat-set_extension_full_range-experiment_scalar-batch1-70-70),410512,bdb2df93-2826-4918-876e-f7fe51fe81af,2021-02-11 15:14:14,347.665,2021-02-11 14:11:18.938000,2021-02-11 14:17:06.603000,7.0,false,variability_limited,cold,snowbank,../data/prolific_output/run5_scalar_heat-group_scalar_heat/qu70-s_qu3-batch1.csv
qu70-s_qu3-batch1.csv-2,2,NOT AVAILABLE,NOT AVAILABLE,67616648-48b2-4c7c-847c-3cfe6d860951,PROLIFIC,11-Feb-2021 13:49:36,1174,46546,9d4eccfb-f21f-41e4-af88-493b84e7e038,You can find (a/an) snowbank which is cold. (A/an) snowbank is usually either cold or not cold. It cannot be a bit more or less cold.,You can find (a/an) substance which is liquid. (A/an) substance is usually either liquid or not liquid. It cannot be a bit more or less liquid.,You can find (a/an) knife which is sharp. (A/an) knife is usually either sharp or not sharp. It cannot be a bit more or less sharp.,5_scalar_heat-set_extension_full_range,https://app.prolific.co/submissions/complete?cc=135DD3C8,Agree or disagree (run5_scalar_heat-set_extension_full_range-experiment_scalar-batch1-70-70),408760,48fa12c4-d2bc-4091-bea8-d4295c57d5fd,2021-02-11 13:49:36,949.262,2021-02-11 12:44:12.147000,2021-02-11 13:00:01.409000,6.0,false,variability_limited,cold,snowbank,../data/prolific_output/run5_scalar_heat-group_scalar_heat/qu70-s_qu3-batch1.csv
qu70-s_qu3-batch1.csv-2,2,NOT AVAILABLE,NOT AVAILABLE,c5acc5c7-6592-4c17-a004-f364dd26d555,PROLIFIC,11-Feb-2021 14:31:59,1174,46546,9d4eccfb-f21f-41e4-af88-493b84e7e038,You can find (a/an) snowbank which is cold. (A/an) snowbank is usually either cold or not cold. It cannot be a bit more or less cold.,You can find (a/an) substance which is liquid. (A/an) substance is usually either liquid or not liquid. It cannot be a bit more or less liquid.,You can find (a/an) knife which is sharp. (A/an) knife is usually either sharp or not sharp. It cannot be a bit more or less sharp.,5_scalar_heat-set_extension_full_range,https://app.prolific.co/submissions/complete?cc=135DD3C8,Agree or disagree (run5_scalar_heat-set_extension_full_range-experiment_scalar-batch1-70-70),409965,75dbc65d-1fca-4d14-b597-f9ce42e90eb5,2021-02-11 14:31:59,865.556,2021-02-11 13:20:47.199000,2021-02-11 13:35:12.755000,1.0,false,variability_limited,cold,snowbank,../data/prolific_output/run5_scalar_heat-group_scalar_heat/qu70-s_qu3-batch1.csv
qu70-s_qu3-batch1.csv-2,2,NOT AVAILABLE,NOT AVAILABLE,4143fee4-d4f0-4e3d-901d-91dbd47391f1,PROLIFIC,11-Feb-2021 14:07:53,1174,46546,9d4eccfb-f21f-41e4-af88-493b84e7e038,You can find (a/an) snowbank which is cold. (A/an) snowbank is usually either cold or not cold. It cannot be a bit more or less cold.,You can find (a/an) substance which is liquid. (A/an) substance is usually either liquid or not liquid. It cannot be a bit more or less liquid.,You can find (a/an) knife which is sharp. (A/an) knife is usually either sharp or not sharp. It cannot be a bit more or less sharp.,5_scalar_heat-set_extension_full_range,https://app.prolific.co/submissions/complete?cc=135DD3C8,Agree or disagree (run5_scalar_heat-set_extension_full_range-experiment_scalar-batch1-70-70),409279,48bfabc4-a8c4-4713-947e-d37a54d8247d,2021-02-11 14:07:53,522.216,2021-02-11 13:01:04.933000,2021-02-11 13:09:47.149000,4.0,false,variability_limited,cold,snowbank,../data/prolific_output/run5_scalar_heat-group_scalar_heat/qu70-s_qu3-batch1.csv
qu70-s_qu3-batch1.csv-2,2,NOT AVAILABLE,NOT AVAILABLE,393254ab-d116-4ce8-b686-bb7c17887d33,PROLIFIC,11-Feb-2021 14:12:59,1174,46546,9d4eccfb-f21f-41e4-af88-493b84e7e038,You can find (a/an) snowbank which is cold. (A/an) snowbank is usually either cold or not cold. It cannot be a bit more or less cold.,You can find (a/an) substance which is liquid. (A/an) substance is usually either liquid or not liquid. It cannot be a bit more or less liquid.,You can find (a/an) knife which is sharp. (A/an) knife is usually either sharp or not sharp. It cannot be a bit more or less sharp.,5_scalar_heat-set_extension_full_range,https://app.prolific.co/submissions/complete?cc=135DD3C8,Agree or disagree (run5_scalar_heat-set_extension_full_range-experiment_scalar-batch1-70-70),409465,23958f18-a23d-4fa5-920c-666423117698,2021-02-11 14:12:59,818.111,2021-02-11 13:05:51.212000,2021-02-11 13:19:29.323000,9.0,false,variability_limited,cold,snowbank,../data/prolific_output/run5_scalar_heat-group_scalar_heat/qu70-s_qu3-batch1.csv
qu70-s_qu3-batch1.csv-2,2,NOT AVAILABLE,NOT AVAILABLE,93323109-435d-4f37-a41b-e4a720b53a81,PROLIFIC,11-Feb-2021 13:52:17,1174,46546,9d4eccfb-f21f-41e4-af88-493b84e7e038,You can find (a/an) snowbank which is cold. (A/an) snowbank is usually either cold or not cold. It cannot be a bit more or less cold.,You can find (a/an) substance which is liquid. (A/an) substance is usually either liquid or not liquid. It cannot be a bit more or less liquid.,You can find (a/an) knife which is sharp. (A/an) knife is usually either sharp or not sharp. It cannot be a bit more or less sharp.,5_scalar_heat-set_extension_full_range,https://app.prolific.co/submissions/complete?cc=135DD3C8,Agree or disagree (run5_scalar_heat-set_extension_full_range-experiment_scalar-batch1-70-70),408815,580ff65b-9079-43e9-8f81-93384682d9f1,2021-02-11 13:52:17,401.872,2021-02-11 12:49:55.451000,2021-02-11 12:56:37.323000,4.0,false,variability_limited,cold,snowbank,../data/prolific_output/run5_scalar_heat-group_scalar_heat/qu70-s_qu3-batch1.csv
qu70-s_qu3-batch1.csv-2,2,NOT AVAILABLE,NOT AVAILABLE,5dc4ef01-5966-49da-b93c-8694d8e953c4,PROLIFIC,11-Feb-2021 13:41:18,1174,46546,9d4eccfb-f21f-41e4-af88-493b84e7e038,You can find (a/an) snowbank which is cold. (A/an) snowbank is usually either cold or not cold. It cannot be a bit more or less cold.,You can find (a/an) substance which is liquid. (A/an) substance is usually either liquid or not liquid. It cannot be a bit more or less liquid.,You can find (a/an) knife which is sharp. (A/an) knife is usually either sharp or not sharp. It cannot be a bit more or less sharp.,5_scalar_heat-set_extension_full_range,https://app.prolific.co/submissions/complete?cc=135DD3C8,Agree or disagree (run5_scalar_heat-set_extension_full_range-experiment_scalar-batch1-70-70),408617,2c87357b-ed96-4b53-b46b-cb8c2e5c7b84,2021-02-11 13:41:18,443.921,2021-02-11 12:38:29.969000,2021-02-11 12:45:53.890000,8.0,true,variability_limited,cold,snowbank,../data/prolific_output/run5_scalar_heat-group_scalar_heat/qu70-s_qu3-batch1.csv
qu70-s_qu3-batch1.csv-2,2,NOT AVAILABLE,NOT AVAILABLE,6591e696-4740-4846-875f-72b909d5e0c8,PROLIFIC,11-Feb-2021 14:18:28,1174,46546,9d4eccfb-f21f-41e4-af88-493b84e7e038,You can find (a/an) snowbank which is cold. (A/an) snowbank is usually either cold or not cold. It cannot be a bit more or less cold.,You can find (a/an) substance which is liquid. (A/an) substance is usually either liquid or not liquid. It cannot be a bit more or less liquid.,You can find (a/an) knife which is sharp. (A/an) knife is usually either sharp or not sharp. It cannot be a bit more or less sharp.,5_scalar_heat-set_extension_full_range,https://app.prolific.co/submissions/complete?cc=135DD3C8,Agree or disagree (run5_scalar_heat-set_extension_full_range-experiment_scalar-batch1-70-70),409709,8c7ab693-677c-4bd2-b7fe-086e36e47e0a,2021-02-11 14:18:28,562.557,2021-02-11 13:10:48.417000,2021-02-11 13:20:10.974000,3.0,false,variability_limited,cold,snowbank,../data/prolific_output/run5_scalar_heat-group_scalar_heat/qu70-s_qu3-batch1.csv
qu70-s_qu3-batch1.csv-2,2,NOT AVAILABLE,NOT AVAILABLE,c2fac0e6-01c1-4b66-8685-a3cbaffce5ba,PROLIFIC,11-Feb-2021 14:28:37,1174,46546,9d4eccfb-f21f-41e4-af88-493b84e7e038,You can find (a/an) snowbank which is cold. (A/an) snowbank is usually either cold or not cold. It cannot be a bit more or less cold.,You can find (a/an) substance which is liquid. (A/an) substance is usually either liquid or not liquid. It cannot be a bit more or less liquid.,You can find (a/an) knife which is sharp. (A/an) knife is usually either sharp or not sharp. It cannot be a bit more or less sharp.,5_scalar_heat-set_extension_full_range,https://app.prolific.co/submissions/complete?cc=135DD3C8,Agree or disagree (run5_scalar_heat-set_extension_full_range-experiment_scalar-batch1-70-70),409885,0d168fc7-b8ed-4254-8429-4b0490cb8ea7,2021-02-11 14:28:37,425.954,2021-02-11 13:27:27.892000,2021-02-11 13:34:33.846000,5.0,false,variability_limited,cold,snowbank,../data/prolific_output/run5_scalar_heat-group_scalar_heat/qu70-s_qu3-batch1.csv
qu70-s_qu3-batch1.csv-2,2,NOT AVAILABLE,NOT AVAILABLE,fa8a70d3-4a4f-439a-b049-c5af1ef4d008,PROLIFIC,11-Feb-2021 15:16:46,1174,46547,1441d941-f53f-4203-a68a-a2e39ab495a8,I know that (a/an) snowbank is cold as most or all other things similar to (a/an) snowbank are cold. ,I know that (a/an) merlot is alcoholic as most or all other things similar to (a/an) merlot are alcoholic. ,I know that (a/an) lemonade is alcoholic as most or all other things similar to (a/an) lemonade are alcoholic. ,5_scalar_heat-set_extension_full_range,https://app.prolific.co/submissions/complete?cc=135DD3C8,Agree or disagree (run5_scalar_heat-set_extension_full_range-experiment_scalar-batch1-70-70),410554,7c7a9def-fd3c-43bd-ab12-f22725502380,2021-02-11 15:16:46,347.665,2021-02-11 14:11:18.938000,2021-02-11 14:17:06.603000,3.0,true,implied_category,cold,snowbank,../data/prolific_output/run5_scalar_heat-group_scalar_heat/qu70-s_qu3-batch1.csv
qu70-s_qu3-batch1.csv-2,2,NOT AVAILABLE,NOT AVAILABLE,67616648-48b2-4c7c-847c-3cfe6d860951,PROLIFIC,11-Feb-2021 13:57:46,1174,46547,1441d941-f53f-4203-a68a-a2e39ab495a8,I know that (a/an) snowbank is cold as most or all other things similar to (a/an) snowbank are cold. ,I know that (a/an) merlot is alcoholic as most or all other things similar to (a/an) merlot are alcoholic. ,I know that (a/an) lemonade is alcoholic as most or all other things similar to (a/an) lemonade are alcoholic. ,5_scalar_heat-set_extension_full_range,https://app.prolific.co/submissions/complete?cc=135DD3C8,Agree or disagree (run5_scalar_heat-set_extension_full_range-experiment_scalar-batch1-70-70),409040,e2aa045c-036d-492a-9831-dac52b3127b2,2021-02-11 13:57:46,949.262,2021-02-11 12:44:12.147000,2021-02-11 13:00:01.409000,7.0,true,implied_category,cold,snowbank,../data/prolific_output/run5_scalar_heat-group_scalar_heat/qu70-s_qu3-batch1.csv
qu70-s_qu3-batch1.csv-2,2,NOT AVAILABLE,NOT AVAILABLE,c5acc5c7-6592-4c17-a004-f364dd26d555,PROLIFIC,11-Feb-2021 14:27:44,1174,46547,1441d941-f53f-4203-a68a-a2e39ab495a8,I know that (a/an) snowbank is cold as most or all other things similar to (a/an) snowbank are cold. ,I know that (a/an) merlot is alcoholic as most or all other things similar to (a/an) merlot are alcoholic. ,I know that (a/an) lemonade is alcoholic as most or all other things similar to (a/an) lemonade are alcoholic. ,5_scalar_heat-set_extension_full_range,https://app.prolific.co/submissions/complete?cc=135DD3C8,Agree or disagree (run5_scalar_heat-set_extension_full_range-experiment_scalar-batch1-70-70),409874,44321626-a273-4852-b19b-d03706edf798,2021-02-11 14:27:44,865.556,2021-02-11 13:20:47.199000,2021-02-11 13:35:12.755000,2.0,true,implied_category,cold,snowbank,../data/prolific_output/run5_scalar_heat-group_scalar_heat/qu70-s_qu3-batch1.csv
qu70-s_qu3-batch1.csv-2,2,NOT AVAILABLE,NOT AVAILABLE,4143fee4-d4f0-4e3d-901d-91dbd47391f1,PROLIFIC,11-Feb-2021 14:03:20,1174,46547,1441d941-f53f-4203-a68a-a2e39ab495a8,I know that (a/an) snowbank is cold as most or all other things similar to (a/an) snowbank are cold. ,I know that (a/an) merlot is alcoholic as most or all other things similar to (a/an) merlot are alcoholic. ,I know that (a/an) lemonade is alcoholic as most or all other things similar to (a/an) lemonade are alcoholic. ,5_scalar_heat-set_extension_full_range,https://app.prolific.co/submissions/complete?cc=135DD3C8,Agree or disagree (run5_scalar_heat-set_extension_full_range-experiment_scalar-batch1-70-70),409191,9310a48e-0fb4-4602-a59f-7de439fb319d,2021-02-11 14:03:20,522.216,2021-02-11 13:01:04.933000,2021-02-11 13:09:47.149000,2.0,true,implied_category,cold,snowbank,../data/prolific_output/run5_scalar_heat-group_scalar_heat/qu70-s_qu3-batch1.csv
qu70-s_qu3-batch1.csv-2,2,NOT AVAILABLE,NOT AVAILABLE,393254ab-d116-4ce8-b686-bb7c17887d33,PROLIFIC,11-Feb-2021 14:15:44,1174,46547,1441d941-f53f-4203-a68a-a2e39ab495a8,I know that (a/an) snowbank is cold as most or all other things similar to (a/an) snowbank are cold. ,I know that (a/an) merlot is alcoholic as most or all other things similar to (a/an) merlot are alcoholic. ,I know that (a/an) lemonade is alcoholic as most or all other things similar to (a/an) lemonade are alcoholic. ,5_scalar_heat-set_extension_full_range,https://app.prolific.co/submissions/complete?cc=135DD3C8,Agree or disagree (run5_scalar_heat-set_extension_full_range-experiment_scalar-batch1-70-70),409577,d283ed19-5f3e-45a1-b76d-1833b9e229d5,2021-02-11 14:15:44,818.111,2021-02-11 13:05:51.212000,2021-02-11 13:19:29.323000,7.0,true,implied_category,cold,snowbank,../data/prolific_output/run5_scalar_heat-group_scalar_heat/qu70-s_qu3-batch1.csv
qu70-s_qu3-batch1.csv-2,2,NOT AVAILABLE,NOT AVAILABLE,93323109-435d-4f37-a41b-e4a720b53a81,PROLIFIC,11-Feb-2021 13:51:31,1174,46547,1441d941-f53f-4203-a68a-a2e39ab495a8,I know that (a/an) snowbank is cold as most or all other things similar to (a/an) snowbank are cold. ,I know that (a/an) merlot is alcoholic as most or all other things similar to (a/an) merlot are alcoholic. ,I know that (a/an) lemonade is alcoholic as most or all other things similar to (a/an) lemonade are alcoholic. ,5_scalar_heat-set_extension_full_range,https://app.prolific.co/submissions/complete?cc=135DD3C8,Agree or disagree (run5_scalar_heat-set_extension_full_range-experiment_scalar-batch1-70-70),408791,708654ae-319f-4198-bf73-bb8b325301d6,2021-02-11 13:51:31,401.872,2021-02-11 12:49:55.451000,2021-02-11 12:56:37.323000,4.0,true,implied_category,cold,snowbank,../data/prolific_output/run5_scalar_heat-group_scalar_heat/qu70-s_qu3-batch1.csv
qu70-s_qu3-batch1.csv-2,2,NOT AVAILABLE,NOT AVAILABLE,5dc4ef01-5966-49da-b93c-8694d8e953c4,PROLIFIC,11-Feb-2021 13:44:51,1174,46547,1441d941-f53f-4203-a68a-a2e39ab495a8,I know that (a/an) snowbank is cold as most or all other things similar to (a/an) snowbank are cold. ,I know that (a/an) merlot is alcoholic as most or all other things similar to (a/an) merlot are alcoholic. ,I know that (a/an) lemonade is alcoholic as most or all other things similar to (a/an) lemonade are alcoholic. ,5_scalar_heat-set_extension_full_range,https://app.prolific.co/submissions/complete?cc=135DD3C8,Agree or disagree (run5_scalar_heat-set_extension_full_range-experiment_scalar-batch1-70-70),408685,2d13f1ed-1042-4ceb-8746-00d64a33d157,2021-02-11 13:44:51,443.921,2021-02-11 12:38:29.969000,2021-02-11 12:45:53.890000,2.0,true,implied_category,cold,snowbank,../data/prolific_output/run5_scalar_heat-group_scalar_heat/qu70-s_qu3-batch1.csv
qu70-s_qu3-batch1.csv-2,2,NOT AVAILABLE,NOT AVAILABLE,6591e696-4740-4846-875f-72b909d5e0c8,PROLIFIC,11-Feb-2021 14:17:52,1174,46547,1441d941-f53f-4203-a68a-a2e39ab495a8,I know that (a/an) snowbank is cold as most or all other things similar to (a/an) snowbank are cold. ,I know that (a/an) merlot is alcoholic as most or all other things similar to (a/an) merlot are alcoholic. ,I know that (a/an) lemonade is alcoholic as most or all other things similar to (a/an) lemonade are alcoholic. ,5_scalar_heat-set_extension_full_range,https://app.prolific.co/submissions/complete?cc=135DD3C8,Agree or disagree (run5_scalar_heat-set_extension_full_range-experiment_scalar-batch1-70-70),409674,234ba9b5-3200-4766-a03f-aea7b6f3fcda,2021-02-11 14:17:52,562.557,2021-02-11 13:10:48.417000,2021-02-11 13:20:10.974000,2.0,true,implied_category,cold,snowbank,../data/prolific_output/run5_scalar_heat-group_scalar_heat/qu70-s_qu3-batch1.csv
qu70-s_qu3-batch1.csv-2,2,NOT AVAILABLE,NOT AVAILABLE,c2fac0e6-01c1-4b66-8685-a3cbaffce5ba,PROLIFIC,11-Feb-2021 14:30:21,1174,46547,1441d941-f53f-4203-a68a-a2e39ab495a8,I know that (a/an) snowbank is cold as most or all other things similar to (a/an) snowbank are cold. ,I know that (a/an) merlot is alcoholic as most or all other things similar to (a/an) merlot are alcoholic. ,I know that (a/an) lemonade is alcoholic as most or all other things similar to (a/an) lemonade are alcoholic. ,5_scalar_heat-set_extension_full_range,https://app.prolific.co/submissions/complete?cc=135DD3C8,Agree or disagree (run5_scalar_heat-set_extension_full_range-experiment_scalar-batch1-70-70),409929,29faf07a-f91b-474d-beb4-0a307e1f20fb,2021-02-11 14:30:21,425.954,2021-02-11 13:27:27.892000,2021-02-11 13:34:33.846000,8.0,true,implied_category,cold,snowbank,../data/prolific_output/run5_scalar_heat-group_scalar_heat/qu70-s_qu3-batch1.csv
qu70-s_qu3-batch1.csv-2,2,NOT AVAILABLE,NOT AVAILABLE,fa8a70d3-4a4f-439a-b049-c5af1ef4d008,PROLIFIC,11-Feb-2021 15:15:02,1174,46548,f95daf47-e188-4802-b792-0581b491ccf1,``Snowbank'' is one of the first things which come to mind when I hear ``cold' because (a/an) snowbank is a typical example of things which are cold'. ,``Rainbow'' is one of the first things which come to mind when I hear ``colorful' because (a/an) rainbow is a typical example of things which are colorful'. ,``Dress'' is one of the first things which come to mind when I hear ``white' because (a/an) dress is a typical example of things which are white'. ,5_scalar_heat-set_extension_full_range,https://app.prolific.co/submissions/complete?cc=135DD3C8,Agree or disagree (run5_scalar_heat-set_extension_full_range-experiment_scalar-batch1-70-70),410524,fddfb94e-a44e-4ea6-b85a-319078f8333f,2021-02-11 15:15:02,347.665,2021-02-11 14:11:18.938000,2021-02-11 14:17:06.603000,3.0,true,typical_of_property,cold,snowbank,../data/prolific_output/run5_scalar_heat-group_scalar_heat/qu70-s_qu3-batch1.csv
qu70-s_qu3-batch1.csv-2,2,NOT AVAILABLE,NOT AVAILABLE,67616648-48b2-4c7c-847c-3cfe6d860951,PROLIFIC,11-Feb-2021 13:56:54,1174,46548,f95daf47-e188-4802-b792-0581b491ccf1,``Snowbank'' is one of the first things which come to mind when I hear ``cold' because (a/an) snowbank is a typical example of things which are cold'. ,``Rainbow'' is one of the first things which come to mind when I hear ``colorful' because (a/an) rainbow is a typical example of things which are colorful'. ,``Dress'' is one of the first things which come to mind when I hear ``white' because (a/an) dress is a typical example of things which are white'. ,5_scalar_heat-set_extension_full_range,https://app.prolific.co/submissions/complete?cc=135DD3C8,Agree or disagree (run5_scalar_heat-set_extension_full_range-experiment_scalar-batch1-70-70),409000,1780f941-b63d-45e4-bf85-67320acf90b8,2021-02-11 13:56:54,949.262,2021-02-11 12:44:12.147000,2021-02-11 13:00:01.409000,5.0,true,typical_of_property,cold,snowbank,../data/prolific_output/run5_scalar_heat-group_scalar_heat/qu70-s_qu3-batch1.csv
qu70-s_qu3-batch1.csv-2,2,NOT AVAILABLE,NOT AVAILABLE,c5acc5c7-6592-4c17-a004-f364dd26d555,PROLIFIC,11-Feb-2021 14:26:34,1174,46548,f95daf47-e188-4802-b792-0581b491ccf1,``Snowbank'' is one of the first things which come to mind when I hear ``cold' because (a/an) snowbank is a typical example of things which are cold'. ,``Rainbow'' is one of the first things which come to mind when I hear ``colorful' because (a/an) rainbow is a typical example of things which are colorful'. ,``Dress'' is one of the first things which come to mind when I hear ``white' because (a/an) dress is a typical example of things which are white'. ,5_scalar_heat-set_extension_full_range,https://app.prolific.co/submissions/complete?cc=135DD3C8,Agree or disagree (run5_scalar_heat-set_extension_full_range-experiment_scalar-batch1-70-70),409864,c3f1cc90-f15e-4e3b-86f6-a1bc03c688ea,2021-02-11 14:26:34,865.556,2021-02-11 13:20:47.199000,2021-02-11 13:35:12.755000,8.0,false,typical_of_property,cold,snowbank,../data/prolific_output/run5_scalar_heat-group_scalar_heat/qu70-s_qu3-batch1.csv
qu70-s_qu3-batch1.csv-2,2,NOT AVAILABLE,NOT AVAILABLE,4143fee4-d4f0-4e3d-901d-91dbd47391f1,PROLIFIC,11-Feb-2021 14:05:49,1174,46548,f95daf47-e188-4802-b792-0581b491ccf1,``Snowbank'' is one of the first things which come to mind when I hear ``cold' because (a/an) snowbank is a typical example of things which are cold'. ,``Rainbow'' is one of the first things which come to mind when I hear ``colorful' because (a/an) rainbow is a typical example of things which are colorful'. ,``Dress'' is one of the first things which come to mind when I hear ``white' because (a/an) dress is a typical example of things which are white'. ,5_scalar_heat-set_extension_full_range,https://app.prolific.co/submissions/complete?cc=135DD3C8,Agree or disagree (run5_scalar_heat-set_extension_full_range-experiment_scalar-batch1-70-70),409217,0e65f15a-7a8c-4f56-a0ac-d41fcaadbc22,2021-02-11 14:05:49,522.216,2021-02-11 13:01:04.933000,2021-02-11 13:09:47.149000,3.0,true,typical_of_property,cold,snowbank,../data/prolific_output/run5_scalar_heat-group_scalar_heat/qu70-s_qu3-batch1.csv
qu70-s_qu3-batch1.csv-2,2,NOT AVAILABLE,NOT AVAILABLE,393254ab-d116-4ce8-b686-bb7c17887d33,PROLIFIC,11-Feb-2021 14:18:09,1174,46548,f95daf47-e188-4802-b792-0581b491ccf1,``Snowbank'' is one of the first things which come to mind when I hear ``cold' because (a/an) snowbank is a typical example of things which are cold'. ,``Rainbow'' is one of the first things which come to mind when I hear ``colorful' because (a/an) rainbow is a typical example of things which are colorful'. ,``Dress'' is one of the first things which come to mind when I hear ``white' because (a/an) dress is a typical example of things which are white'. ,5_scalar_heat-set_extension_full_range,https://app.prolific.co/submissions/complete?cc=135DD3C8,Agree or disagree (run5_scalar_heat-set_extension_full_range-experiment_scalar-batch1-70-70),409692,a1f42ca4-aa9f-447a-99a9-379b120d766a,2021-02-11 14:18:09,818.111,2021-02-11 13:05:51.212000,2021-02-11 13:19:29.323000,5.0,true,typical_of_property,cold,snowbank,../data/prolific_output/run5_scalar_heat-group_scalar_heat/qu70-s_qu3-batch1.csv
qu70-s_qu3-batch1.csv-2,2,NOT AVAILABLE,NOT AVAILABLE,93323109-435d-4f37-a41b-e4a720b53a81,PROLIFIC,11-Feb-2021 13:54:11,1174,46548,f95daf47-e188-4802-b792-0581b491ccf1,``Snowbank'' is one of the first things which come to mind when I hear ``cold' because (a/an) snowbank is a typical example of things which are cold'. ,``Rainbow'' is one of the first things which come to mind when I hear ``colorful' because (a/an) rainbow is a typical example of things which are colorful'. ,``Dress'' is one of the first things which come to mind when I hear ``white' because (a/an) dress is a typical example of things which are white'. ,5_scalar_heat-set_extension_full_range,https://app.prolific.co/submissions/complete?cc=135DD3C8,Agree or disagree (run5_scalar_heat-set_extension_full_range-experiment_scalar-batch1-70-70),408894,f79e3c77-aa69-42a0-9530-7950eaf2312b,2021-02-11 13:54:11,401.872,2021-02-11 12:49:55.451000,2021-02-11 12:56:37.323000,7.0,true,typical_of_property,cold,snowbank,../data/prolific_output/run5_scalar_heat-group_scalar_heat/qu70-s_qu3-batch1.csv
qu70-s_qu3-batch1.csv-2,2,NOT AVAILABLE,NOT AVAILABLE,5dc4ef01-5966-49da-b93c-8694d8e953c4,PROLIFIC,11-Feb-2021 13:42:21,1174,46548,f95daf47-e188-4802-b792-0581b491ccf1,``Snowbank'' is one of the first things which come to mind when I hear ``cold' because (a/an) snowbank is a typical example of things which are cold'. ,``Rainbow'' is one of the first things which come to mind when I hear ``colorful' because (a/an) rainbow is a typical example of things which are colorful'. ,``Dress'' is one of the first things which come to mind when I hear ``white' because (a/an) dress is a typical example of things which are white'. ,5_scalar_heat-set_extension_full_range,https://app.prolific.co/submissions/complete?cc=135DD3C8,Agree or disagree (run5_scalar_heat-set_extension_full_range-experiment_scalar-batch1-70-70),408634,dae5730f-e98b-4685-9244-027cd422eb81,2021-02-11 13:42:21,443.921,2021-02-11 12:38:29.969000,2021-02-11 12:45:53.890000,4.0,true,typical_of_property,cold,snowbank,../data/prolific_output/run5_scalar_heat-group_scalar_heat/qu70-s_qu3-batch1.csv
qu70-s_qu3-batch1.csv-2,2,NOT AVAILABLE,NOT AVAILABLE,6591e696-4740-4846-875f-72b909d5e0c8,PROLIFIC,11-Feb-2021 14:18:58,1174,46548,f95daf47-e188-4802-b792-0581b491ccf1,``Snowbank'' is one of the first things which come to mind when I hear ``cold' because (a/an) snowbank is a typical example of things which are cold'. ,``Rainbow'' is one of the first things which come to mind when I hear ``colorful' because (a/an) rainbow is a typical example of things which are colorful'. ,``Dress'' is one of the first things which come to mind when I hear ``white' because (a/an) dress is a typical example of things which are white'. ,5_scalar_heat-set_extension_full_range,https://app.prolific.co/submissions/complete?cc=135DD3C8,Agree or disagree (run5_scalar_heat-set_extension_full_range-experiment_scalar-batch1-70-70),409736,5e983d49-dac2-4f58-a6b2-100d40036b52,2021-02-11 14:18:58,562.557,2021-02-11 13:10:48.417000,2021-02-11 13:20:10.974000,11.0,true,typical_of_property,cold,snowbank,../data/prolific_output/run5_scalar_heat-group_scalar_heat/qu70-s_qu3-batch1.csv
qu70-s_qu3-batch1.csv-2,2,NOT AVAILABLE,NOT AVAILABLE,c2fac0e6-01c1-4b66-8685-a3cbaffce5ba,PROLIFIC,11-Feb-2021 14:34:07,1174,46548,f95daf47-e188-4802-b792-0581b491ccf1,``Snowbank'' is one of the first things which come to mind when I hear ``cold' because (a/an) snowbank is a typical example of things which are cold'. ,``Rainbow'' is one of the first things which come to mind when I hear ``colorful' because (a/an) rainbow is a typical example of things which are colorful'. ,``Dress'' is one of the first things which come to mind when I hear ``white' because (a/an) dress is a typical example of things which are white'. ,5_scalar_heat-set_extension_full_range,https://app.prolific.co/submissions/complete?cc=135DD3C8,Agree or disagree (run5_scalar_heat-set_extension_full_range-experiment_scalar-batch1-70-70),410035,436bc141-ea74-4115-b964-db2d7a101fd3,2021-02-11 14:34:07,425.954,2021-02-11 13:27:27.892000,2021-02-11 13:34:33.846000,3.0,true,typical_of_property,cold,snowbank,../data/prolific_output/run5_scalar_heat-group_scalar_heat/qu70-s_qu3-batch1.csv
qu70-s_qu3-batch1.csv-2,2,NOT AVAILABLE,NOT AVAILABLE,fa8a70d3-4a4f-439a-b049-c5af1ef4d008,PROLIFIC,11-Feb-2021 15:13:09,1174,46549,e08ce22c-b53c-4a61-a26b-0c6f7d46bb78,I know that being cold is necessary for many things (a/an) snowbank does or is used for. ,I know that being pointy is necessary for many things (a/an) needle does or is used for. ,I know that being white is necessary for many things (a/an) t-shirt does or is used for. ,5_scalar_heat-set_extension_full_range,https://app.prolific.co/submissions/complete?cc=135DD3C8,Agree or disagree (run5_scalar_heat-set_extension_full_range-experiment_scalar-batch1-70-70),410497,9f059a19-ac79-417b-a018-61d11a30ec2a,2021-02-11 15:13:09,347.665,2021-02-11 14:11:18.938000,2021-02-11 14:17:06.603000,3.0,true,affording_activity,cold,snowbank,../data/prolific_output/run5_scalar_heat-group_scalar_heat/qu70-s_qu3-batch1.csv
qu70-s_qu3-batch1.csv-2,2,NOT AVAILABLE,NOT AVAILABLE,67616648-48b2-4c7c-847c-3cfe6d860951,PROLIFIC,11-Feb-2021 13:57:03,1174,46549,e08ce22c-b53c-4a61-a26b-0c6f7d46bb78,I know that being cold is necessary for many things (a/an) snowbank does or is used for. ,I know that being pointy is necessary for many things (a/an) needle does or is used for. ,I know that being white is necessary for many things (a/an) t-shirt does or is used for. ,5_scalar_heat-set_extension_full_range,https://app.prolific.co/submissions/complete?cc=135DD3C8,Agree or disagree (run5_scalar_heat-set_extension_full_range-experiment_scalar-batch1-70-70),409006,a90ab8cd-3614-41f6-9aae-6295e4a00879,2021-02-11 13:57:03,949.262,2021-02-11 12:44:12.147000,2021-02-11 13:00:01.409000,9.0,true,affording_activity,cold,snowbank,../data/prolific_output/run5_scalar_heat-group_scalar_heat/qu70-s_qu3-batch1.csv
qu70-s_qu3-batch1.csv-2,2,NOT AVAILABLE,NOT AVAILABLE,c5acc5c7-6592-4c17-a004-f364dd26d555,PROLIFIC,11-Feb-2021 14:31:58,1174,46549,e08ce22c-b53c-4a61-a26b-0c6f7d46bb78,I know that being cold is necessary for many things (a/an) snowbank does or is used for. ,I know that being pointy is necessary for many things (a/an) needle does or is used for. ,I know that being white is necessary for many things (a/an) t-shirt does or is used for. ,5_scalar_heat-set_extension_full_range,https://app.prolific.co/submissions/complete?cc=135DD3C8,Agree or disagree (run5_scalar_heat-set_extension_full_range-experiment_scalar-batch1-70-70),409963,d7293750-7e22-4fcd-aca9-53f6b6406184,2021-02-11 14:31:58,865.556,2021-02-11 13:20:47.199000,2021-02-11 13:35:12.755000,16.0,true,affording_activity,cold,snowbank,../data/prolific_output/run5_scalar_heat-group_scalar_heat/qu70-s_qu3-batch1.csv
qu70-s_qu3-batch1.csv-2,2,NOT AVAILABLE,NOT AVAILABLE,4143fee4-d4f0-4e3d-901d-91dbd47391f1,PROLIFIC,11-Feb-2021 14:09:30,1174,46549,e08ce22c-b53c-4a61-a26b-0c6f7d46bb78,I know that being cold is necessary for many things (a/an) snowbank does or is used for. ,I know that being pointy is necessary for many things (a/an) needle does or is used for. ,I know that being white is necessary for many things (a/an) t-shirt does or is used for. ,5_scalar_heat-set_extension_full_range,https://app.prolific.co/submissions/complete?cc=135DD3C8,Agree or disagree (run5_scalar_heat-set_extension_full_range-experiment_scalar-batch1-70-70),409335,ddf35362-42a6-495f-b6e5-84d7b0ca6bdd,2021-02-11 14:09:30,522.216,2021-02-11 13:01:04.933000,2021-02-11 13:09:47.149000,5.0,true,affording_activity,cold,snowbank,../data/prolific_output/run5_scalar_heat-group_scalar_heat/qu70-s_qu3-batch1.csv
qu70-s_qu3-batch1.csv-2,2,NOT AVAILABLE,NOT AVAILABLE,393254ab-d116-4ce8-b686-bb7c17887d33,PROLIFIC,11-Feb-2021 14:17:00,1174,46549,e08ce22c-b53c-4a61-a26b-0c6f7d46bb78,I know that being cold is necessary for many things (a/an) snowbank does or is used for. ,I know that being pointy is necessary for many things (a/an) needle does or is used for. ,I know that being white is necessary for many things (a/an) t-shirt does or is used for. ,5_scalar_heat-set_extension_full_range,https://app.prolific.co/submissions/complete?cc=135DD3C8,Agree or disagree (run5_scalar_heat-set_extension_full_range-experiment_scalar-batch1-70-70),409637,68206cbe-8c5c-4bd8-ac1f-a45c02beb7e2,2021-02-11 14:17:00,818.111,2021-02-11 13:05:51.212000,2021-02-11 13:19:29.323000,15.0,true,affording_activity,cold,snowbank,../data/prolific_output/run5_scalar_heat-group_scalar_heat/qu70-s_qu3-batch1.csv
qu70-s_qu3-batch1.csv-2,2,NOT AVAILABLE,NOT AVAILABLE,93323109-435d-4f37-a41b-e4a720b53a81,PROLIFIC,11-Feb-2021 13:54:18,1174,46549,e08ce22c-b53c-4a61-a26b-0c6f7d46bb78,I know that being cold is necessary for many things (a/an) snowbank does or is used for. ,I know that being pointy is necessary for many things (a/an) needle does or is used for. ,I know that being white is necessary for many things (a/an) t-shirt does or is used for. ,5_scalar_heat-set_extension_full_range,https://app.prolific.co/submissions/complete?cc=135DD3C8,Agree or disagree (run5_scalar_heat-set_extension_full_range-experiment_scalar-batch1-70-70),408899,e34efc84-7c9d-4831-a711-b1d7af225c98,2021-02-11 13:54:18,401.872,2021-02-11 12:49:55.451000,2021-02-11 12:56:37.323000,3.0,true,affording_activity,cold,snowbank,../data/prolific_output/run5_scalar_heat-group_scalar_heat/qu70-s_qu3-batch1.csv
qu70-s_qu3-batch1.csv-2,2,NOT AVAILABLE,NOT AVAILABLE,5dc4ef01-5966-49da-b93c-8694d8e953c4,PROLIFIC,11-Feb-2021 13:42:05,1174,46549,e08ce22c-b53c-4a61-a26b-0c6f7d46bb78,I know that being cold is necessary for many things (a/an) snowbank does or is used for. ,I know that being pointy is necessary for many things (a/an) needle does or is used for. ,I know that being white is necessary for many things (a/an) t-shirt does or is used for. ,5_scalar_heat-set_extension_full_range,https://app.prolific.co/submissions/complete?cc=135DD3C8,Agree or disagree (run5_scalar_heat-set_extension_full_range-experiment_scalar-batch1-70-70),408630,2cee401c-9cda-4d26-bcaa-361f01719cb0,2021-02-11 13:42:05,443.921,2021-02-11 12:38:29.969000,2021-02-11 12:45:53.890000,4.0,true,affording_activity,cold,snowbank,../data/prolific_output/run5_scalar_heat-group_scalar_heat/qu70-s_qu3-batch1.csv
qu70-s_qu3-batch1.csv-2,2,NOT AVAILABLE,NOT AVAILABLE,6591e696-4740-4846-875f-72b909d5e0c8,PROLIFIC,11-Feb-2021 14:19:42,1174,46549,e08ce22c-b53c-4a61-a26b-0c6f7d46bb78,I know that being cold is necessary for many things (a/an) snowbank does or is used for. ,I know that being pointy is necessary for many things (a/an) needle does or is used for. ,I know that being white is necessary for many things (a/an) t-shirt does or is used for. ,5_scalar_heat-set_extension_full_range,https://app.prolific.co/submissions/complete?cc=135DD3C8,Agree or disagree (run5_scalar_heat-set_extension_full_range-experiment_scalar-batch1-70-70),409760,ecdec91d-c726-46f2-9802-c015e9af34a3,2021-02-11 14:19:42,562.557,2021-02-11 13:10:48.417000,2021-02-11 13:20:10.974000,5.0,true,affording_activity,cold,snowbank,../data/prolific_output/run5_scalar_heat-group_scalar_heat/qu70-s_qu3-batch1.csv
qu70-s_qu3-batch1.csv-2,2,NOT AVAILABLE,NOT AVAILABLE,c2fac0e6-01c1-4b66-8685-a3cbaffce5ba,PROLIFIC,11-Feb-2021 14:32:14,1174,46549,e08ce22c-b53c-4a61-a26b-0c6f7d46bb78,I know that being cold is necessary for many things (a/an) snowbank does or is used for. ,I know that being pointy is necessary for many things (a/an) needle does or is used for. ,I know that being white is necessary for many things (a/an) t-shirt does or is used for. ,5_scalar_heat-set_extension_full_range,https://app.prolific.co/submissions/complete?cc=135DD3C8,Agree or disagree (run5_scalar_heat-set_extension_full_range-experiment_scalar-batch1-70-70),409977,85f3172a-e057-41a6-a1fb-db188731a10b,2021-02-11 14:32:14,425.954,2021-02-11 13:27:27.892000,2021-02-11 13:34:33.846000,2.0,true,affording_activity,cold,snowbank,../data/prolific_output/run5_scalar_heat-group_scalar_heat/qu70-s_qu3-batch1.csv
qu70-s_qu3-batch1.csv-2,2,NOT AVAILABLE,NOT AVAILABLE,fa8a70d3-4a4f-439a-b049-c5af1ef4d008,PROLIFIC,11-Feb-2021 15:15:35,1174,46550,aeef374d-387d-4115-ab8d-fa784a4c95ae,"You can find (a/an) snowbank which is cold. (A/an) snowbank is usually either cold, a bit more or less cold or the opposite of cold.","You can find (a/an) soup which is salty. (A/an) soup is usually either salty, a bit more or less salty or the opposite of salty.","You can find (a/an) strawberry which is salty. (A/an) strawberry is usually either salty, a bit more or less salty or the opposite of salty.",5_scalar_heat-set_extension_full_range,https://app.prolific.co/submissions/complete?cc=135DD3C8,Agree or disagree (run5_scalar_heat-set_extension_full_range-experiment_scalar-batch1-70-70),410533,90b2c156-6676-4288-b00b-87b341ae15c1,2021-02-11 15:15:35,347.665,2021-02-11 14:11:18.938000,2021-02-11 14:17:06.603000,3.0,false,variability_open,cold,snowbank,../data/prolific_output/run5_scalar_heat-group_scalar_heat/qu70-s_qu3-batch1.csv
qu70-s_qu3-batch1.csv-2,2,NOT AVAILABLE,NOT AVAILABLE,67616648-48b2-4c7c-847c-3cfe6d860951,PROLIFIC,11-Feb-2021 13:46:40,1174,46550,aeef374d-387d-4115-ab8d-fa784a4c95ae,"You can find (a/an) snowbank which is cold. (A/an) snowbank is usually either cold, a bit more or less cold or the opposite of cold.","You can find (a/an) soup which is salty. (A/an) soup is usually either salty, a bit more or less salty or the opposite of salty.","You can find (a/an) strawberry which is salty. (A/an) strawberry is usually either salty, a bit more or less salty or the opposite of salty.",5_scalar_heat-set_extension_full_range,https://app.prolific.co/submissions/complete?cc=135DD3C8,Agree or disagree (run5_scalar_heat-set_extension_full_range-experiment_scalar-batch1-70-70),408717,3e8167a9-6e7d-4e93-8204-4f2a8ca8568c,2021-02-11 13:46:40,949.262,2021-02-11 12:44:12.147000,2021-02-11 13:00:01.409000,147.853,false,variability_open,cold,snowbank,../data/prolific_output/run5_scalar_heat-group_scalar_heat/qu70-s_qu3-batch1.csv
qu70-s_qu3-batch1.csv-2,2,NOT AVAILABLE,NOT AVAILABLE,c5acc5c7-6592-4c17-a004-f364dd26d555,PROLIFIC,11-Feb-2021 14:33:21,1174,46550,aeef374d-387d-4115-ab8d-fa784a4c95ae,"You can find (a/an) snowbank which is cold. (A/an) snowbank is usually either cold, a bit more or less cold or the opposite of cold.","You can find (a/an) soup which is salty. (A/an) soup is usually either salty, a bit more or less salty or the opposite of salty.","You can find (a/an) strawberry which is salty. (A/an) strawberry is usually either salty, a bit more or less salty or the opposite of salty.",5_scalar_heat-set_extension_full_range,https://app.prolific.co/submissions/complete?cc=135DD3C8,Agree or disagree (run5_scalar_heat-set_extension_full_range-experiment_scalar-batch1-70-70),410009,84d8b2a2-87f4-457c-8f79-9df774a198f2,2021-02-11 14:33:21,865.556,2021-02-11 13:20:47.199000,2021-02-11 13:35:12.755000,3.0,false,variability_open,cold,snowbank,../data/prolific_output/run5_scalar_heat-group_scalar_heat/qu70-s_qu3-batch1.csv
qu70-s_qu3-batch1.csv-2,2,NOT AVAILABLE,NOT AVAILABLE,4143fee4-d4f0-4e3d-901d-91dbd47391f1,PROLIFIC,11-Feb-2021 14:02:01,1174,46550,aeef374d-387d-4115-ab8d-fa784a4c95ae,"You can find (a/an) snowbank which is cold. (A/an) snowbank is usually either cold, a bit more or less cold or the opposite of cold.","You can find (a/an) soup which is salty. (A/an) soup is usually either salty, a bit more or less salty or the opposite of salty.","You can find (a/an) strawberry which is salty. (A/an) strawberry is usually either salty, a bit more or less salty or the opposite of salty.",5_scalar_heat-set_extension_full_range,https://app.prolific.co/submissions/complete?cc=135DD3C8,Agree or disagree (run5_scalar_heat-set_extension_full_range-experiment_scalar-batch1-70-70),409173,a46a9d44-607e-4775-8fbf-dd1fad7a93c2,2021-02-11 14:02:01,522.216,2021-02-11 13:01:04.933000,2021-02-11 13:09:47.149000,15.0,false,variability_open,cold,snowbank,../data/prolific_output/run5_scalar_heat-group_scalar_heat/qu70-s_qu3-batch1.csv
qu70-s_qu3-batch1.csv-2,2,NOT AVAILABLE,NOT AVAILABLE,393254ab-d116-4ce8-b686-bb7c17887d33,PROLIFIC,11-Feb-2021 14:11:48,1174,46550,aeef374d-387d-4115-ab8d-fa784a4c95ae,"You can find (a/an) snowbank which is cold. (A/an) snowbank is usually either cold, a bit more or less cold or the opposite of cold.","You can find (a/an) soup which is salty. (A/an) soup is usually either salty, a bit more or less salty or the opposite of salty.","You can find (a/an) strawberry which is salty. (A/an) strawberry is usually either salty, a bit more or less salty or the opposite of salty.",5_scalar_heat-set_extension_full_range,https://app.prolific.co/submissions/complete?cc=135DD3C8,Agree or disagree (run5_scalar_heat-set_extension_full_range-experiment_scalar-batch1-70-70),409421,e16dd251-4d7e-4179-895b-490d3dd00de0,2021-02-11 14:11:48,818.111,2021-02-11 13:05:51.212000,2021-02-11 13:19:29.323000,9.0,false,variability_open,cold,snowbank,../data/prolific_output/run5_scalar_heat-group_scalar_heat/qu70-s_qu3-batch1.csv
qu70-s_qu3-batch1.csv-2,2,NOT AVAILABLE,NOT AVAILABLE,93323109-435d-4f37-a41b-e4a720b53a81,PROLIFIC,11-Feb-2021 13:54:57,1174,46550,aeef374d-387d-4115-ab8d-fa784a4c95ae,"You can find (a/an) snowbank which is cold. (A/an) snowbank is usually either cold, a bit more or less cold or the opposite of cold.","You can find (a/an) soup which is salty. (A/an) soup is usually either salty, a bit more or less salty or the opposite of salty.","You can find (a/an) strawberry which is salty. (A/an) strawberry is usually either salty, a bit more or less salty or the opposite of salty.",5_scalar_heat-set_extension_full_range,https://app.prolific.co/submissions/complete?cc=135DD3C8,Agree or disagree (run5_scalar_heat-set_extension_full_range-experiment_scalar-batch1-70-70),408926,c459c28c-e10d-42cd-9a98-deab7b8e28ab,2021-02-11 13:54:57,401.872,2021-02-11 12:49:55.451000,2021-02-11 12:56:37.323000,4.0,false,variability_open,cold,snowbank,../data/prolific_output/run5_scalar_heat-group_scalar_heat/qu70-s_qu3-batch1.csv
qu70-s_qu3-batch1.csv-2,2,NOT AVAILABLE,NOT AVAILABLE,5dc4ef01-5966-49da-b93c-8694d8e953c4,PROLIFIC,11-Feb-2021 13:43:41,1174,46550,aeef374d-387d-4115-ab8d-fa784a4c95ae,"You can find (a/an) snowbank which is cold. (A/an) snowbank is usually either cold, a bit more or less cold or the opposite of cold.","You can find (a/an) soup which is salty. (A/an) soup is usually either salty, a bit more or less salty or the opposite of salty.","You can find (a/an) strawberry which is salty. (A/an) strawberry is usually either salty, a bit more or less salty or the opposite of salty.",5_scalar_heat-set_extension_full_range,https://app.prolific.co/submissions/complete?cc=135DD3C8,Agree or disagree (run5_scalar_heat-set_extension_full_range-experiment_scalar-batch1-70-70),408654,9fbf0378-4452-482d-bded-5105251c703e,2021-02-11 13:43:41,443.921,2021-02-11 12:38:29.969000,2021-02-11 12:45:53.890000,6.0,false,variability_open,cold,snowbank,../data/prolific_output/run5_scalar_heat-group_scalar_heat/qu70-s_qu3-batch1.csv
qu70-s_qu3-batch1.csv-2,2,NOT AVAILABLE,NOT AVAILABLE,6591e696-4740-4846-875f-72b909d5e0c8,PROLIFIC,11-Feb-2021 14:19:14,1174,46550,aeef374d-387d-4115-ab8d-fa784a4c95ae,"You can find (a/an) snowbank which is cold. (A/an) snowbank is usually either cold, a bit more or less cold or the opposite of cold.","You can find (a/an) soup which is salty. (A/an) soup is usually either salty, a bit more or less salty or the opposite of salty.","You can find (a/an) strawberry which is salty. (A/an) strawberry is usually either salty, a bit more or less salty or the opposite of salty.",5_scalar_heat-set_extension_full_range,https://app.prolific.co/submissions/complete?cc=135DD3C8,Agree or disagree (run5_scalar_heat-set_extension_full_range-experiment_scalar-batch1-70-70),409747,dc0e8b7e-5ad8-4f54-b0ef-687d03839950,2021-02-11 14:19:14,562.557,2021-02-11 13:10:48.417000,2021-02-11 13:20:10.974000,2.0,false,variability_open,cold,snowbank,../data/prolific_output/run5_scalar_heat-group_scalar_heat/qu70-s_qu3-batch1.csv
qu70-s_qu3-batch1.csv-2,2,NOT AVAILABLE,NOT AVAILABLE,c2fac0e6-01c1-4b66-8685-a3cbaffce5ba,PROLIFIC,11-Feb-2021 14:33:10,1174,46550,aeef374d-387d-4115-ab8d-fa784a4c95ae,"You can find (a/an) snowbank which is cold. (A/an) snowbank is usually either cold, a bit more or less cold or the opposite of cold.","You can find (a/an) soup which is salty. (A/an) soup is usually either salty, a bit more or less salty or the opposite of salty.","You can find (a/an) strawberry which is salty. (A/an) strawberry is usually either salty, a bit more or less salty or the opposite of salty.",5_scalar_heat-set_extension_full_range,https://app.prolific.co/submissions/complete?cc=135DD3C8,Agree or disagree (run5_scalar_heat-set_extension_full_range-experiment_scalar-batch1-70-70),410003,1055c374-ad6d-40b5-a7c3-76010dcb9caf,2021-02-11 14:33:10,425.954,2021-02-11 13:27:27.892000,2021-02-11 13:34:33.846000,5.0,false,variability_open,cold,snowbank,../data/prolific_output/run5_scalar_heat-group_scalar_heat/qu70-s_qu3-batch1.csv
qu70-s_qu3-batch1.csv-2,2,NOT AVAILABLE,NOT AVAILABLE,fa8a70d3-4a4f-439a-b049-c5af1ef4d008,PROLIFIC,11-Feb-2021 15:17:01,1174,46551,5dd9b4ff-4101-4319-8890-1e626603b62f,"Usually, (a/an) skin is not cold, but there could be a highly unusual situation in which (a/an) skin is cold.","Usually, (a/an) clock is not melting, but there could be a highly unusual situation in which (a/an) clock is melting.","Usually, (a/an) ice cream is not melting, but there could be a highly unusual situation in which (a/an) ice cream is melting.",5_scalar_heat-set_extension_full_range,https://app.prolific.co/submissions/complete?cc=135DD3C8,Agree or disagree (run5_scalar_heat-set_extension_full_range-experiment_scalar-batch1-70-70),410558,81440b2f-6133-453b-a1ec-9dcdc3819a17,2021-02-11 15:17:01,347.665,2021-02-11 14:11:18.938000,2021-02-11 14:17:06.603000,8.603,false,unusual,cold,skin,../data/prolific_output/run5_scalar_heat-group_scalar_heat/qu70-s_qu3-batch1.csv
qu70-s_qu3-batch1.csv-2,2,NOT AVAILABLE,NOT AVAILABLE,67616648-48b2-4c7c-847c-3cfe6d860951,PROLIFIC,11-Feb-2021 13:58:28,1174,46551,5dd9b4ff-4101-4319-8890-1e626603b62f,"Usually, (a/an) skin is not cold, but there could be a highly unusual situation in which (a/an) skin is cold.","Usually, (a/an) clock is not melting, but there could be a highly unusual situation in which (a/an) clock is melting.","Usually, (a/an) ice cream is not melting, but there could be a highly unusual situation in which (a/an) ice cream is melting.",5_scalar_heat-set_extension_full_range,https://app.prolific.co/submissions/complete?cc=135DD3C8,Agree or disagree (run5_scalar_heat-set_extension_full_range-experiment_scalar-batch1-70-70),409068,d2787741-4c6d-4c5d-a292-9918bbd5d37e,2021-02-11 13:58:28,949.262,2021-02-11 12:44:12.147000,2021-02-11 13:00:01.409000,17.0,false,unusual,cold,skin,../data/prolific_output/run5_scalar_heat-group_scalar_heat/qu70-s_qu3-batch1.csv
qu70-s_qu3-batch1.csv-2,2,NOT AVAILABLE,NOT AVAILABLE,c5acc5c7-6592-4c17-a004-f364dd26d555,PROLIFIC,11-Feb-2021 14:25:11,1174,46551,5dd9b4ff-4101-4319-8890-1e626603b62f,"Usually, (a/an) skin is not cold, but there could be a highly unusual situation in which (a/an) skin is cold.","Usually, (a/an) clock is not melting, but there could be a highly unusual situation in which (a/an) clock is melting.","Usually, (a/an) ice cream is not melting, but there could be a highly unusual situation in which (a/an) ice cream is melting.",5_scalar_heat-set_extension_full_range,https://app.prolific.co/submissions/complete?cc=135DD3C8,Agree or disagree (run5_scalar_heat-set_extension_full_range-experiment_scalar-batch1-70-70),409851,2ab7be52-9e49-46ca-abb6-f0343df620ad,2021-02-11 14:25:11,865.556,2021-02-11 13:20:47.199000,2021-02-11 13:35:12.755000,3.0,true,unusual,cold,skin,../data/prolific_output/run5_scalar_heat-group_scalar_heat/qu70-s_qu3-batch1.csv
qu70-s_qu3-batch1.csv-2,2,NOT AVAILABLE,NOT AVAILABLE,4143fee4-d4f0-4e3d-901d-91dbd47391f1,PROLIFIC,11-Feb-2021 14:03:54,1174,46551,5dd9b4ff-4101-4319-8890-1e626603b62f,"Usually, (a/an) skin is not cold, but there could be a highly unusual situation in which (a/an) skin is cold.","Usually, (a/an) clock is not melting, but there could be a highly unusual situation in which (a/an) clock is melting.","Usually, (a/an) ice cream is not melting, but there could be a highly unusual situation in which (a/an) ice cream is melting.",5_scalar_heat-set_extension_full_range,https://app.prolific.co/submissions/complete?cc=135DD3C8,Agree or disagree (run5_scalar_heat-set_extension_full_range-experiment_scalar-batch1-70-70),409200,a5c01373-d596-465b-9692-47a0f9b02888,2021-02-11 14:03:54,522.216,2021-02-11 13:01:04.933000,2021-02-11 13:09:47.149000,6.0,false,unusual,cold,skin,../data/prolific_output/run5_scalar_heat-group_scalar_heat/qu70-s_qu3-batch1.csv
qu70-s_qu3-batch1.csv-2,2,NOT AVAILABLE,NOT AVAILABLE,393254ab-d116-4ce8-b686-bb7c17887d33,PROLIFIC,11-Feb-2021 14:14:03,1174,46551,5dd9b4ff-4101-4319-8890-1e626603b62f,"Usually, (a/an) skin is not cold, but there could be a highly unusual situation in which (a/an) skin is cold.","Usually, (a/an) clock is not melting, but there could be a highly unusual situation in which (a/an) clock is melting.","Usually, (a/an) ice cream is not melting, but there could be a highly unusual situation in which (a/an) ice cream is melting.",5_scalar_heat-set_extension_full_range,https://app.prolific.co/submissions/complete?cc=135DD3C8,Agree or disagree (run5_scalar_heat-set_extension_full_range-experiment_scalar-batch1-70-70),409493,e619b674-b213-462a-889a-42a48e86fd32,2021-02-11 14:14:03,818.111,2021-02-11 13:05:51.212000,2021-02-11 13:19:29.323000,4.0,true,unusual,cold,skin,../data/prolific_output/run5_scalar_heat-group_scalar_heat/qu70-s_qu3-batch1.csv
qu70-s_qu3-batch1.csv-2,2,NOT AVAILABLE,NOT AVAILABLE,93323109-435d-4f37-a41b-e4a720b53a81,PROLIFIC,11-Feb-2021 13:54:42,1174,46551,5dd9b4ff-4101-4319-8890-1e626603b62f,"Usually, (a/an) skin is not cold, but there could be a highly unusual situation in which (a/an) skin is cold.","Usually, (a/an) clock is not melting, but there could be a highly unusual situation in which (a/an) clock is melting.","Usually, (a/an) ice cream is not melting, but there could be a highly unusual situation in which (a/an) ice cream is melting.",5_scalar_heat-set_extension_full_range,https://app.prolific.co/submissions/complete?cc=135DD3C8,Agree or disagree (run5_scalar_heat-set_extension_full_range-experiment_scalar-batch1-70-70),408915,7f2f99e2-dd75-4d70-9e04-1cf1821b6d85,2021-02-11 13:54:42,401.872,2021-02-11 12:49:55.451000,2021-02-11 12:56:37.323000,4.0,false,unusual,cold,skin,../data/prolific_output/run5_scalar_heat-group_scalar_heat/qu70-s_qu3-batch1.csv
qu70-s_qu3-batch1.csv-2,2,NOT AVAILABLE,NOT AVAILABLE,5dc4ef01-5966-49da-b93c-8694d8e953c4,PROLIFIC,11-Feb-2021 13:43:03,1174,46551,5dd9b4ff-4101-4319-8890-1e626603b62f,"Usually, (a/an) skin is not cold, but there could be a highly unusual situation in which (a/an) skin is cold.","Usually, (a/an) clock is not melting, but there could be a highly unusual situation in which (a/an) clock is melting.","Usually, (a/an) ice cream is not melting, but there could be a highly unusual situation in which (a/an) ice cream is melting.",5_scalar_heat-set_extension_full_range,https://app.prolific.co/submissions/complete?cc=135DD3C8,Agree or disagree (run5_scalar_heat-set_extension_full_range-experiment_scalar-batch1-70-70),408646,3e307c3d-009b-43fd-ae6d-60dc331f5646,2021-02-11 13:43:03,443.921,2021-02-11 12:38:29.969000,2021-02-11 12:45:53.890000,5.0,true,unusual,cold,skin,../data/prolific_output/run5_scalar_heat-group_scalar_heat/qu70-s_qu3-batch1.csv
qu70-s_qu3-batch1.csv-2,2,NOT AVAILABLE,NOT AVAILABLE,6591e696-4740-4846-875f-72b909d5e0c8,PROLIFIC,11-Feb-2021 14:17:31,1174,46551,5dd9b4ff-4101-4319-8890-1e626603b62f,"Usually, (a/an) skin is not cold, but there could be a highly unusual situation in which (a/an) skin is cold.","Usually, (a/an) clock is not melting, but there could be a highly unusual situation in which (a/an) clock is melting.","Usually, (a/an) ice cream is not melting, but there could be a highly unusual situation in which (a/an) ice cream is melting.",5_scalar_heat-set_extension_full_range,https://app.prolific.co/submissions/complete?cc=135DD3C8,Agree or disagree (run5_scalar_heat-set_extension_full_range-experiment_scalar-batch1-70-70),409660,a22f09a3-4f33-4924-b174-b02cfe292a42,2021-02-11 14:17:31,562.557,2021-02-11 13:10:48.417000,2021-02-11 13:20:10.974000,3.0,false,unusual,cold,skin,../data/prolific_output/run5_scalar_heat-group_scalar_heat/qu70-s_qu3-batch1.csv
qu70-s_qu3-batch1.csv-2,2,NOT AVAILABLE,NOT AVAILABLE,c2fac0e6-01c1-4b66-8685-a3cbaffce5ba,PROLIFIC,11-Feb-2021 14:30:10,1174,46551,5dd9b4ff-4101-4319-8890-1e626603b62f,"Usually, (a/an) skin is not cold, but there could be a highly unusual situation in which (a/an) skin is cold.","Usually, (a/an) clock is not melting, but there could be a highly unusual situation in which (a/an) clock is melting.","Usually, (a/an) ice cream is not melting, but there could be a highly unusual situation in which (a/an) ice cream is melting.",5_scalar_heat-set_extension_full_range,https://app.prolific.co/submissions/complete?cc=135DD3C8,Agree or disagree (run5_scalar_heat-set_extension_full_range-experiment_scalar-batch1-70-70),409927,3333d4aa-690e-4dce-99ce-e609de3f5b35,2021-02-11 14:30:10,425.954,2021-02-11 13:27:27.892000,2021-02-11 13:34:33.846000,6.0,false,unusual,cold,skin,../data/prolific_output/run5_scalar_heat-group_scalar_heat/qu70-s_qu3-batch1.csv
qu70-s_qu3-batch1.csv-2,2,NOT AVAILABLE,NOT AVAILABLE,fa8a70d3-4a4f-439a-b049-c5af1ef4d008,PROLIFIC,11-Feb-2021 15:13:48,1174,46552,73fb2456-3fa5-4b73-93b2-75d4a55cb3c0,You can find (a/an) skin which is cold. (A/an) skin is usually either cold or not cold. It cannot be a bit more or less cold.,You can find (a/an) pea which is frozen. (A/an) pea is usually either frozen or not frozen. It cannot be a bit more or less frozen.,You can find (a/an) soup which is salty. (A/an) soup is usually either salty or not salty. It cannot be a bit more or less salty.,5_scalar_heat-set_extension_full_range,https://app.prolific.co/submissions/complete?cc=135DD3C8,Agree or disagree (run5_scalar_heat-set_extension_full_range-experiment_scalar-batch1-70-70),410508,81976066-5892-4a8c-9f9d-997d8402cf5e,2021-02-11 15:13:48,347.665,2021-02-11 14:11:18.938000,2021-02-11 14:17:06.603000,4.0,false,variability_limited,cold,skin,../data/prolific_output/run5_scalar_heat-group_scalar_heat/qu70-s_qu3-batch1.csv
qu70-s_qu3-batch1.csv-2,2,NOT AVAILABLE,NOT AVAILABLE,67616648-48b2-4c7c-847c-3cfe6d860951,PROLIFIC,11-Feb-2021 13:53:44,1174,46552,73fb2456-3fa5-4b73-93b2-75d4a55cb3c0,You can find (a/an) skin which is cold. (A/an) skin is usually either cold or not cold. It cannot be a bit more or less cold.,You can find (a/an) pea which is frozen. (A/an) pea is usually either frozen or not frozen. It cannot be a bit more or less frozen.,You can find (a/an) soup which is salty. (A/an) soup is usually either salty or not salty. It cannot be a bit more or less salty.,5_scalar_heat-set_extension_full_range,https://app.prolific.co/submissions/complete?cc=135DD3C8,Agree or disagree (run5_scalar_heat-set_extension_full_range-experiment_scalar-batch1-70-70),408881,32335be1-1f11-437b-a65c-8d61c70e93b9,2021-02-11 13:53:44,949.262,2021-02-11 12:44:12.147000,2021-02-11 13:00:01.409000,8.0,false,variability_limited,cold,skin,../data/prolific_output/run5_scalar_heat-group_scalar_heat/qu70-s_qu3-batch1.csv
qu70-s_qu3-batch1.csv-2,2,NOT AVAILABLE,NOT AVAILABLE,c5acc5c7-6592-4c17-a004-f364dd26d555,PROLIFIC,11-Feb-2021 14:34:51,1174,46552,73fb2456-3fa5-4b73-93b2-75d4a55cb3c0,You can find (a/an) skin which is cold. (A/an) skin is usually either cold or not cold. It cannot be a bit more or less cold.,You can find (a/an) pea which is frozen. (A/an) pea is usually either frozen or not frozen. It cannot be a bit more or less frozen.,You can find (a/an) soup which is salty. (A/an) soup is usually either salty or not salty. It cannot be a bit more or less salty.,5_scalar_heat-set_extension_full_range,https://app.prolific.co/submissions/complete?cc=135DD3C8,Agree or disagree (run5_scalar_heat-set_extension_full_range-experiment_scalar-batch1-70-70),410046,00a1dffd-705d-45bf-a041-c3d40b836a9c,2021-02-11 14:34:51,865.556,2021-02-11 13:20:47.199000,2021-02-11 13:35:12.755000,4.0,false,variability_limited,cold,skin,../data/prolific_output/run5_scalar_heat-group_scalar_heat/qu70-s_qu3-batch1.csv
qu70-s_qu3-batch1.csv-2,2,NOT AVAILABLE,NOT AVAILABLE,4143fee4-d4f0-4e3d-901d-91dbd47391f1,PROLIFIC,11-Feb-2021 14:05:46,1174,46552,73fb2456-3fa5-4b73-93b2-75d4a55cb3c0,You can find (a/an) skin which is cold. (A/an) skin is usually either cold or not cold. It cannot be a bit more or less cold.,You can find (a/an) pea which is frozen. (A/an) pea is usually either frozen or not frozen. It cannot be a bit more or less frozen.,You can find (a/an) soup which is salty. (A/an) soup is usually either salty or not salty. It cannot be a bit more or less salty.,5_scalar_heat-set_extension_full_range,https://app.prolific.co/submissions/complete?cc=135DD3C8,Agree or disagree (run5_scalar_heat-set_extension_full_range-experiment_scalar-batch1-70-70),409216,df8fb2ac-b61c-42c7-a980-775053779a9d,2021-02-11 14:05:46,522.216,2021-02-11 13:01:04.933000,2021-02-11 13:09:47.149000,3.0,false,variability_limited,cold,skin,../data/prolific_output/run5_scalar_heat-group_scalar_heat/qu70-s_qu3-batch1.csv
qu70-s_qu3-batch1.csv-2,2,NOT AVAILABLE,NOT AVAILABLE,393254ab-d116-4ce8-b686-bb7c17887d33,PROLIFIC,11-Feb-2021 14:14:32,1174,46552,73fb2456-3fa5-4b73-93b2-75d4a55cb3c0,You can find (a/an) skin which is cold. (A/an) skin is usually either cold or not cold. It cannot be a bit more or less cold.,You can find (a/an) pea which is frozen. (A/an) pea is usually either frozen or not frozen. It cannot be a bit more or less frozen.,You can find (a/an) soup which is salty. (A/an) soup is usually either salty or not salty. It cannot be a bit more or less salty.,5_scalar_heat-set_extension_full_range,https://app.prolific.co/submissions/complete?cc=135DD3C8,Agree or disagree (run5_scalar_heat-set_extension_full_range-experiment_scalar-batch1-70-70),409510,30cbae95-9cf2-4766-8ba8-ec26137ca2e5,2021-02-11 14:14:32,818.111,2021-02-11 13:05:51.212000,2021-02-11 13:19:29.323000,22.0,false,variability_limited,cold,skin,../data/prolific_output/run5_scalar_heat-group_scalar_heat/qu70-s_qu3-batch1.csv
qu70-s_qu3-batch1.csv-2,2,NOT AVAILABLE,NOT AVAILABLE,93323109-435d-4f37-a41b-e4a720b53a81,PROLIFIC,11-Feb-2021 13:54:00,1174,46552,73fb2456-3fa5-4b73-93b2-75d4a55cb3c0,You can find (a/an) skin which is cold. (A/an) skin is usually either cold or not cold. It cannot be a bit more or less cold.,You can find (a/an) pea which is frozen. (A/an) pea is usually either frozen or not frozen. It cannot be a bit more or less frozen.,You can find (a/an) soup which is salty. (A/an) soup is usually either salty or not salty. It cannot be a bit more or less salty.,5_scalar_heat-set_extension_full_range,https://app.prolific.co/submissions/complete?cc=135DD3C8,Agree or disagree (run5_scalar_heat-set_extension_full_range-experiment_scalar-batch1-70-70),408887,82b5e682-c6a5-4f3b-9e7d-f30f6b2755f4,2021-02-11 13:54:00,401.872,2021-02-11 12:49:55.451000,2021-02-11 12:56:37.323000,5.0,false,variability_limited,cold,skin,../data/prolific_output/run5_scalar_heat-group_scalar_heat/qu70-s_qu3-batch1.csv
qu70-s_qu3-batch1.csv-2,2,NOT AVAILABLE,NOT AVAILABLE,5dc4ef01-5966-49da-b93c-8694d8e953c4,PROLIFIC,11-Feb-2021 13:43:20,1174,46552,73fb2456-3fa5-4b73-93b2-75d4a55cb3c0,You can find (a/an) skin which is cold. (A/an) skin is usually either cold or not cold. It cannot be a bit more or less cold.,You can find (a/an) pea which is frozen. (A/an) pea is usually either frozen or not frozen. It cannot be a bit more or less frozen.,You can find (a/an) soup which is salty. (A/an) soup is usually either salty or not salty. It cannot be a bit more or less salty.,5_scalar_heat-set_extension_full_range,https://app.prolific.co/submissions/complete?cc=135DD3C8,Agree or disagree (run5_scalar_heat-set_extension_full_range-experiment_scalar-batch1-70-70),408649,02657e5f-a989-4ef9-a09d-b5186ad5882e,2021-02-11 13:43:20,443.921,2021-02-11 12:38:29.969000,2021-02-11 12:45:53.890000,11.0,false,variability_limited,cold,skin,../data/prolific_output/run5_scalar_heat-group_scalar_heat/qu70-s_qu3-batch1.csv
qu70-s_qu3-batch1.csv-2,2,NOT AVAILABLE,NOT AVAILABLE,6591e696-4740-4846-875f-72b909d5e0c8,PROLIFIC,11-Feb-2021 14:19:32,1174,46552,73fb2456-3fa5-4b73-93b2-75d4a55cb3c0,You can find (a/an) skin which is cold. (A/an) skin is usually either cold or not cold. It cannot be a bit more or less cold.,You can find (a/an) pea which is frozen. (A/an) pea is usually either frozen or not frozen. It cannot be a bit more or less frozen.,You can find (a/an) soup which is salty. (A/an) soup is usually either salty or not salty. It cannot be a bit more or less salty.,5_scalar_heat-set_extension_full_range,https://app.prolific.co/submissions/complete?cc=135DD3C8,Agree or disagree (run5_scalar_heat-set_extension_full_range-experiment_scalar-batch1-70-70),409756,b42989e0-b122-4bde-8421-cb3b17a9fe7d,2021-02-11 14:19:32,562.557,2021-02-11 13:10:48.417000,2021-02-11 13:20:10.974000,6.0,false,variability_limited,cold,skin,../data/prolific_output/run5_scalar_heat-group_scalar_heat/qu70-s_qu3-batch1.csv
qu70-s_qu3-batch1.csv-2,2,NOT AVAILABLE,NOT AVAILABLE,c2fac0e6-01c1-4b66-8685-a3cbaffce5ba,PROLIFIC,11-Feb-2021 14:32:56,1174,46552,73fb2456-3fa5-4b73-93b2-75d4a55cb3c0,You can find (a/an) skin which is cold. (A/an) skin is usually either cold or not cold. It cannot be a bit more or less cold.,You can find (a/an) pea which is frozen. (A/an) pea is usually either frozen or not frozen. It cannot be a bit more or less frozen.,You can find (a/an) soup which is salty. (A/an) soup is usually either salty or not salty. It cannot be a bit more or less salty.,5_scalar_heat-set_extension_full_range,https://app.prolific.co/submissions/complete?cc=135DD3C8,Agree or disagree (run5_scalar_heat-set_extension_full_range-experiment_scalar-batch1-70-70),409995,27f5f4b6-8de5-4c19-93d2-6184717a9024,2021-02-11 14:32:56,425.954,2021-02-11 13:27:27.892000,2021-02-11 13:34:33.846000,4.0,false,variability_limited,cold,skin,../data/prolific_output/run5_scalar_heat-group_scalar_heat/qu70-s_qu3-batch1.csv
qu70-s_qu3-batch1.csv-2,2,NOT AVAILABLE,NOT AVAILABLE,fa8a70d3-4a4f-439a-b049-c5af1ef4d008,PROLIFIC,11-Feb-2021 15:12:47,1174,46553,4b564a07-ab9f-4d39-bb95-6760247e37a0,"You can find (a/an) skin which is cold. (A/an) skin is usually either cold, a bit more or less cold or the opposite of cold.","You can find (a/an) chocolate which is bitter. (A/an) chocolate is usually either bitter, a bit more or less bitter or the opposite of bitter.","You can find (a/an) diamond which is soft. (A/an) diamond is usually either soft, a bit more or less soft or the opposite of soft.",5_scalar_heat-set_extension_full_range,https://app.prolific.co/submissions/complete?cc=135DD3C8,Agree or disagree (run5_scalar_heat-set_extension_full_range-experiment_scalar-batch1-70-70),410495,bf0a0c50-4c29-43fe-a1a3-42ee154e25ba,2021-02-11 15:12:47,347.665,2021-02-11 14:11:18.938000,2021-02-11 14:17:06.603000,8.0,true,variability_open,cold,skin,../data/prolific_output/run5_scalar_heat-group_scalar_heat/qu70-s_qu3-batch1.csv
qu70-s_qu3-batch1.csv-2,2,NOT AVAILABLE,NOT AVAILABLE,67616648-48b2-4c7c-847c-3cfe6d860951,PROLIFIC,11-Feb-2021 13:59:39,1174,46553,4b564a07-ab9f-4d39-bb95-6760247e37a0,"You can find (a/an) skin which is cold. (A/an) skin is usually either cold, a bit more or less cold or the opposite of cold.","You can find (a/an) chocolate which is bitter. (A/an) chocolate is usually either bitter, a bit more or less bitter or the opposite of bitter.","You can find (a/an) diamond which is soft. (A/an) diamond is usually either soft, a bit more or less soft or the opposite of soft.",5_scalar_heat-set_extension_full_range,https://app.prolific.co/submissions/complete?cc=135DD3C8,Agree or disagree (run5_scalar_heat-set_extension_full_range-experiment_scalar-batch1-70-70),409117,fd4b2448-d330-46e9-b02f-2e4ff38a74ee,2021-02-11 13:59:39,949.262,2021-02-11 12:44:12.147000,2021-02-11 13:00:01.409000,36.409,true,variability_open,cold,skin,../data/prolific_output/run5_scalar_heat-group_scalar_heat/qu70-s_qu3-batch1.csv
qu70-s_qu3-batch1.csv-2,2,NOT AVAILABLE,NOT AVAILABLE,c5acc5c7-6592-4c17-a004-f364dd26d555,PROLIFIC,11-Feb-2021 14:27:42,1174,46553,4b564a07-ab9f-4d39-bb95-6760247e37a0,"You can find (a/an) skin which is cold. (A/an) skin is usually either cold, a bit more or less cold or the opposite of cold.","You can find (a/an) chocolate which is bitter. (A/an) chocolate is usually either bitter, a bit more or less bitter or the opposite of bitter.","You can find (a/an) diamond which is soft. (A/an) diamond is usually either soft, a bit more or less soft or the opposite of soft.",5_scalar_heat-set_extension_full_range,https://app.prolific.co/submissions/complete?cc=135DD3C8,Agree or disagree (run5_scalar_heat-set_extension_full_range-experiment_scalar-batch1-70-70),409873,b8bdedf6-60af-445c-b1a5-6e996db25d6a,2021-02-11 14:27:42,865.556,2021-02-11 13:20:47.199000,2021-02-11 13:35:12.755000,4.0,true,variability_open,cold,skin,../data/prolific_output/run5_scalar_heat-group_scalar_heat/qu70-s_qu3-batch1.csv
qu70-s_qu3-batch1.csv-2,2,NOT AVAILABLE,NOT AVAILABLE,4143fee4-d4f0-4e3d-901d-91dbd47391f1,PROLIFIC,11-Feb-2021 14:03:09,1174,46553,4b564a07-ab9f-4d39-bb95-6760247e37a0,"You can find (a/an) skin which is cold. (A/an) skin is usually either cold, a bit more or less cold or the opposite of cold.","You can find (a/an) chocolate which is bitter. (A/an) chocolate is usually either bitter, a bit more or less bitter or the opposite of bitter.","You can find (a/an) diamond which is soft. (A/an) diamond is usually either soft, a bit more or less soft or the opposite of soft.",5_scalar_heat-set_extension_full_range,https://app.prolific.co/submissions/complete?cc=135DD3C8,Agree or disagree (run5_scalar_heat-set_extension_full_range-experiment_scalar-batch1-70-70),409188,6b6f619d-d190-4111-90f2-d6332f696889,2021-02-11 14:03:09,522.216,2021-02-11 13:01:04.933000,2021-02-11 13:09:47.149000,13.0,false,variability_open,cold,skin,../data/prolific_output/run5_scalar_heat-group_scalar_heat/qu70-s_qu3-batch1.csv
qu70-s_qu3-batch1.csv-2,2,NOT AVAILABLE,NOT AVAILABLE,393254ab-d116-4ce8-b686-bb7c17887d33,PROLIFIC,11-Feb-2021 14:08:05,1174,46553,4b564a07-ab9f-4d39-bb95-6760247e37a0,"You can find (a/an) skin which is cold. (A/an) skin is usually either cold, a bit more or less cold or the opposite of cold.","You can find (a/an) chocolate which is bitter. (A/an) chocolate is usually either bitter, a bit more or less bitter or the opposite of bitter.","You can find (a/an) diamond which is soft. (A/an) diamond is usually either soft, a bit more or less soft or the opposite of soft.",5_scalar_heat-set_extension_full_range,https://app.prolific.co/submissions/complete?cc=135DD3C8,Agree or disagree (run5_scalar_heat-set_extension_full_range-experiment_scalar-batch1-70-70),409285,b5106f6b-4e12-4246-8c7a-6427ae0a8246,2021-02-11 14:08:05,818.111,2021-02-11 13:05:51.212000,2021-02-11 13:19:29.323000,12.0,true,variability_open,cold,skin,../data/prolific_output/run5_scalar_heat-group_scalar_heat/qu70-s_qu3-batch1.csv
qu70-s_qu3-batch1.csv-2,2,NOT AVAILABLE,NOT AVAILABLE,93323109-435d-4f37-a41b-e4a720b53a81,PROLIFIC,11-Feb-2021 13:52:09,1174,46553,4b564a07-ab9f-4d39-bb95-6760247e37a0,"You can find (a/an) skin which is cold. (A/an) skin is usually either cold, a bit more or less cold or the opposite of cold.","You can find (a/an) chocolate which is bitter. (A/an) chocolate is usually either bitter, a bit more or less bitter or the opposite of bitter.","You can find (a/an) diamond which is soft. (A/an) diamond is usually either soft, a bit more or less soft or the opposite of soft.",5_scalar_heat-set_extension_full_range,https://app.prolific.co/submissions/complete?cc=135DD3C8,Agree or disagree (run5_scalar_heat-set_extension_full_range-experiment_scalar-batch1-70-70),408811,e3a2fbb2-a9d1-4361-8e92-71c1f80d1e5b,2021-02-11 13:52:09,401.872,2021-02-11 12:49:55.451000,2021-02-11 12:56:37.323000,10.0,true,variability_open,cold,skin,../data/prolific_output/run5_scalar_heat-group_scalar_heat/qu70-s_qu3-batch1.csv
qu70-s_qu3-batch1.csv-2,2,NOT AVAILABLE,NOT AVAILABLE,5dc4ef01-5966-49da-b93c-8694d8e953c4,PROLIFIC,11-Feb-2021 13:44:42,1174,46553,4b564a07-ab9f-4d39-bb95-6760247e37a0,"You can find (a/an) skin which is cold. (A/an) skin is usually either cold, a bit more or less cold or the opposite of cold.","You can find (a/an) chocolate which is bitter. (A/an) chocolate is usually either bitter, a bit more or less bitter or the opposite of bitter.","You can find (a/an) diamond which is soft. (A/an) diamond is usually either soft, a bit more or less soft or the opposite of soft.",5_scalar_heat-set_extension_full_range,https://app.prolific.co/submissions/complete?cc=135DD3C8,Agree or disagree (run5_scalar_heat-set_extension_full_range-experiment_scalar-batch1-70-70),408681,d7f07da8-41b5-43b1-9b2c-9eeb46afc170,2021-02-11 13:44:42,443.921,2021-02-11 12:38:29.969000,2021-02-11 12:45:53.890000,5.0,true,variability_open,cold,skin,../data/prolific_output/run5_scalar_heat-group_scalar_heat/qu70-s_qu3-batch1.csv
qu70-s_qu3-batch1.csv-2,2,NOT AVAILABLE,NOT AVAILABLE,6591e696-4740-4846-875f-72b909d5e0c8,PROLIFIC,11-Feb-2021 14:20:02,1174,46553,4b564a07-ab9f-4d39-bb95-6760247e37a0,"You can find (a/an) skin which is cold. (A/an) skin is usually either cold, a bit more or less cold or the opposite of cold.","You can find (a/an) chocolate which is bitter. (A/an) chocolate is usually either bitter, a bit more or less bitter or the opposite of bitter.","You can find (a/an) diamond which is soft. (A/an) diamond is usually either soft, a bit more or less soft or the opposite of soft.",5_scalar_heat-set_extension_full_range,https://app.prolific.co/submissions/complete?cc=135DD3C8,Agree or disagree (run5_scalar_heat-set_extension_full_range-experiment_scalar-batch1-70-70),409770,0c5b1af2-2d74-4369-b7f7-71e92fed75cd,2021-02-11 14:20:02,562.557,2021-02-11 13:10:48.417000,2021-02-11 13:20:10.974000,5.0,true,variability_open,cold,skin,../data/prolific_output/run5_scalar_heat-group_scalar_heat/qu70-s_qu3-batch1.csv
qu70-s_qu3-batch1.csv-2,2,NOT AVAILABLE,NOT AVAILABLE,c2fac0e6-01c1-4b66-8685-a3cbaffce5ba,PROLIFIC,11-Feb-2021 14:34:18,1174,46553,4b564a07-ab9f-4d39-bb95-6760247e37a0,"You can find (a/an) skin which is cold. (A/an) skin is usually either cold, a bit more or less cold or the opposite of cold.","You can find (a/an) chocolate which is bitter. (A/an) chocolate is usually either bitter, a bit more or less bitter or the opposite of bitter.","You can find (a/an) diamond which is soft. (A/an) diamond is usually either soft, a bit more or less soft or the opposite of soft.",5_scalar_heat-set_extension_full_range,https://app.prolific.co/submissions/complete?cc=135DD3C8,Agree or disagree (run5_scalar_heat-set_extension_full_range-experiment_scalar-batch1-70-70),410040,31dd3a3b-84c0-48a4-8c08-cf7d65bb107c,2021-02-11 14:34:18,425.954,2021-02-11 13:27:27.892000,2021-02-11 13:34:33.846000,4.0,true,variability_open,cold,skin,../data/prolific_output/run5_scalar_heat-group_scalar_heat/qu70-s_qu3-batch1.csv
qu70-s_qu3-batch1.csv-2,2,NOT AVAILABLE,NOT AVAILABLE,fa8a70d3-4a4f-439a-b049-c5af1ef4d008,PROLIFIC,11-Feb-2021 15:15:16,1174,46554,10363388-5e32-4ecd-9995-24145578f2a2,"I think (a/an) skin can be cold, but this is rare or uncommon.","I think (a/an) pizza can be sweet, but this is rare or uncommon.","I think (a/an) pizza can be savory, but this is rare or uncommon.",5_scalar_heat-set_extension_full_range,https://app.prolific.co/submissions/complete?cc=135DD3C8,Agree or disagree (run5_scalar_heat-set_extension_full_range-experiment_scalar-batch1-70-70),410528,5f8dee33-de56-4062-b09b-366f1ac2bff2,2021-02-11 15:15:16,347.665,2021-02-11 14:11:18.938000,2021-02-11 14:17:06.603000,4.0,false,rare,cold,skin,../data/prolific_output/run5_scalar_heat-group_scalar_heat/qu70-s_qu3-batch1.csv
qu70-s_qu3-batch1.csv-2,2,NOT AVAILABLE,NOT AVAILABLE,67616648-48b2-4c7c-847c-3cfe6d860951,PROLIFIC,11-Feb-2021 13:49:27,1174,46554,10363388-5e32-4ecd-9995-24145578f2a2,"I think (a/an) skin can be cold, but this is rare or uncommon.","I think (a/an) pizza can be sweet, but this is rare or uncommon.","I think (a/an) pizza can be savory, but this is rare or uncommon.",5_scalar_heat-set_extension_full_range,https://app.prolific.co/submissions/complete?cc=135DD3C8,Agree or disagree (run5_scalar_heat-set_extension_full_range-experiment_scalar-batch1-70-70),408756,728a1189-db52-401f-83dd-6e05770e7174,2021-02-11 13:49:27,949.262,2021-02-11 12:44:12.147000,2021-02-11 13:00:01.409000,23.0,false,rare,cold,skin,../data/prolific_output/run5_scalar_heat-group_scalar_heat/qu70-s_qu3-batch1.csv
qu70-s_qu3-batch1.csv-2,2,NOT AVAILABLE,NOT AVAILABLE,c5acc5c7-6592-4c17-a004-f364dd26d555,PROLIFIC,11-Feb-2021 14:32:37,1174,46554,10363388-5e32-4ecd-9995-24145578f2a2,"I think (a/an) skin can be cold, but this is rare or uncommon.","I think (a/an) pizza can be sweet, but this is rare or uncommon.","I think (a/an) pizza can be savory, but this is rare or uncommon.",5_scalar_heat-set_extension_full_range,https://app.prolific.co/submissions/complete?cc=135DD3C8,Agree or disagree (run5_scalar_heat-set_extension_full_range-experiment_scalar-batch1-70-70),409986,0ecfb0cf-3cf3-4c4b-b945-e09a4e89db7e,2021-02-11 14:32:37,865.556,2021-02-11 13:20:47.199000,2021-02-11 13:35:12.755000,3.0,true,rare,cold,skin,../data/prolific_output/run5_scalar_heat-group_scalar_heat/qu70-s_qu3-batch1.csv
qu70-s_qu3-batch1.csv-2,2,NOT AVAILABLE,NOT AVAILABLE,4143fee4-d4f0-4e3d-901d-91dbd47391f1,PROLIFIC,11-Feb-2021 14:09:25,1174,46554,10363388-5e32-4ecd-9995-24145578f2a2,"I think (a/an) skin can be cold, but this is rare or uncommon.","I think (a/an) pizza can be sweet, but this is rare or uncommon.","I think (a/an) pizza can be savory, but this is rare or uncommon.",5_scalar_heat-set_extension_full_range,https://app.prolific.co/submissions/complete?cc=135DD3C8,Agree or disagree (run5_scalar_heat-set_extension_full_range-experiment_scalar-batch1-70-70),409328,3b966faf-74e7-436b-9ad6-8895892c6ed9,2021-02-11 14:09:25,522.216,2021-02-11 13:01:04.933000,2021-02-11 13:09:47.149000,1.0,false,rare,cold,skin,../data/prolific_output/run5_scalar_heat-group_scalar_heat/qu70-s_qu3-batch1.csv
qu70-s_qu3-batch1.csv-2,2,NOT AVAILABLE,NOT AVAILABLE,393254ab-d116-4ce8-b686-bb7c17887d33,PROLIFIC,11-Feb-2021 14:11:39,1174,46554,10363388-5e32-4ecd-9995-24145578f2a2,"I think (a/an) skin can be cold, but this is rare or uncommon.","I think (a/an) pizza can be sweet, but this is rare or uncommon.","I think (a/an) pizza can be savory, but this is rare or uncommon.",5_scalar_heat-set_extension_full_range,https://app.prolific.co/submissions/complete?cc=135DD3C8,Agree or disagree (run5_scalar_heat-set_extension_full_range-experiment_scalar-batch1-70-70),409416,2e721f23-1e8b-463e-90b8-9029c3f6eddf,2021-02-11 14:11:39,818.111,2021-02-11 13:05:51.212000,2021-02-11 13:19:29.323000,8.0,true,rare,cold,skin,../data/prolific_output/run5_scalar_heat-group_scalar_heat/qu70-s_qu3-batch1.csv
qu70-s_qu3-batch1.csv-2,2,NOT AVAILABLE,NOT AVAILABLE,93323109-435d-4f37-a41b-e4a720b53a81,PROLIFIC,11-Feb-2021 13:55:32,1174,46554,10363388-5e32-4ecd-9995-24145578f2a2,"I think (a/an) skin can be cold, but this is rare or uncommon.","I think (a/an) pizza can be sweet, but this is rare or uncommon.","I think (a/an) pizza can be savory, but this is rare or uncommon.",5_scalar_heat-set_extension_full_range,https://app.prolific.co/submissions/complete?cc=135DD3C8,Agree or disagree (run5_scalar_heat-set_extension_full_range-experiment_scalar-batch1-70-70),408948,3885717e-6981-4e9c-b624-54b05517a746,2021-02-11 13:55:32,401.872,2021-02-11 12:49:55.451000,2021-02-11 12:56:37.323000,3.0,false,rare,cold,skin,../data/prolific_output/run5_scalar_heat-group_scalar_heat/qu70-s_qu3-batch1.csv
qu70-s_qu3-batch1.csv-2,2,NOT AVAILABLE,NOT AVAILABLE,5dc4ef01-5966-49da-b93c-8694d8e953c4,PROLIFIC,11-Feb-2021 13:45:39,1174,46554,10363388-5e32-4ecd-9995-24145578f2a2,"I think (a/an) skin can be cold, but this is rare or uncommon.","I think (a/an) pizza can be sweet, but this is rare or uncommon.","I think (a/an) pizza can be savory, but this is rare or uncommon.",5_scalar_heat-set_extension_full_range,https://app.prolific.co/submissions/complete?cc=135DD3C8,Agree or disagree (run5_scalar_heat-set_extension_full_range-experiment_scalar-batch1-70-70),408700,77aafc72-0b3f-41ce-8629-b7ae9ae07ac3,2021-02-11 13:45:39,443.921,2021-02-11 12:38:29.969000,2021-02-11 12:45:53.890000,42.0,true,rare,cold,skin,../data/prolific_output/run5_scalar_heat-group_scalar_heat/qu70-s_qu3-batch1.csv
qu70-s_qu3-batch1.csv-2,2,NOT AVAILABLE,NOT AVAILABLE,6591e696-4740-4846-875f-72b909d5e0c8,PROLIFIC,11-Feb-2021 14:15:20,1174,46554,10363388-5e32-4ecd-9995-24145578f2a2,"I think (a/an) skin can be cold, but this is rare or uncommon.","I think (a/an) pizza can be sweet, but this is rare or uncommon.","I think (a/an) pizza can be savory, but this is rare or uncommon.",5_scalar_heat-set_extension_full_range,https://app.prolific.co/submissions/complete?cc=135DD3C8,Agree or disagree (run5_scalar_heat-set_extension_full_range-experiment_scalar-batch1-70-70),409552,84db470d-3ebb-4ad4-b77f-ee70308aafe8,2021-02-11 14:15:20,562.557,2021-02-11 13:10:48.417000,2021-02-11 13:20:10.974000,3.0,false,rare,cold,skin,../data/prolific_output/run5_scalar_heat-group_scalar_heat/qu70-s_qu3-batch1.csv
qu70-s_qu3-batch1.csv-2,2,NOT AVAILABLE,NOT AVAILABLE,c2fac0e6-01c1-4b66-8685-a3cbaffce5ba,PROLIFIC,11-Feb-2021 14:31:44,1174,46554,10363388-5e32-4ecd-9995-24145578f2a2,"I think (a/an) skin can be cold, but this is rare or uncommon.","I think (a/an) pizza can be sweet, but this is rare or uncommon.","I think (a/an) pizza can be savory, but this is rare or uncommon.",5_scalar_heat-set_extension_full_range,https://app.prolific.co/submissions/complete?cc=135DD3C8,Agree or disagree (run5_scalar_heat-set_extension_full_range-experiment_scalar-batch1-70-70),409955,78c16c83-0c16-4fe3-8aa0-183973fe929a,2021-02-11 14:31:44,425.954,2021-02-11 13:27:27.892000,2021-02-11 13:34:33.846000,4.0,false,rare,cold,skin,../data/prolific_output/run5_scalar_heat-group_scalar_heat/qu70-s_qu3-batch1.csv
qu70-s_qu3-batch1.csv-2,2,NOT AVAILABLE,NOT AVAILABLE,fa8a70d3-4a4f-439a-b049-c5af1ef4d008,PROLIFIC,11-Feb-2021 15:13:40,1174,46555,ddafb304-5bc9-4b83-9963-df3c8670c57b,I know that being cold is necessary for many things (a/an) skin does or is used for. ,I know that being bright is necessary for many things (a/an) flashlight does or is used for. ,I know that being grey is necessary for many things (a/an) car does or is used for. ,5_scalar_heat-set_extension_full_range,https://app.prolific.co/submissions/complete?cc=135DD3C8,Agree or disagree (run5_scalar_heat-set_extension_full_range-experiment_scalar-batch1-70-70),410506,6c49703f-c851-4aa6-a301-1fa948dabc58,2021-02-11 15:13:40,347.665,2021-02-11 14:11:18.938000,2021-02-11 14:17:06.603000,3.0,false,affording_activity,cold,skin,../data/prolific_output/run5_scalar_heat-group_scalar_heat/qu70-s_qu3-batch1.csv
qu70-s_qu3-batch1.csv-2,2,NOT AVAILABLE,NOT AVAILABLE,67616648-48b2-4c7c-847c-3cfe6d860951,PROLIFIC,11-Feb-2021 13:46:55,1174,46555,ddafb304-5bc9-4b83-9963-df3c8670c57b,I know that being cold is necessary for many things (a/an) skin does or is used for. ,I know that being bright is necessary for many things (a/an) flashlight does or is used for. ,I know that being grey is necessary for many things (a/an) car does or is used for. ,5_scalar_heat-set_extension_full_range,https://app.prolific.co/submissions/complete?cc=135DD3C8,Agree or disagree (run5_scalar_heat-set_extension_full_range-experiment_scalar-batch1-70-70),408720,e668c6b3-707e-4df4-951b-5dce91ed0ea2,2021-02-11 13:46:55,949.262,2021-02-11 12:44:12.147000,2021-02-11 13:00:01.409000,15.0,false,affording_activity,cold,skin,../data/prolific_output/run5_scalar_heat-group_scalar_heat/qu70-s_qu3-batch1.csv
qu70-s_qu3-batch1.csv-2,2,NOT AVAILABLE,NOT AVAILABLE,c5acc5c7-6592-4c17-a004-f364dd26d555,PROLIFIC,11-Feb-2021 14:29:16,1174,46555,ddafb304-5bc9-4b83-9963-df3c8670c57b,I know that being cold is necessary for many things (a/an) skin does or is used for. ,I know that being bright is necessary for many things (a/an) flashlight does or is used for. ,I know that being grey is necessary for many things (a/an) car does or is used for. ,5_scalar_heat-set_extension_full_range,https://app.prolific.co/submissions/complete?cc=135DD3C8,Agree or disagree (run5_scalar_heat-set_extension_full_range-experiment_scalar-batch1-70-70),409898,414c062d-3733-449e-bce2-b939c024df00,2021-02-11 14:29:16,865.556,2021-02-11 13:20:47.199000,2021-02-11 13:35:12.755000,4.0,false,affording_activity,cold,skin,../data/prolific_output/run5_scalar_heat-group_scalar_heat/qu70-s_qu3-batch1.csv
qu70-s_qu3-batch1.csv-2,2,NOT AVAILABLE,NOT AVAILABLE,4143fee4-d4f0-4e3d-901d-91dbd47391f1,PROLIFIC,11-Feb-2021 14:05:35,1174,46555,ddafb304-5bc9-4b83-9963-df3c8670c57b,I know that being cold is necessary for many things (a/an) skin does or is used for. ,I know that being bright is necessary for many things (a/an) flashlight does or is used for. ,I know that being grey is necessary for many things (a/an) car does or is used for. ,5_scalar_heat-set_extension_full_range,https://app.prolific.co/submissions/complete?cc=135DD3C8,Agree or disagree (run5_scalar_heat-set_extension_full_range-experiment_scalar-batch1-70-70),409212,25377db8-68a9-4622-8dfb-c4b13cda9160,2021-02-11 14:05:35,522.216,2021-02-11 13:01:04.933000,2021-02-11 13:09:47.149000,5.0,false,affording_activity,cold,skin,../data/prolific_output/run5_scalar_heat-group_scalar_heat/qu70-s_qu3-batch1.csv
qu70-s_qu3-batch1.csv-2,2,NOT AVAILABLE,NOT AVAILABLE,393254ab-d116-4ce8-b686-bb7c17887d33,PROLIFIC,11-Feb-2021 14:15:34,1174,46555,ddafb304-5bc9-4b83-9963-df3c8670c57b,I know that being cold is necessary for many things (a/an) skin does or is used for. ,I know that being bright is necessary for many things (a/an) flashlight does or is used for. ,I know that being grey is necessary for many things (a/an) car does or is used for. ,5_scalar_heat-set_extension_full_range,https://app.prolific.co/submissions/complete?cc=135DD3C8,Agree or disagree (run5_scalar_heat-set_extension_full_range-experiment_scalar-batch1-70-70),409568,8b5ea1d6-bf5f-4ae6-b05a-8de6aab804ac,2021-02-11 14:15:34,818.111,2021-02-11 13:05:51.212000,2021-02-11 13:19:29.323000,4.0,false,affording_activity,cold,skin,../data/prolific_output/run5_scalar_heat-group_scalar_heat/qu70-s_qu3-batch1.csv
qu70-s_qu3-batch1.csv-2,2,NOT AVAILABLE,NOT AVAILABLE,93323109-435d-4f37-a41b-e4a720b53a81,PROLIFIC,11-Feb-2021 13:52:28,1174,46555,ddafb304-5bc9-4b83-9963-df3c8670c57b,I know that being cold is necessary for many things (a/an) skin does or is used for. ,I know that being bright is necessary for many things (a/an) flashlight does or is used for. ,I know that being grey is necessary for many things (a/an) car does or is used for. ,5_scalar_heat-set_extension_full_range,https://app.prolific.co/submissions/complete?cc=135DD3C8,Agree or disagree (run5_scalar_heat-set_extension_full_range-experiment_scalar-batch1-70-70),408824,5b34817a-9e72-43b6-86e3-98fa69e96232,2021-02-11 13:52:28,401.872,2021-02-11 12:49:55.451000,2021-02-11 12:56:37.323000,4.0,false,affording_activity,cold,skin,../data/prolific_output/run5_scalar_heat-group_scalar_heat/qu70-s_qu3-batch1.csv
qu70-s_qu3-batch1.csv-2,2,NOT AVAILABLE,NOT AVAILABLE,5dc4ef01-5966-49da-b93c-8694d8e953c4,PROLIFIC,11-Feb-2021 13:44:27,1174,46555,ddafb304-5bc9-4b83-9963-df3c8670c57b,I know that being cold is necessary for many things (a/an) skin does or is used for. ,I know that being bright is necessary for many things (a/an) flashlight does or is used for. ,I know that being grey is necessary for many things (a/an) car does or is used for. ,5_scalar_heat-set_extension_full_range,https://app.prolific.co/submissions/complete?cc=135DD3C8,Agree or disagree (run5_scalar_heat-set_extension_full_range-experiment_scalar-batch1-70-70),408673,54065a15-4248-4b19-b0ca-925fe0210b3d,2021-02-11 13:44:27,443.921,2021-02-11 12:38:29.969000,2021-02-11 12:45:53.890000,2.0,false,affording_activity,cold,skin,../data/prolific_output/run5_scalar_heat-group_scalar_heat/qu70-s_qu3-batch1.csv
qu70-s_qu3-batch1.csv-2,2,NOT AVAILABLE,NOT AVAILABLE,6591e696-4740-4846-875f-72b909d5e0c8,PROLIFIC,11-Feb-2021 14:15:42,1174,46555,ddafb304-5bc9-4b83-9963-df3c8670c57b,I know that being cold is necessary for many things (a/an) skin does or is used for. ,I know that being bright is necessary for many things (a/an) flashlight does or is used for. ,I know that being grey is necessary for many things (a/an) car does or is used for. ,5_scalar_heat-set_extension_full_range,https://app.prolific.co/submissions/complete?cc=135DD3C8,Agree or disagree (run5_scalar_heat-set_extension_full_range-experiment_scalar-batch1-70-70),409574,e4e8f7e7-4740-449e-8a30-328b05e364f1,2021-02-11 14:15:42,562.557,2021-02-11 13:10:48.417000,2021-02-11 13:20:10.974000,4.0,false,affording_activity,cold,skin,../data/prolific_output/run5_scalar_heat-group_scalar_heat/qu70-s_qu3-batch1.csv
qu70-s_qu3-batch1.csv-2,2,NOT AVAILABLE,NOT AVAILABLE,c2fac0e6-01c1-4b66-8685-a3cbaffce5ba,PROLIFIC,11-Feb-2021 14:33:15,1174,46555,ddafb304-5bc9-4b83-9963-df3c8670c57b,I know that being cold is necessary for many things (a/an) skin does or is used for. ,I know that being bright is necessary for many things (a/an) flashlight does or is used for. ,I know that being grey is necessary for many things (a/an) car does or is used for. ,5_scalar_heat-set_extension_full_range,https://app.prolific.co/submissions/complete?cc=135DD3C8,Agree or disagree (run5_scalar_heat-set_extension_full_range-experiment_scalar-batch1-70-70),410006,917f171d-63b9-43a6-93e2-f7564c9a9132,2021-02-11 14:33:15,425.954,2021-02-11 13:27:27.892000,2021-02-11 13:34:33.846000,2.0,false,affording_activity,cold,skin,../data/prolific_output/run5_scalar_heat-group_scalar_heat/qu70-s_qu3-batch1.csv
qu70-s_qu3-batch1.csv-2,2,NOT AVAILABLE,NOT AVAILABLE,fa8a70d3-4a4f-439a-b049-c5af1ef4d008,PROLIFIC,11-Feb-2021 15:13:22,1174,46556,5d4c60f0-8c26-4084-8788-876f4c286333,I know that (a/an) skin is cold as most or all other things similar to (a/an) skin are cold. ,I know that (a/an) chocoloate_cake is sweet as most or all other things similar to (a/an) chocoloate_cake are sweet. ,I know that (a/an) table is transparent as most or all other things similar to (a/an) table are transparent. ,5_scalar_heat-set_extension_full_range,https://app.prolific.co/submissions/complete?cc=135DD3C8,Agree or disagree (run5_scalar_heat-set_extension_full_range-experiment_scalar-batch1-70-70),410501,345a2315-9c86-48fb-896d-f76f514aef47,2021-02-11 15:13:22,347.665,2021-02-11 14:11:18.938000,2021-02-11 14:17:06.603000,3.0,false,implied_category,cold,skin,../data/prolific_output/run5_scalar_heat-group_scalar_heat/qu70-s_qu3-batch1.csv
qu70-s_qu3-batch1.csv-2,2,NOT AVAILABLE,NOT AVAILABLE,67616648-48b2-4c7c-847c-3cfe6d860951,PROLIFIC,11-Feb-2021 13:52:44,1174,46556,5d4c60f0-8c26-4084-8788-876f4c286333,I know that (a/an) skin is cold as most or all other things similar to (a/an) skin are cold. ,I know that (a/an) chocoloate_cake is sweet as most or all other things similar to (a/an) chocoloate_cake are sweet. ,I know that (a/an) table is transparent as most or all other things similar to (a/an) table are transparent. ,5_scalar_heat-set_extension_full_range,https://app.prolific.co/submissions/complete?cc=135DD3C8,Agree or disagree (run5_scalar_heat-set_extension_full_range-experiment_scalar-batch1-70-70),408834,d349becd-0c98-4b9b-9a67-0909bd6e11d6,2021-02-11 13:52:44,949.262,2021-02-11 12:44:12.147000,2021-02-11 13:00:01.409000,7.0,false,implied_category,cold,skin,../data/prolific_output/run5_scalar_heat-group_scalar_heat/qu70-s_qu3-batch1.csv
qu70-s_qu3-batch1.csv-2,2,NOT AVAILABLE,NOT AVAILABLE,c5acc5c7-6592-4c17-a004-f364dd26d555,PROLIFIC,11-Feb-2021 14:30:57,1174,46556,5d4c60f0-8c26-4084-8788-876f4c286333,I know that (a/an) skin is cold as most or all other things similar to (a/an) skin are cold. ,I know that (a/an) chocoloate_cake is sweet as most or all other things similar to (a/an) chocoloate_cake are sweet. ,I know that (a/an) table is transparent as most or all other things similar to (a/an) table are transparent. ,5_scalar_heat-set_extension_full_range,https://app.prolific.co/submissions/complete?cc=135DD3C8,Agree or disagree (run5_scalar_heat-set_extension_full_range-experiment_scalar-batch1-70-70),409938,426bf343-5852-4487-8d46-be15e99f7e60,2021-02-11 14:30:57,865.556,2021-02-11 13:20:47.199000,2021-02-11 13:35:12.755000,79.0,false,implied_category,cold,skin,../data/prolific_output/run5_scalar_heat-group_scalar_heat/qu70-s_qu3-batch1.csv
qu70-s_qu3-batch1.csv-2,2,NOT AVAILABLE,NOT AVAILABLE,4143fee4-d4f0-4e3d-901d-91dbd47391f1,PROLIFIC,11-Feb-2021 14:05:36,1174,46556,5d4c60f0-8c26-4084-8788-876f4c286333,I know that (a/an) skin is cold as most or all other things similar to (a/an) skin are cold. ,I know that (a/an) chocoloate_cake is sweet as most or all other things similar to (a/an) chocoloate_cake are sweet. ,I know that (a/an) table is transparent as most or all other things similar to (a/an) table are transparent. ,5_scalar_heat-set_extension_full_range,https://app.prolific.co/submissions/complete?cc=135DD3C8,Agree or disagree (run5_scalar_heat-set_extension_full_range-experiment_scalar-batch1-70-70),409213,f23bd3a1-a7d0-4369-993c-b62b13395f13,2021-02-11 14:05:36,522.216,2021-02-11 13:01:04.933000,2021-02-11 13:09:47.149000,1.0,false,implied_category,cold,skin,../data/prolific_output/run5_scalar_heat-group_scalar_heat/qu70-s_qu3-batch1.csv
qu70-s_qu3-batch1.csv-2,2,NOT AVAILABLE,NOT AVAILABLE,393254ab-d116-4ce8-b686-bb7c17887d33,PROLIFIC,11-Feb-2021 14:12:35,1174,46556,5d4c60f0-8c26-4084-8788-876f4c286333,I know that (a/an) skin is cold as most or all other things similar to (a/an) skin are cold. ,I know that (a/an) chocoloate_cake is sweet as most or all other things similar to (a/an) chocoloate_cake are sweet. ,I know that (a/an) table is transparent as most or all other things similar to (a/an) table are transparent. ,5_scalar_heat-set_extension_full_range,https://app.prolific.co/submissions/complete?cc=135DD3C8,Agree or disagree (run5_scalar_heat-set_extension_full_range-experiment_scalar-batch1-70-70),409445,2d8204d9-8a52-4934-b094-b5c5cf7e420f,2021-02-11 14:12:35,818.111,2021-02-11 13:05:51.212000,2021-02-11 13:19:29.323000,3.0,false,implied_category,cold,skin,../data/prolific_output/run5_scalar_heat-group_scalar_heat/qu70-s_qu3-batch1.csv
qu70-s_qu3-batch1.csv-2,2,NOT AVAILABLE,NOT AVAILABLE,93323109-435d-4f37-a41b-e4a720b53a81,PROLIFIC,11-Feb-2021 13:53:50,1174,46556,5d4c60f0-8c26-4084-8788-876f4c286333,I know that (a/an) skin is cold as most or all other things similar to (a/an) skin are cold. ,I know that (a/an) chocoloate_cake is sweet as most or all other things similar to (a/an) chocoloate_cake are sweet. ,I know that (a/an) table is transparent as most or all other things similar to (a/an) table are transparent. ,5_scalar_heat-set_extension_full_range,https://app.prolific.co/submissions/complete?cc=135DD3C8,Agree or disagree (run5_scalar_heat-set_extension_full_range-experiment_scalar-batch1-70-70),408883,82715df8-80ff-4a76-9a83-0e12f53055c3,2021-02-11 13:53:50,401.872,2021-02-11 12:49:55.451000,2021-02-11 12:56:37.323000,4.0,false,implied_category,cold,skin,../data/prolific_output/run5_scalar_heat-group_scalar_heat/qu70-s_qu3-batch1.csv
qu70-s_qu3-batch1.csv-2,2,NOT AVAILABLE,NOT AVAILABLE,5dc4ef01-5966-49da-b93c-8694d8e953c4,PROLIFIC,11-Feb-2021 13:42:30,1174,46556,5d4c60f0-8c26-4084-8788-876f4c286333,I know that (a/an) skin is cold as most or all other things similar to (a/an) skin are cold. ,I know that (a/an) chocoloate_cake is sweet as most or all other things similar to (a/an) chocoloate_cake are sweet. ,I know that (a/an) table is transparent as most or all other things similar to (a/an) table are transparent. ,5_scalar_heat-set_extension_full_range,https://app.prolific.co/submissions/complete?cc=135DD3C8,Agree or disagree (run5_scalar_heat-set_extension_full_range-experiment_scalar-batch1-70-70),408637,902fb878-bcf1-4367-9020-aebff6f0d7f4,2021-02-11 13:42:30,443.921,2021-02-11 12:38:29.969000,2021-02-11 12:45:53.890000,3.0,false,implied_category,cold,skin,../data/prolific_output/run5_scalar_heat-group_scalar_heat/qu70-s_qu3-batch1.csv
qu70-s_qu3-batch1.csv-2,2,NOT AVAILABLE,NOT AVAILABLE,6591e696-4740-4846-875f-72b909d5e0c8,PROLIFIC,11-Feb-2021 14:18:44,1174,46556,5d4c60f0-8c26-4084-8788-876f4c286333,I know that (a/an) skin is cold as most or all other things similar to (a/an) skin are cold. ,I know that (a/an) chocoloate_cake is sweet as most or all other things similar to (a/an) chocoloate_cake are sweet. ,I know that (a/an) table is transparent as most or all other things similar to (a/an) table are transparent. ,5_scalar_heat-set_extension_full_range,https://app.prolific.co/submissions/complete?cc=135DD3C8,Agree or disagree (run5_scalar_heat-set_extension_full_range-experiment_scalar-batch1-70-70),409723,9332ee37-b622-4373-a601-020ea3e1a21f,2021-02-11 14:18:44,562.557,2021-02-11 13:10:48.417000,2021-02-11 13:20:10.974000,4.0,false,implied_category,cold,skin,../data/prolific_output/run5_scalar_heat-group_scalar_heat/qu70-s_qu3-batch1.csv
qu70-s_qu3-batch1.csv-2,2,NOT AVAILABLE,NOT AVAILABLE,c2fac0e6-01c1-4b66-8685-a3cbaffce5ba,PROLIFIC,11-Feb-2021 14:30:28,1174,46556,5d4c60f0-8c26-4084-8788-876f4c286333,I know that (a/an) skin is cold as most or all other things similar to (a/an) skin are cold. ,I know that (a/an) chocoloate_cake is sweet as most or all other things similar to (a/an) chocoloate_cake are sweet. ,I know that (a/an) table is transparent as most or all other things similar to (a/an) table are transparent. ,5_scalar_heat-set_extension_full_range,https://app.prolific.co/submissions/complete?cc=135DD3C8,Agree or disagree (run5_scalar_heat-set_extension_full_range-experiment_scalar-batch1-70-70),409931,b38398d0-3b31-4f7f-a5e1-651dcc89550b,2021-02-11 14:30:28,425.954,2021-02-11 13:27:27.892000,2021-02-11 13:34:33.846000,2.0,false,implied_category,cold,skin,../data/prolific_output/run5_scalar_heat-group_scalar_heat/qu70-s_qu3-batch1.csv
qu70-s_qu3-batch1.csv-2,2,NOT AVAILABLE,NOT AVAILABLE,fa8a70d3-4a4f-439a-b049-c5af1ef4d008,PROLIFIC,11-Feb-2021 15:14:24,1174,46557,d5666c14-38c9-4255-a6c2-1e3a06b2fb01,"I could say (a/an) skin is cold, but I would most certainly not mean it literally.","I could say (a/an) anger is hot, but I would most certainly not mean it literally.
I could say (a/an) person is cold, but I would most certainly not mean it literally.
I could say (a/an) story is dark, but I would most certainly not mean it literally.","I could say (a/an) fire is hot, but I would most certainly not mean it literally.
I could say (a/an) stone is heavy, but I would most certainly not mean it literally.
I could say (a/an) argument is liquid, but I would most certainly not mean it literally.",5_scalar_heat-set_extension_full_range,https://app.prolific.co/submissions/complete?cc=135DD3C8,Agree or disagree (run5_scalar_heat-set_extension_full_range-experiment_scalar-batch1-70-70),410514,a4166fa8-4618-43be-93c0-786e263b58a1,2021-02-11 15:14:24,347.665,2021-02-11 14:11:18.938000,2021-02-11 14:17:06.603000,4.0,false,creative,cold,skin,../data/prolific_output/run5_scalar_heat-group_scalar_heat/qu70-s_qu3-batch1.csv
qu70-s_qu3-batch1.csv-2,2,NOT AVAILABLE,NOT AVAILABLE,67616648-48b2-4c7c-847c-3cfe6d860951,PROLIFIC,11-Feb-2021 13:56:19,1174,46557,d5666c14-38c9-4255-a6c2-1e3a06b2fb01,"I could say (a/an) skin is cold, but I would most certainly not mean it literally.","I could say (a/an) anger is hot, but I would most certainly not mean it literally.
I could say (a/an) person is cold, but I would most certainly not mean it literally.
I could say (a/an) story is dark, but I would most certainly not mean it literally.","I could say (a/an) fire is hot, but I would most certainly not mean it literally.
I could say (a/an) stone is heavy, but I would most certainly not mean it literally.
I could say (a/an) argument is liquid, but I would most certainly not mean it literally.",5_scalar_heat-set_extension_full_range,https://app.prolific.co/submissions/complete?cc=135DD3C8,Agree or disagree (run5_scalar_heat-set_extension_full_range-experiment_scalar-batch1-70-70),408981,ccbafbe3-1a5b-4da1-abaa-9a8f87b73e98,2021-02-11 13:56:19,949.262,2021-02-11 12:44:12.147000,2021-02-11 13:00:01.409000,4.0,false,creative,cold,skin,../data/prolific_output/run5_scalar_heat-group_scalar_heat/qu70-s_qu3-batch1.csv
qu70-s_qu3-batch1.csv-2,2,NOT AVAILABLE,NOT AVAILABLE,c5acc5c7-6592-4c17-a004-f364dd26d555,PROLIFIC,11-Feb-2021 14:32:57,1174,46557,d5666c14-38c9-4255-a6c2-1e3a06b2fb01,"I could say (a/an) skin is cold, but I would most certainly not mean it literally.","I could say (a/an) anger is hot, but I would most certainly not mean it literally.
I could say (a/an) person is cold, but I would most certainly not mean it literally.
I could say (a/an) story is dark, but I would most certainly not mean it literally.","I could say (a/an) fire is hot, but I would most certainly not mean it literally.
I could say (a/an) stone is heavy, but I would most certainly not mean it literally.
I could say (a/an) argument is liquid, but I would most certainly not mean it literally.",5_scalar_heat-set_extension_full_range,https://app.prolific.co/submissions/complete?cc=135DD3C8,Agree or disagree (run5_scalar_heat-set_extension_full_range-experiment_scalar-batch1-70-70),409996,df5aea13-dbfb-4f86-bda6-857af67d9e9a,2021-02-11 14:32:57,865.556,2021-02-11 13:20:47.199000,2021-02-11 13:35:12.755000,6.0,false,creative,cold,skin,../data/prolific_output/run5_scalar_heat-group_scalar_heat/qu70-s_qu3-batch1.csv
qu70-s_qu3-batch1.csv-2,2,NOT AVAILABLE,NOT AVAILABLE,4143fee4-d4f0-4e3d-901d-91dbd47391f1,PROLIFIC,11-Feb-2021 14:03:31,1174,46557,d5666c14-38c9-4255-a6c2-1e3a06b2fb01,"I could say (a/an) skin is cold, but I would most certainly not mean it literally.","I could say (a/an) anger is hot, but I would most certainly not mean it literally.
I could say (a/an) person is cold, but I would most certainly not mean it literally.
I could say (a/an) story is dark, but I would most certainly not mean it literally.","I could say (a/an) fire is hot, but I would most certainly not mean it literally.
I could say (a/an) stone is heavy, but I would most certainly not mean it literally.
I could say (a/an) argument is liquid, but I would most certainly not mean it literally.",5_scalar_heat-set_extension_full_range,https://app.prolific.co/submissions/complete?cc=135DD3C8,Agree or disagree (run5_scalar_heat-set_extension_full_range-experiment_scalar-batch1-70-70),409194,cdce0fe2-afb3-4f5b-b302-4ef195955398,2021-02-11 14:03:31,522.216,2021-02-11 13:01:04.933000,2021-02-11 13:09:47.149000,2.0,false,creative,cold,skin,../data/prolific_output/run5_scalar_heat-group_scalar_heat/qu70-s_qu3-batch1.csv
qu70-s_qu3-batch1.csv-2,2,NOT AVAILABLE,NOT AVAILABLE,393254ab-d116-4ce8-b686-bb7c17887d33,PROLIFIC,11-Feb-2021 14:12:00,1174,46557,d5666c14-38c9-4255-a6c2-1e3a06b2fb01,"I could say (a/an) skin is cold, but I would most certainly not mean it literally.","I could say (a/an) anger is hot, but I would most certainly not mean it literally.
I could say (a/an) person is cold, but I would most certainly not mean it literally.
I could say (a/an) story is dark, but I would most certainly not mean it literally.","I could say (a/an) fire is hot, but I would most certainly not mean it literally.
I could say (a/an) stone is heavy, but I would most certainly not mean it literally.
I could say (a/an) argument is liquid, but I would most certainly not mean it literally.",5_scalar_heat-set_extension_full_range,https://app.prolific.co/submissions/complete?cc=135DD3C8,Agree or disagree (run5_scalar_heat-set_extension_full_range-experiment_scalar-batch1-70-70),409427,f1f29000-124e-45e8-a954-860a1ef4ba4e,2021-02-11 14:12:00,818.111,2021-02-11 13:05:51.212000,2021-02-11 13:19:29.323000,6.0,false,creative,cold,skin,../data/prolific_output/run5_scalar_heat-group_scalar_heat/qu70-s_qu3-batch1.csv
qu70-s_qu3-batch1.csv-2,2,NOT AVAILABLE,NOT AVAILABLE,93323109-435d-4f37-a41b-e4a720b53a81,PROLIFIC,11-Feb-2021 13:55:05,1174,46557,d5666c14-38c9-4255-a6c2-1e3a06b2fb01,"I could say (a/an) skin is cold, but I would most certainly not mean it literally.","I could say (a/an) anger is hot, but I would most certainly not mean it literally.
I could say (a/an) person is cold, but I would most certainly not mean it literally.
I could say (a/an) story is dark, but I would most certainly not mean it literally.","I could say (a/an) fire is hot, but I would most certainly not mean it literally.
I could say (a/an) stone is heavy, but I would most certainly not mean it literally.
I could say (a/an) argument is liquid, but I would most certainly not mean it literally.",5_scalar_heat-set_extension_full_range,https://app.prolific.co/submissions/complete?cc=135DD3C8,Agree or disagree (run5_scalar_heat-set_extension_full_range-experiment_scalar-batch1-70-70),408932,b3c96602-fa9e-4f4b-9f4b-8d4c11d53866,2021-02-11 13:55:05,401.872,2021-02-11 12:49:55.451000,2021-02-11 12:56:37.323000,2.0,false,creative,cold,skin,../data/prolific_output/run5_scalar_heat-group_scalar_heat/qu70-s_qu3-batch1.csv
qu70-s_qu3-batch1.csv-2,2,NOT AVAILABLE,NOT AVAILABLE,5dc4ef01-5966-49da-b93c-8694d8e953c4,PROLIFIC,11-Feb-2021 13:41:27,1174,46557,d5666c14-38c9-4255-a6c2-1e3a06b2fb01,"I could say (a/an) skin is cold, but I would most certainly not mean it literally.","I could say (a/an) anger is hot, but I would most certainly not mean it literally.
I could say (a/an) person is cold, but I would most certainly not mean it literally.
I could say (a/an) story is dark, but I would most certainly not mean it literally.","I could say (a/an) fire is hot, but I would most certainly not mean it literally.
I could say (a/an) stone is heavy, but I would most certainly not mean it literally.
I could say (a/an) argument is liquid, but I would most certainly not mean it literally.",5_scalar_heat-set_extension_full_range,https://app.prolific.co/submissions/complete?cc=135DD3C8,Agree or disagree (run5_scalar_heat-set_extension_full_range-experiment_scalar-batch1-70-70),408619,b53cfeaa-bfe2-4f24-84a0-895f751124e3,2021-02-11 13:41:27,443.921,2021-02-11 12:38:29.969000,2021-02-11 12:45:53.890000,7.0,false,creative,cold,skin,../data/prolific_output/run5_scalar_heat-group_scalar_heat/qu70-s_qu3-batch1.csv
qu70-s_qu3-batch1.csv-2,2,NOT AVAILABLE,NOT AVAILABLE,6591e696-4740-4846-875f-72b909d5e0c8,PROLIFIC,11-Feb-2021 14:14:37,1174,46557,d5666c14-38c9-4255-a6c2-1e3a06b2fb01,"I could say (a/an) skin is cold, but I would most certainly not mean it literally.","I could say (a/an) anger is hot, but I would most certainly not mean it literally.
I could say (a/an) person is cold, but I would most certainly not mean it literally.
I could say (a/an) story is dark, but I would most certainly not mean it literally.","I could say (a/an) fire is hot, but I would most certainly not mean it literally.
I could say (a/an) stone is heavy, but I would most certainly not mean it literally.
I could say (a/an) argument is liquid, but I would most certainly not mean it literally.",5_scalar_heat-set_extension_full_range,https://app.prolific.co/submissions/complete?cc=135DD3C8,Agree or disagree (run5_scalar_heat-set_extension_full_range-experiment_scalar-batch1-70-70),409515,78ac6baf-ec1d-4ddf-b1e8-5a96f59319d2,2021-02-11 14:14:37,562.557,2021-02-11 13:10:48.417000,2021-02-11 13:20:10.974000,4.0,false,creative,cold,skin,../data/prolific_output/run5_scalar_heat-group_scalar_heat/qu70-s_qu3-batch1.csv
qu70-s_qu3-batch1.csv-2,2,NOT AVAILABLE,NOT AVAILABLE,c2fac0e6-01c1-4b66-8685-a3cbaffce5ba,PROLIFIC,11-Feb-2021 14:30:26,1174,46557,d5666c14-38c9-4255-a6c2-1e3a06b2fb01,"I could say (a/an) skin is cold, but I would most certainly not mean it literally.","I could say (a/an) anger is hot, but I would most certainly not mean it literally.
I could say (a/an) person is cold, but I would most certainly not mean it literally.
I could say (a/an) story is dark, but I would most certainly not mean it literally.","I could say (a/an) fire is hot, but I would most certainly not mean it literally.
I could say (a/an) stone is heavy, but I would most certainly not mean it literally.
I could say (a/an) argument is liquid, but I would most certainly not mean it literally.",5_scalar_heat-set_extension_full_range,https://app.prolific.co/submissions/complete?cc=135DD3C8,Agree or disagree (run5_scalar_heat-set_extension_full_range-experiment_scalar-batch1-70-70),409930,b537ae2f-6914-40bf-95e4-f5ec74b98bce,2021-02-11 14:30:26,425.954,2021-02-11 13:27:27.892000,2021-02-11 13:34:33.846000,5.0,false,creative,cold,skin,../data/prolific_output/run5_scalar_heat-group_scalar_heat/qu70-s_qu3-batch1.csv
qu70-s_qu3-batch1.csv-2,2,NOT AVAILABLE,NOT AVAILABLE,fa8a70d3-4a4f-439a-b049-c5af1ef4d008,PROLIFIC,11-Feb-2021 15:15:08,1174,46558,044c6f06-089d-42dd-a771-d3a4c3f7f4a4,``Skin'' is one of the first things which come to mind when I hear ``cold' because (a/an) skin is a typical example of things which are cold'. ,``Rainbow'' is one of the first things which come to mind when I hear ``colorful' because (a/an) rainbow is a typical example of things which are colorful'. ,``Dress'' is one of the first things which come to mind when I hear ``white' because (a/an) dress is a typical example of things which are white'. ,5_scalar_heat-set_extension_full_range,https://app.prolific.co/submissions/complete?cc=135DD3C8,Agree or disagree (run5_scalar_heat-set_extension_full_range-experiment_scalar-batch1-70-70),410526,ab885c4d-0dee-4de5-abe6-e4e54b978e2e,2021-02-11 15:15:08,347.665,2021-02-11 14:11:18.938000,2021-02-11 14:17:06.603000,2.0,false,typical_of_property,cold,skin,../data/prolific_output/run5_scalar_heat-group_scalar_heat/qu70-s_qu3-batch1.csv
qu70-s_qu3-batch1.csv-2,2,NOT AVAILABLE,NOT AVAILABLE,67616648-48b2-4c7c-847c-3cfe6d860951,PROLIFIC,11-Feb-2021 13:56:39,1174,46558,044c6f06-089d-42dd-a771-d3a4c3f7f4a4,``Skin'' is one of the first things which come to mind when I hear ``cold' because (a/an) skin is a typical example of things which are cold'. ,``Rainbow'' is one of the first things which come to mind when I hear ``colorful' because (a/an) rainbow is a typical example of things which are colorful'. ,``Dress'' is one of the first things which come to mind when I hear ``white' because (a/an) dress is a typical example of things which are white'. ,5_scalar_heat-set_extension_full_range,https://app.prolific.co/submissions/complete?cc=135DD3C8,Agree or disagree (run5_scalar_heat-set_extension_full_range-experiment_scalar-batch1-70-70),408992,f42ac95d-d6dd-41ba-b51b-8f2400af4048,2021-02-11 13:56:39,949.262,2021-02-11 12:44:12.147000,2021-02-11 13:00:01.409000,20.0,false,typical_of_property,cold,skin,../data/prolific_output/run5_scalar_heat-group_scalar_heat/qu70-s_qu3-batch1.csv
qu70-s_qu3-batch1.csv-2,2,NOT AVAILABLE,NOT AVAILABLE,c5acc5c7-6592-4c17-a004-f364dd26d555,PROLIFIC,11-Feb-2021 14:34:47,1174,46558,044c6f06-089d-42dd-a771-d3a4c3f7f4a4,``Skin'' is one of the first things which come to mind when I hear ``cold' because (a/an) skin is a typical example of things which are cold'. ,``Rainbow'' is one of the first things which come to mind when I hear ``colorful' because (a/an) rainbow is a typical example of things which are colorful'. ,``Dress'' is one of the first things which come to mind when I hear ``white' because (a/an) dress is a typical example of things which are white'. ,5_scalar_heat-set_extension_full_range,https://app.prolific.co/submissions/complete?cc=135DD3C8,Agree or disagree (run5_scalar_heat-set_extension_full_range-experiment_scalar-batch1-70-70),410045,cf237e84-f144-469d-8ba1-277158a80fe5,2021-02-11 14:34:47,865.556,2021-02-11 13:20:47.199000,2021-02-11 13:35:12.755000,36.0,false,typical_of_property,cold,skin,../data/prolific_output/run5_scalar_heat-group_scalar_heat/qu70-s_qu3-batch1.csv
qu70-s_qu3-batch1.csv-2,2,NOT AVAILABLE,NOT AVAILABLE,4143fee4-d4f0-4e3d-901d-91dbd47391f1,PROLIFIC,11-Feb-2021 14:05:58,1174,46558,044c6f06-089d-42dd-a771-d3a4c3f7f4a4,``Skin'' is one of the first things which come to mind when I hear ``cold' because (a/an) skin is a typical example of things which are cold'. ,``Rainbow'' is one of the first things which come to mind when I hear ``colorful' because (a/an) rainbow is a typical example of things which are colorful'. ,``Dress'' is one of the first things which come to mind when I hear ``white' because (a/an) dress is a typical example of things which are white'. ,5_scalar_heat-set_extension_full_range,https://app.prolific.co/submissions/complete?cc=135DD3C8,Agree or disagree (run5_scalar_heat-set_extension_full_range-experiment_scalar-batch1-70-70),409222,c35f8bec-dc72-4b40-8238-5b54c6972a23,2021-02-11 14:05:58,522.216,2021-02-11 13:01:04.933000,2021-02-11 13:09:47.149000,1.0,false,typical_of_property,cold,skin,../data/prolific_output/run5_scalar_heat-group_scalar_heat/qu70-s_qu3-batch1.csv
qu70-s_qu3-batch1.csv-2,2,NOT AVAILABLE,NOT AVAILABLE,393254ab-d116-4ce8-b686-bb7c17887d33,PROLIFIC,11-Feb-2021 14:15:37,1174,46558,044c6f06-089d-42dd-a771-d3a4c3f7f4a4,``Skin'' is one of the first things which come to mind when I hear ``cold' because (a/an) skin is a typical example of things which are cold'. ,``Rainbow'' is one of the first things which come to mind when I hear ``colorful' because (a/an) rainbow is a typical example of things which are colorful'. ,``Dress'' is one of the first things which come to mind when I hear ``white' because (a/an) dress is a typical example of things which are white'. ,5_scalar_heat-set_extension_full_range,https://app.prolific.co/submissions/complete?cc=135DD3C8,Agree or disagree (run5_scalar_heat-set_extension_full_range-experiment_scalar-batch1-70-70),409570,c6b24603-66f5-4ef4-88a3-1bcc22307694,2021-02-11 14:15:37,818.111,2021-02-11 13:05:51.212000,2021-02-11 13:19:29.323000,3.0,false,typical_of_property,cold,skin,../data/prolific_output/run5_scalar_heat-group_scalar_heat/qu70-s_qu3-batch1.csv
qu70-s_qu3-batch1.csv-2,2,NOT AVAILABLE,NOT AVAILABLE,93323109-435d-4f37-a41b-e4a720b53a81,PROLIFIC,11-Feb-2021 13:52:43,1174,46558,044c6f06-089d-42dd-a771-d3a4c3f7f4a4,``Skin'' is one of the first things which come to mind when I hear ``cold' because (a/an) skin is a typical example of things which are cold'. ,``Rainbow'' is one of the first things which come to mind when I hear ``colorful' because (a/an) rainbow is a typical example of things which are colorful'. ,``Dress'' is one of the first things which come to mind when I hear ``white' because (a/an) dress is a typical example of things which are white'. ,5_scalar_heat-set_extension_full_range,https://app.prolific.co/submissions/complete?cc=135DD3C8,Agree or disagree (run5_scalar_heat-set_extension_full_range-experiment_scalar-batch1-70-70),408833,b6a879d2-14ca-4ede-813b-e76842949a79,2021-02-11 13:52:43,401.872,2021-02-11 12:49:55.451000,2021-02-11 12:56:37.323000,3.0,false,typical_of_property,cold,skin,../data/prolific_output/run5_scalar_heat-group_scalar_heat/qu70-s_qu3-batch1.csv
qu70-s_qu3-batch1.csv-2,2,NOT AVAILABLE,NOT AVAILABLE,5dc4ef01-5966-49da-b93c-8694d8e953c4,PROLIFIC,11-Feb-2021 13:43:35,1174,46558,044c6f06-089d-42dd-a771-d3a4c3f7f4a4,``Skin'' is one of the first things which come to mind when I hear ``cold' because (a/an) skin is a typical example of things which are cold'. ,``Rainbow'' is one of the first things which come to mind when I hear ``colorful' because (a/an) rainbow is a typical example of things which are colorful'. ,``Dress'' is one of the first things which come to mind when I hear ``white' because (a/an) dress is a typical example of things which are white'. ,5_scalar_heat-set_extension_full_range,https://app.prolific.co/submissions/complete?cc=135DD3C8,Agree or disagree (run5_scalar_heat-set_extension_full_range-experiment_scalar-batch1-70-70),408653,8f0581d5-972b-44dc-8988-36836a03d615,2021-02-11 13:43:35,443.921,2021-02-11 12:38:29.969000,2021-02-11 12:45:53.890000,7.0,false,typical_of_property,cold,skin,../data/prolific_output/run5_scalar_heat-group_scalar_heat/qu70-s_qu3-batch1.csv
qu70-s_qu3-batch1.csv-2,2,NOT AVAILABLE,NOT AVAILABLE,6591e696-4740-4846-875f-72b909d5e0c8,PROLIFIC,11-Feb-2021 14:15:22,1174,46558,044c6f06-089d-42dd-a771-d3a4c3f7f4a4,``Skin'' is one of the first things which come to mind when I hear ``cold' because (a/an) skin is a typical example of things which are cold'. ,``Rainbow'' is one of the first things which come to mind when I hear ``colorful' because (a/an) rainbow is a typical example of things which are colorful'. ,``Dress'' is one of the first things which come to mind when I hear ``white' because (a/an) dress is a typical example of things which are white'. ,5_scalar_heat-set_extension_full_range,https://app.prolific.co/submissions/complete?cc=135DD3C8,Agree or disagree (run5_scalar_heat-set_extension_full_range-experiment_scalar-batch1-70-70),409555,3ac9c1c4-8826-4476-8e6f-af5d095a265d,2021-02-11 14:15:22,562.557,2021-02-11 13:10:48.417000,2021-02-11 13:20:10.974000,2.0,false,typical_of_property,cold,skin,../data/prolific_output/run5_scalar_heat-group_scalar_heat/qu70-s_qu3-batch1.csv
qu70-s_qu3-batch1.csv-2,2,NOT AVAILABLE,NOT AVAILABLE,c2fac0e6-01c1-4b66-8685-a3cbaffce5ba,PROLIFIC,11-Feb-2021 14:30:48,1174,46558,044c6f06-089d-42dd-a771-d3a4c3f7f4a4,``Skin'' is one of the first things which come to mind when I hear ``cold' because (a/an) skin is a typical example of things which are cold'. ,``Rainbow'' is one of the first things which come to mind when I hear ``colorful' because (a/an) rainbow is a typical example of things which are colorful'. ,``Dress'' is one of the first things which come to mind when I hear ``white' because (a/an) dress is a typical example of things which are white'. ,5_scalar_heat-set_extension_full_range,https://app.prolific.co/submissions/complete?cc=135DD3C8,Agree or disagree (run5_scalar_heat-set_extension_full_range-experiment_scalar-batch1-70-70),409934,2297fa1c-8cee-49cf-8c83-49c555a80a6c,2021-02-11 14:30:48,425.954,2021-02-11 13:27:27.892000,2021-02-11 13:34:33.846000,12.0,false,typical_of_property,cold,skin,../data/prolific_output/run5_scalar_heat-group_scalar_heat/qu70-s_qu3-batch1.csv
qu70-s_qu3-batch1.csv-2,2,NOT AVAILABLE,NOT AVAILABLE,fa8a70d3-4a4f-439a-b049-c5af1ef4d008,PROLIFIC,11-Feb-2021 15:11:57,1174,46559,64c4908d-5c87-492e-9649-ed7dd8ba2598,I think it is impossible for (a/an) skin to be cold.,I think it is impossible for (a/an) flame to be frozen.,I think it is impossible for (a/an) book to be light.,5_scalar_heat-set_extension_full_range,https://app.prolific.co/submissions/complete?cc=135DD3C8,Agree or disagree (run5_scalar_heat-set_extension_full_range-experiment_scalar-batch1-70-70),410490,8ee910a4-a373-4013-917e-09f37ebfb99d,2021-02-11 15:11:57,347.665,2021-02-11 14:11:18.938000,2021-02-11 14:17:06.603000,4.0,false,impossible,cold,skin,../data/prolific_output/run5_scalar_heat-group_scalar_heat/qu70-s_qu3-batch1.csv
qu70-s_qu3-batch1.csv-2,2,NOT AVAILABLE,NOT AVAILABLE,67616648-48b2-4c7c-847c-3cfe6d860951,PROLIFIC,11-Feb-2021 13:49:30,1174,46559,64c4908d-5c87-492e-9649-ed7dd8ba2598,I think it is impossible for (a/an) skin to be cold.,I think it is impossible for (a/an) flame to be frozen.,I think it is impossible for (a/an) book to be light.,5_scalar_heat-set_extension_full_range,https://app.prolific.co/submissions/complete?cc=135DD3C8,Agree or disagree (run5_scalar_heat-set_extension_full_range-experiment_scalar-batch1-70-70),408757,a17e64fa-b91f-4940-a08d-45c6bbfd59d5,2021-02-11 13:49:30,949.262,2021-02-11 12:44:12.147000,2021-02-11 13:00:01.409000,3.0,false,impossible,cold,skin,../data/prolific_output/run5_scalar_heat-group_scalar_heat/qu70-s_qu3-batch1.csv
qu70-s_qu3-batch1.csv-2,2,NOT AVAILABLE,NOT AVAILABLE,c5acc5c7-6592-4c17-a004-f364dd26d555,PROLIFIC,11-Feb-2021 14:32:39,1174,46559,64c4908d-5c87-492e-9649-ed7dd8ba2598,I think it is impossible for (a/an) skin to be cold.,I think it is impossible for (a/an) flame to be frozen.,I think it is impossible for (a/an) book to be light.,5_scalar_heat-set_extension_full_range,https://app.prolific.co/submissions/complete?cc=135DD3C8,Agree or disagree (run5_scalar_heat-set_extension_full_range-experiment_scalar-batch1-70-70),409988,a4f68755-5d25-4d94-9073-40e17b22eb1e,2021-02-11 14:32:39,865.556,2021-02-11 13:20:47.199000,2021-02-11 13:35:12.755000,2.0,false,impossible,cold,skin,../data/prolific_output/run5_scalar_heat-group_scalar_heat/qu70-s_qu3-batch1.csv
qu70-s_qu3-batch1.csv-2,2,NOT AVAILABLE,NOT AVAILABLE,4143fee4-d4f0-4e3d-901d-91dbd47391f1,PROLIFIC,11-Feb-2021 14:09:05,1174,46559,64c4908d-5c87-492e-9649-ed7dd8ba2598,I think it is impossible for (a/an) skin to be cold.,I think it is impossible for (a/an) flame to be frozen.,I think it is impossible for (a/an) book to be light.,5_scalar_heat-set_extension_full_range,https://app.prolific.co/submissions/complete?cc=135DD3C8,Agree or disagree (run5_scalar_heat-set_extension_full_range-experiment_scalar-batch1-70-70),409315,7c335ab7-1424-4973-8ed3-7a71eaa2fe98,2021-02-11 14:09:05,522.216,2021-02-11 13:01:04.933000,2021-02-11 13:09:47.149000,5.0,true,impossible,cold,skin,../data/prolific_output/run5_scalar_heat-group_scalar_heat/qu70-s_qu3-batch1.csv
qu70-s_qu3-batch1.csv-2,2,NOT AVAILABLE,NOT AVAILABLE,393254ab-d116-4ce8-b686-bb7c17887d33,PROLIFIC,11-Feb-2021 14:14:49,1174,46559,64c4908d-5c87-492e-9649-ed7dd8ba2598,I think it is impossible for (a/an) skin to be cold.,I think it is impossible for (a/an) flame to be frozen.,I think it is impossible for (a/an) book to be light.,5_scalar_heat-set_extension_full_range,https://app.prolific.co/submissions/complete?cc=135DD3C8,Agree or disagree (run5_scalar_heat-set_extension_full_range-experiment_scalar-batch1-70-70),409524,90839375-d88a-4b52-a000-db8d56e93ba4,2021-02-11 14:14:49,818.111,2021-02-11 13:05:51.212000,2021-02-11 13:19:29.323000,3.0,false,impossible,cold,skin,../data/prolific_output/run5_scalar_heat-group_scalar_heat/qu70-s_qu3-batch1.csv
qu70-s_qu3-batch1.csv-2,2,NOT AVAILABLE,NOT AVAILABLE,93323109-435d-4f37-a41b-e4a720b53a81,PROLIFIC,11-Feb-2021 13:55:15,1174,46559,64c4908d-5c87-492e-9649-ed7dd8ba2598,I think it is impossible for (a/an) skin to be cold.,I think it is impossible for (a/an) flame to be frozen.,I think it is impossible for (a/an) book to be light.,5_scalar_heat-set_extension_full_range,https://app.prolific.co/submissions/complete?cc=135DD3C8,Agree or disagree (run5_scalar_heat-set_extension_full_range-experiment_scalar-batch1-70-70),408939,b2e6f113-88b0-42c2-bbf6-cbbc114b7607,2021-02-11 13:55:15,401.872,2021-02-11 12:49:55.451000,2021-02-11 12:56:37.323000,3.0,false,impossible,cold,skin,../data/prolific_output/run5_scalar_heat-group_scalar_heat/qu70-s_qu3-batch1.csv
qu70-s_qu3-batch1.csv-2,2,NOT AVAILABLE,NOT AVAILABLE,5dc4ef01-5966-49da-b93c-8694d8e953c4,PROLIFIC,11-Feb-2021 13:44:19,1174,46559,64c4908d-5c87-492e-9649-ed7dd8ba2598,I think it is impossible for (a/an) skin to be cold.,I think it is impossible for (a/an) flame to be frozen.,I think it is impossible for (a/an) book to be light.,5_scalar_heat-set_extension_full_range,https://app.prolific.co/submissions/complete?cc=135DD3C8,Agree or disagree (run5_scalar_heat-set_extension_full_range-experiment_scalar-batch1-70-70),408669,21a8d220-439f-44e5-886f-711fb68ef9f8,2021-02-11 13:44:19,443.921,2021-02-11 12:38:29.969000,2021-02-11 12:45:53.890000,3.0,false,impossible,cold,skin,../data/prolific_output/run5_scalar_heat-group_scalar_heat/qu70-s_qu3-batch1.csv
qu70-s_qu3-batch1.csv-2,2,NOT AVAILABLE,NOT AVAILABLE,6591e696-4740-4846-875f-72b909d5e0c8,PROLIFIC,11-Feb-2021 14:16:31,1174,46559,64c4908d-5c87-492e-9649-ed7dd8ba2598,I think it is impossible for (a/an) skin to be cold.,I think it is impossible for (a/an) flame to be frozen.,I think it is impossible for (a/an) book to be light.,5_scalar_heat-set_extension_full_range,https://app.prolific.co/submissions/complete?cc=135DD3C8,Agree or disagree (run5_scalar_heat-set_extension_full_range-experiment_scalar-batch1-70-70),409617,8fa57dcd-473a-4916-825b-0777623cc1f6,2021-02-11 14:16:31,562.557,2021-02-11 13:10:48.417000,2021-02-11 13:20:10.974000,2.0,false,impossible,cold,skin,../data/prolific_output/run5_scalar_heat-group_scalar_heat/qu70-s_qu3-batch1.csv
qu70-s_qu3-batch1.csv-2,2,NOT AVAILABLE,NOT AVAILABLE,c2fac0e6-01c1-4b66-8685-a3cbaffce5ba,PROLIFIC,11-Feb-2021 14:33:01,1174,46559,64c4908d-5c87-492e-9649-ed7dd8ba2598,I think it is impossible for (a/an) skin to be cold.,I think it is impossible for (a/an) flame to be frozen.,I think it is impossible for (a/an) book to be light.,5_scalar_heat-set_extension_full_range,https://app.prolific.co/submissions/complete?cc=135DD3C8,Agree or disagree (run5_scalar_heat-set_extension_full_range-experiment_scalar-batch1-70-70),409998,97697509-705f-44ff-8971-248b5eeb6c4b,2021-02-11 14:33:01,425.954,2021-02-11 13:27:27.892000,2021-02-11 13:34:33.846000,3.0,false,impossible,cold,skin,../data/prolific_output/run5_scalar_heat-group_scalar_heat/qu70-s_qu3-batch1.csv
qu70-s_qu3-batch1.csv-2,2,NOT AVAILABLE,NOT AVAILABLE,fa8a70d3-4a4f-439a-b049-c5af1ef4d008,PROLIFIC,11-Feb-2021 15:13:51,1174,46560,2d76fd5b-3f61-4192-b041-a849d1d489c0,``Cold'' is one for the first things which come to mind when I hear ``skin' because cold is one of the typical temperatures of (a/an) skin'.,``Heavy'' is one for the first things which come to mind when I hear ``rock' because heavy is one of the typical qualities of (a/an) rock'.,``Bright'' is one for the first things which come to mind when I hear ``mug' because bright is one of the typical appearances of (a/an) mug'.,5_scalar_heat-set_extension_full_range,https://app.prolific.co/submissions/complete?cc=135DD3C8,Agree or disagree (run5_scalar_heat-set_extension_full_range-experiment_scalar-batch1-70-70),410509,b5604885-eb27-411a-b874-d049f888016b,2021-02-11 15:13:51,347.665,2021-02-11 14:11:18.938000,2021-02-11 14:17:06.603000,3.0,false,typical_of_concept,cold,skin,../data/prolific_output/run5_scalar_heat-group_scalar_heat/qu70-s_qu3-batch1.csv
qu70-s_qu3-batch1.csv-2,2,NOT AVAILABLE,NOT AVAILABLE,67616648-48b2-4c7c-847c-3cfe6d860951,PROLIFIC,11-Feb-2021 13:51:01,1174,46560,2d76fd5b-3f61-4192-b041-a849d1d489c0,``Cold'' is one for the first things which come to mind when I hear ``skin' because cold is one of the typical temperatures of (a/an) skin'.,``Heavy'' is one for the first things which come to mind when I hear ``rock' because heavy is one of the typical qualities of (a/an) rock'.,``Bright'' is one for the first things which come to mind when I hear ``mug' because bright is one of the typical appearances of (a/an) mug'.,5_scalar_heat-set_extension_full_range,https://app.prolific.co/submissions/complete?cc=135DD3C8,Agree or disagree (run5_scalar_heat-set_extension_full_range-experiment_scalar-batch1-70-70),408783,206495d2-0a32-41e4-b82a-5cdb704b401a,2021-02-11 13:51:01,949.262,2021-02-11 12:44:12.147000,2021-02-11 13:00:01.409000,6.0,false,typical_of_concept,cold,skin,../data/prolific_output/run5_scalar_heat-group_scalar_heat/qu70-s_qu3-batch1.csv
qu70-s_qu3-batch1.csv-2,2,NOT AVAILABLE,NOT AVAILABLE,c5acc5c7-6592-4c17-a004-f364dd26d555,PROLIFIC,11-Feb-2021 14:23:16,1174,46560,2d76fd5b-3f61-4192-b041-a849d1d489c0,``Cold'' is one for the first things which come to mind when I hear ``skin' because cold is one of the typical temperatures of (a/an) skin'.,``Heavy'' is one for the first things which come to mind when I hear ``rock' because heavy is one of the typical qualities of (a/an) rock'.,``Bright'' is one for the first things which come to mind when I hear ``mug' because bright is one of the typical appearances of (a/an) mug'.,5_scalar_heat-set_extension_full_range,https://app.prolific.co/submissions/complete?cc=135DD3C8,Agree or disagree (run5_scalar_heat-set_extension_full_range-experiment_scalar-batch1-70-70),409819,9c53fd7d-ffee-4dd1-ac70-6c85319f348e,2021-02-11 14:23:16,865.556,2021-02-11 13:20:47.199000,2021-02-11 13:35:12.755000,4.0,false,typical_of_concept,cold,skin,../data/prolific_output/run5_scalar_heat-group_scalar_heat/qu70-s_qu3-batch1.csv
qu70-s_qu3-batch1.csv-2,2,NOT AVAILABLE,NOT AVAILABLE,4143fee4-d4f0-4e3d-901d-91dbd47391f1,PROLIFIC,11-Feb-2021 14:09:00,1174,46560,2d76fd5b-3f61-4192-b041-a849d1d489c0,``Cold'' is one for the first things which come to mind when I hear ``skin' because cold is one of the typical temperatures of (a/an) skin'.,``Heavy'' is one for the first things which come to mind when I hear ``rock' because heavy is one of the typical qualities of (a/an) rock'.,``Bright'' is one for the first things which come to mind when I hear ``mug' because bright is one of the typical appearances of (a/an) mug'.,5_scalar_heat-set_extension_full_range,https://app.prolific.co/submissions/complete?cc=135DD3C8,Agree or disagree (run5_scalar_heat-set_extension_full_range-experiment_scalar-batch1-70-70),409312,79d1c90b-e7af-4897-8a3b-572149a04159,2021-02-11 14:09:00,522.216,2021-02-11 13:01:04.933000,2021-02-11 13:09:47.149000,4.0,false,typical_of_concept,cold,skin,../data/prolific_output/run5_scalar_heat-group_scalar_heat/qu70-s_qu3-batch1.csv
qu70-s_qu3-batch1.csv-2,2,NOT AVAILABLE,NOT AVAILABLE,393254ab-d116-4ce8-b686-bb7c17887d33,PROLIFIC,11-Feb-2021 14:18:16,1174,46560,2d76fd5b-3f61-4192-b041-a849d1d489c0,``Cold'' is one for the first things which come to mind when I hear ``skin' because cold is one of the typical temperatures of (a/an) skin'.,``Heavy'' is one for the first things which come to mind when I hear ``rock' because heavy is one of the typical qualities of (a/an) rock'.,``Bright'' is one for the first things which come to mind when I hear ``mug' because bright is one of the typical appearances of (a/an) mug'.,5_scalar_heat-set_extension_full_range,https://app.prolific.co/submissions/complete?cc=135DD3C8,Agree or disagree (run5_scalar_heat-set_extension_full_range-experiment_scalar-batch1-70-70),409697,baaf83cc-2884-4cfb-8c9a-80af2505f723,2021-02-11 14:18:16,818.111,2021-02-11 13:05:51.212000,2021-02-11 13:19:29.323000,7.0,false,typical_of_concept,cold,skin,../data/prolific_output/run5_scalar_heat-group_scalar_heat/qu70-s_qu3-batch1.csv
qu70-s_qu3-batch1.csv-2,2,NOT AVAILABLE,NOT AVAILABLE,93323109-435d-4f37-a41b-e4a720b53a81,PROLIFIC,11-Feb-2021 13:55:24,1174,46560,2d76fd5b-3f61-4192-b041-a849d1d489c0,``Cold'' is one for the first things which come to mind when I hear ``skin' because cold is one of the typical temperatures of (a/an) skin'.,``Heavy'' is one for the first things which come to mind when I hear ``rock' because heavy is one of the typical qualities of (a/an) rock'.,``Bright'' is one for the first things which come to mind when I hear ``mug' because bright is one of the typical appearances of (a/an) mug'.,5_scalar_heat-set_extension_full_range,https://app.prolific.co/submissions/complete?cc=135DD3C8,Agree or disagree (run5_scalar_heat-set_extension_full_range-experiment_scalar-batch1-70-70),408944,66030e79-29e5-41e2-b97f-fb5f750a1a97,2021-02-11 13:55:24,401.872,2021-02-11 12:49:55.451000,2021-02-11 12:56:37.323000,5.0,false,typical_of_concept,cold,skin,../data/prolific_output/run5_scalar_heat-group_scalar_heat/qu70-s_qu3-batch1.csv
qu70-s_qu3-batch1.csv-2,2,NOT AVAILABLE,NOT AVAILABLE,5dc4ef01-5966-49da-b93c-8694d8e953c4,PROLIFIC,11-Feb-2021 13:45:50,1174,46560,2d76fd5b-3f61-4192-b041-a849d1d489c0,``Cold'' is one for the first things which come to mind when I hear ``skin' because cold is one of the typical temperatures of (a/an) skin'.,``Heavy'' is one for the first things which come to mind when I hear ``rock' because heavy is one of the typical qualities of (a/an) rock'.,``Bright'' is one for the first things which come to mind when I hear ``mug' because bright is one of the typical appearances of (a/an) mug'.,5_scalar_heat-set_extension_full_range,https://app.prolific.co/submissions/complete?cc=135DD3C8,Agree or disagree (run5_scalar_heat-set_extension_full_range-experiment_scalar-batch1-70-70),408705,259d8349-3c91-4164-8f5b-76d8d4c43d8a,2021-02-11 13:45:50,443.921,2021-02-11 12:38:29.969000,2021-02-11 12:45:53.890000,8.89,false,typical_of_concept,cold,skin,../data/prolific_output/run5_scalar_heat-group_scalar_heat/qu70-s_qu3-batch1.csv
qu70-s_qu3-batch1.csv-2,2,NOT AVAILABLE,NOT AVAILABLE,6591e696-4740-4846-875f-72b909d5e0c8,PROLIFIC,11-Feb-2021 14:19:26,1174,46560,2d76fd5b-3f61-4192-b041-a849d1d489c0,``Cold'' is one for the first things which come to mind when I hear ``skin' because cold is one of the typical temperatures of (a/an) skin'.,``Heavy'' is one for the first things which come to mind when I hear ``rock' because heavy is one of the typical qualities of (a/an) rock'.,``Bright'' is one for the first things which come to mind when I hear ``mug' because bright is one of the typical appearances of (a/an) mug'.,5_scalar_heat-set_extension_full_range,https://app.prolific.co/submissions/complete?cc=135DD3C8,Agree or disagree (run5_scalar_heat-set_extension_full_range-experiment_scalar-batch1-70-70),409754,a2cdb52d-d67c-4b60-8d52-766d8dcfe2cf,2021-02-11 14:19:26,562.557,2021-02-11 13:10:48.417000,2021-02-11 13:20:10.974000,1.0,false,typical_of_concept,cold,skin,../data/prolific_output/run5_scalar_heat-group_scalar_heat/qu70-s_qu3-batch1.csv
qu70-s_qu3-batch1.csv-2,2,NOT AVAILABLE,NOT AVAILABLE,c2fac0e6-01c1-4b66-8685-a3cbaffce5ba,PROLIFIC,11-Feb-2021 14:31:40,1174,46560,2d76fd5b-3f61-4192-b041-a849d1d489c0,``Cold'' is one for the first things which come to mind when I hear ``skin' because cold is one of the typical temperatures of (a/an) skin'.,``Heavy'' is one for the first things which come to mind when I hear ``rock' because heavy is one of the typical qualities of (a/an) rock'.,``Bright'' is one for the first things which come to mind when I hear ``mug' because bright is one of the typical appearances of (a/an) mug'.,5_scalar_heat-set_extension_full_range,https://app.prolific.co/submissions/complete?cc=135DD3C8,Agree or disagree (run5_scalar_heat-set_extension_full_range-experiment_scalar-batch1-70-70),409953,26f557c6-65ba-43b5-8677-b5c14763c60b,2021-02-11 14:31:40,425.954,2021-02-11 13:27:27.892000,2021-02-11 13:34:33.846000,2.0,false,typical_of_concept,cold,skin,../data/prolific_output/run5_scalar_heat-group_scalar_heat/qu70-s_qu3-batch1.csv
qu70-s_qu3-batch1.csv-2,2,NOT AVAILABLE,NOT AVAILABLE,fa8a70d3-4a4f-439a-b049-c5af1ef4d008,PROLIFIC,11-Feb-2021 15:14:53,1174,46561,4b4843e0-c26c-4abe-bab6-4aefec1581c0,"You can find (a/an) coffee which is cold. (A/an) coffee is usually either cold, a bit more or less cold or the opposite of cold.","You can find (a/an) chocolate which is bitter. (A/an) chocolate is usually either bitter, a bit more or less bitter or the opposite of bitter.","You can find (a/an) diamond which is soft. (A/an) diamond is usually either soft, a bit more or less soft or the opposite of soft.",5_scalar_heat-set_extension_full_range,https://app.prolific.co/submissions/complete?cc=135DD3C8,Agree or disagree (run5_scalar_heat-set_extension_full_range-experiment_scalar-batch1-70-70),410521,1660622a-e1c5-4838-9f13-62c98585df9a,2021-02-11 15:14:53,347.665,2021-02-11 14:11:18.938000,2021-02-11 14:17:06.603000,6.0,true,variability_open,cold,coffee,../data/prolific_output/run5_scalar_heat-group_scalar_heat/qu70-s_qu3-batch1.csv
qu70-s_qu3-batch1.csv-2,2,NOT AVAILABLE,NOT AVAILABLE,67616648-48b2-4c7c-847c-3cfe6d860951,PROLIFIC,11-Feb-2021 13:53:00,1174,46561,4b4843e0-c26c-4abe-bab6-4aefec1581c0,"You can find (a/an) coffee which is cold. (A/an) coffee is usually either cold, a bit more or less cold or the opposite of cold.","You can find (a/an) chocolate which is bitter. (A/an) chocolate is usually either bitter, a bit more or less bitter or the opposite of bitter.","You can find (a/an) diamond which is soft. (A/an) diamond is usually either soft, a bit more or less soft or the opposite of soft.",5_scalar_heat-set_extension_full_range,https://app.prolific.co/submissions/complete?cc=135DD3C8,Agree or disagree (run5_scalar_heat-set_extension_full_range-experiment_scalar-batch1-70-70),408846,11431afa-783e-4217-b94f-b0f09bf43e9f,2021-02-11 13:53:00,949.262,2021-02-11 12:44:12.147000,2021-02-11 13:00:01.409000,4.0,true,variability_open,cold,coffee,../data/prolific_output/run5_scalar_heat-group_scalar_heat/qu70-s_qu3-batch1.csv
qu70-s_qu3-batch1.csv-2,2,NOT AVAILABLE,NOT AVAILABLE,c5acc5c7-6592-4c17-a004-f364dd26d555,PROLIFIC,11-Feb-2021 14:33:38,1174,46561,4b4843e0-c26c-4abe-bab6-4aefec1581c0,"You can find (a/an) coffee which is cold. (A/an) coffee is usually either cold, a bit more or less cold or the opposite of cold.","You can find (a/an) chocolate which is bitter. (A/an) chocolate is usually either bitter, a bit more or less bitter or the opposite of bitter.","You can find (a/an) diamond which is soft. (A/an) diamond is usually either soft, a bit more or less soft or the opposite of soft.",5_scalar_heat-set_extension_full_range,https://app.prolific.co/submissions/complete?cc=135DD3C8,Agree or disagree (run5_scalar_heat-set_extension_full_range-experiment_scalar-batch1-70-70),410018,e1b66285-745d-402b-b7a5-821a27a098ca,2021-02-11 14:33:38,865.556,2021-02-11 13:20:47.199000,2021-02-11 13:35:12.755000,6.0,true,variability_open,cold,coffee,../data/prolific_output/run5_scalar_heat-group_scalar_heat/qu70-s_qu3-batch1.csv
qu70-s_qu3-batch1.csv-2,2,NOT AVAILABLE,NOT AVAILABLE,4143fee4-d4f0-4e3d-901d-91dbd47391f1,PROLIFIC,11-Feb-2021 14:04:00,1174,46561,4b4843e0-c26c-4abe-bab6-4aefec1581c0,"You can find (a/an) coffee which is cold. (A/an) coffee is usually either cold, a bit more or less cold or the opposite of cold.","You can find (a/an) chocolate which is bitter. (A/an) chocolate is usually either bitter, a bit more or less bitter or the opposite of bitter.","You can find (a/an) diamond which is soft. (A/an) diamond is usually either soft, a bit more or less soft or the opposite of soft.",5_scalar_heat-set_extension_full_range,https://app.prolific.co/submissions/complete?cc=135DD3C8,Agree or disagree (run5_scalar_heat-set_extension_full_range-experiment_scalar-batch1-70-70),409201,170877a1-2bb6-4700-86fb-f8bb1f67058e,2021-02-11 14:04:00,522.216,2021-02-11 13:01:04.933000,2021-02-11 13:09:47.149000,6.0,false,variability_open,cold,coffee,../data/prolific_output/run5_scalar_heat-group_scalar_heat/qu70-s_qu3-batch1.csv
qu70-s_qu3-batch1.csv-2,2,NOT AVAILABLE,NOT AVAILABLE,393254ab-d116-4ce8-b686-bb7c17887d33,PROLIFIC,11-Feb-2021 14:16:32,1174,46561,4b4843e0-c26c-4abe-bab6-4aefec1581c0,"You can find (a/an) coffee which is cold. (A/an) coffee is usually either cold, a bit more or less cold or the opposite of cold.","You can find (a/an) chocolate which is bitter. (A/an) chocolate is usually either bitter, a bit more or less bitter or the opposite of bitter.","You can find (a/an) diamond which is soft. (A/an) diamond is usually either soft, a bit more or less soft or the opposite of soft.",5_scalar_heat-set_extension_full_range,https://app.prolific.co/submissions/complete?cc=135DD3C8,Agree or disagree (run5_scalar_heat-set_extension_full_range-experiment_scalar-batch1-70-70),409618,8c2afbda-cac4-4526-a38a-527ea94d7507,2021-02-11 14:16:32,818.111,2021-02-11 13:05:51.212000,2021-02-11 13:19:29.323000,9.0,true,variability_open,cold,coffee,../data/prolific_output/run5_scalar_heat-group_scalar_heat/qu70-s_qu3-batch1.csv
qu70-s_qu3-batch1.csv-2,2,NOT AVAILABLE,NOT AVAILABLE,93323109-435d-4f37-a41b-e4a720b53a81,PROLIFIC,11-Feb-2021 13:52:36,1174,46561,4b4843e0-c26c-4abe-bab6-4aefec1581c0,"You can find (a/an) coffee which is cold. (A/an) coffee is usually either cold, a bit more or less cold or the opposite of cold.","You can find (a/an) chocolate which is bitter. (A/an) chocolate is usually either bitter, a bit more or less bitter or the opposite of bitter.","You can find (a/an) diamond which is soft. (A/an) diamond is usually either soft, a bit more or less soft or the opposite of soft.",5_scalar_heat-set_extension_full_range,https://app.prolific.co/submissions/complete?cc=135DD3C8,Agree or disagree (run5_scalar_heat-set_extension_full_range-experiment_scalar-batch1-70-70),408828,78c6b81b-89ac-426d-a534-9dbe5904d1c9,2021-02-11 13:52:36,401.872,2021-02-11 12:49:55.451000,2021-02-11 12:56:37.323000,8.0,false,variability_open,cold,coffee,../data/prolific_output/run5_scalar_heat-group_scalar_heat/qu70-s_qu3-batch1.csv
qu70-s_qu3-batch1.csv-2,2,NOT AVAILABLE,NOT AVAILABLE,5dc4ef01-5966-49da-b93c-8694d8e953c4,PROLIFIC,11-Feb-2021 13:43:46,1174,46561,4b4843e0-c26c-4abe-bab6-4aefec1581c0,"You can find (a/an) coffee which is cold. (A/an) coffee is usually either cold, a bit more or less cold or the opposite of cold.","You can find (a/an) chocolate which is bitter. (A/an) chocolate is usually either bitter, a bit more or less bitter or the opposite of bitter.","You can find (a/an) diamond which is soft. (A/an) diamond is usually either soft, a bit more or less soft or the opposite of soft.",5_scalar_heat-set_extension_full_range,https://app.prolific.co/submissions/complete?cc=135DD3C8,Agree or disagree (run5_scalar_heat-set_extension_full_range-experiment_scalar-batch1-70-70),408655,b01076d6-78f7-4b0f-880c-49bfc7770daa,2021-02-11 13:43:46,443.921,2021-02-11 12:38:29.969000,2021-02-11 12:45:53.890000,5.0,true,variability_open,cold,coffee,../data/prolific_output/run5_scalar_heat-group_scalar_heat/qu70-s_qu3-batch1.csv
qu70-s_qu3-batch1.csv-2,2,NOT AVAILABLE,NOT AVAILABLE,6591e696-4740-4846-875f-72b909d5e0c8,PROLIFIC,11-Feb-2021 14:14:42,1174,46561,4b4843e0-c26c-4abe-bab6-4aefec1581c0,"You can find (a/an) coffee which is cold. (A/an) coffee is usually either cold, a bit more or less cold or the opposite of cold.","You can find (a/an) chocolate which is bitter. (A/an) chocolate is usually either bitter, a bit more or less bitter or the opposite of bitter.","You can find (a/an) diamond which is soft. (A/an) diamond is usually either soft, a bit more or less soft or the opposite of soft.",5_scalar_heat-set_extension_full_range,https://app.prolific.co/submissions/complete?cc=135DD3C8,Agree or disagree (run5_scalar_heat-set_extension_full_range-experiment_scalar-batch1-70-70),409518,8ad1a32d-2d5f-4ea9-9020-b0dae42e3370,2021-02-11 14:14:42,562.557,2021-02-11 13:10:48.417000,2021-02-11 13:20:10.974000,5.0,true,variability_open,cold,coffee,../data/prolific_output/run5_scalar_heat-group_scalar_heat/qu70-s_qu3-batch1.csv
qu70-s_qu3-batch1.csv-2,2,NOT AVAILABLE,NOT AVAILABLE,c2fac0e6-01c1-4b66-8685-a3cbaffce5ba,PROLIFIC,11-Feb-2021 14:34:20,1174,46561,4b4843e0-c26c-4abe-bab6-4aefec1581c0,"You can find (a/an) coffee which is cold. (A/an) coffee is usually either cold, a bit more or less cold or the opposite of cold.","You can find (a/an) chocolate which is bitter. (A/an) chocolate is usually either bitter, a bit more or less bitter or the opposite of bitter.","You can find (a/an) diamond which is soft. (A/an) diamond is usually either soft, a bit more or less soft or the opposite of soft.",5_scalar_heat-set_extension_full_range,https://app.prolific.co/submissions/complete?cc=135DD3C8,Agree or disagree (run5_scalar_heat-set_extension_full_range-experiment_scalar-batch1-70-70),410041,301bb16c-4bdd-4db8-b538-77910d57bd6f,2021-02-11 14:34:20,425.954,2021-02-11 13:27:27.892000,2021-02-11 13:34:33.846000,2.0,true,variability_open,cold,coffee,../data/prolific_output/run5_scalar_heat-group_scalar_heat/qu70-s_qu3-batch1.csv
qu70-s_qu3-batch1.csv-2,2,NOT AVAILABLE,NOT AVAILABLE,fa8a70d3-4a4f-439a-b049-c5af1ef4d008,PROLIFIC,11-Feb-2021 15:16:58,1174,46562,84e8e627-1104-4f66-b8af-59fcd08b9bc5,You can find (a/an) coffee which is cold. (A/an) coffee is usually either cold or not cold. It cannot be a bit more or less cold.,You can find (a/an) substance which is liquid. (A/an) substance is usually either liquid or not liquid. It cannot be a bit more or less liquid.,You can find (a/an) knife which is sharp. (A/an) knife is usually either sharp or not sharp. It cannot be a bit more or less sharp.,5_scalar_heat-set_extension_full_range,https://app.prolific.co/submissions/complete?cc=135DD3C8,Agree or disagree (run5_scalar_heat-set_extension_full_range-experiment_scalar-batch1-70-70),410557,13888077-da09-4bde-a2de-c4b820438de9,2021-02-11 15:16:58,347.665,2021-02-11 14:11:18.938000,2021-02-11 14:17:06.603000,6.0,false,variability_limited,cold,coffee,../data/prolific_output/run5_scalar_heat-group_scalar_heat/qu70-s_qu3-batch1.csv
qu70-s_qu3-batch1.csv-2,2,NOT AVAILABLE,NOT AVAILABLE,67616648-48b2-4c7c-847c-3cfe6d860951,PROLIFIC,11-Feb-2021 13:56:45,1174,46562,84e8e627-1104-4f66-b8af-59fcd08b9bc5,You can find (a/an) coffee which is cold. (A/an) coffee is usually either cold or not cold. It cannot be a bit more or less cold.,You can find (a/an) substance which is liquid. (A/an) substance is usually either liquid or not liquid. It cannot be a bit more or less liquid.,You can find (a/an) knife which is sharp. (A/an) knife is usually either sharp or not sharp. It cannot be a bit more or less sharp.,5_scalar_heat-set_extension_full_range,https://app.prolific.co/submissions/complete?cc=135DD3C8,Agree or disagree (run5_scalar_heat-set_extension_full_range-experiment_scalar-batch1-70-70),408994,f9e6053e-110b-4686-9112-fded173f0391,2021-02-11 13:56:45,949.262,2021-02-11 12:44:12.147000,2021-02-11 13:00:01.409000,6.0,false,variability_limited,cold,coffee,../data/prolific_output/run5_scalar_heat-group_scalar_heat/qu70-s_qu3-batch1.csv
qu70-s_qu3-batch1.csv-2,2,NOT AVAILABLE,NOT AVAILABLE,c5acc5c7-6592-4c17-a004-f364dd26d555,PROLIFIC,11-Feb-2021 14:26:26,1174,46562,84e8e627-1104-4f66-b8af-59fcd08b9bc5,You can find (a/an) coffee which is cold. (A/an) coffee is usually either cold or not cold. It cannot be a bit more or less cold.,You can find (a/an) substance which is liquid. (A/an) substance is usually either liquid or not liquid. It cannot be a bit more or less liquid.,You can find (a/an) knife which is sharp. (A/an) knife is usually either sharp or not sharp. It cannot be a bit more or less sharp.,5_scalar_heat-set_extension_full_range,https://app.prolific.co/submissions/complete?cc=135DD3C8,Agree or disagree (run5_scalar_heat-set_extension_full_range-experiment_scalar-batch1-70-70),409861,89aab252-3c1b-499a-8c67-0c575fa530c4,2021-02-11 14:26:26,865.556,2021-02-11 13:20:47.199000,2021-02-11 13:35:12.755000,44.0,true,variability_limited,cold,coffee,../data/prolific_output/run5_scalar_heat-group_scalar_heat/qu70-s_qu3-batch1.csv
qu70-s_qu3-batch1.csv-2,2,NOT AVAILABLE,NOT AVAILABLE,4143fee4-d4f0-4e3d-901d-91dbd47391f1,PROLIFIC,11-Feb-2021 14:05:22,1174,46562,84e8e627-1104-4f66-b8af-59fcd08b9bc5,You can find (a/an) coffee which is cold. (A/an) coffee is usually either cold or not cold. It cannot be a bit more or less cold.,You can find (a/an) substance which is liquid. (A/an) substance is usually either liquid or not liquid. It cannot be a bit more or less liquid.,You can find (a/an) knife which is sharp. (A/an) knife is usually either sharp or not sharp. It cannot be a bit more or less sharp.,5_scalar_heat-set_extension_full_range,https://app.prolific.co/submissions/complete?cc=135DD3C8,Agree or disagree (run5_scalar_heat-set_extension_full_range-experiment_scalar-batch1-70-70),409210,7b5f8128-95c6-4a74-8ebb-999887f12550,2021-02-11 14:05:22,522.216,2021-02-11 13:01:04.933000,2021-02-11 13:09:47.149000,4.0,false,variability_limited,cold,coffee,../data/prolific_output/run5_scalar_heat-group_scalar_heat/qu70-s_qu3-batch1.csv
qu70-s_qu3-batch1.csv-2,2,NOT AVAILABLE,NOT AVAILABLE,393254ab-d116-4ce8-b686-bb7c17887d33,PROLIFIC,11-Feb-2021 14:12:32,1174,46562,84e8e627-1104-4f66-b8af-59fcd08b9bc5,You can find (a/an) coffee which is cold. (A/an) coffee is usually either cold or not cold. It cannot be a bit more or less cold.,You can find (a/an) substance which is liquid. (A/an) substance is usually either liquid or not liquid. It cannot be a bit more or less liquid.,You can find (a/an) knife which is sharp. (A/an) knife is usually either sharp or not sharp. It cannot be a bit more or less sharp.,5_scalar_heat-set_extension_full_range,https://app.prolific.co/submissions/complete?cc=135DD3C8,Agree or disagree (run5_scalar_heat-set_extension_full_range-experiment_scalar-batch1-70-70),409442,b2af944b-bed3-4717-9559-f201fdf6a2b1,2021-02-11 14:12:32,818.111,2021-02-11 13:05:51.212000,2021-02-11 13:19:29.323000,28.0,false,variability_limited,cold,coffee,../data/prolific_output/run5_scalar_heat-group_scalar_heat/qu70-s_qu3-batch1.csv
qu70-s_qu3-batch1.csv-2,2,NOT AVAILABLE,NOT AVAILABLE,93323109-435d-4f37-a41b-e4a720b53a81,PROLIFIC,11-Feb-2021 13:54:15,1174,46562,84e8e627-1104-4f66-b8af-59fcd08b9bc5,You can find (a/an) coffee which is cold. (A/an) coffee is usually either cold or not cold. It cannot be a bit more or less cold.,You can find (a/an) substance which is liquid. (A/an) substance is usually either liquid or not liquid. It cannot be a bit more or less liquid.,You can find (a/an) knife which is sharp. (A/an) knife is usually either sharp or not sharp. It cannot be a bit more or less sharp.,5_scalar_heat-set_extension_full_range,https://app.prolific.co/submissions/complete?cc=135DD3C8,Agree or disagree (run5_scalar_heat-set_extension_full_range-experiment_scalar-batch1-70-70),408896,7114edcc-7b32-4635-b191-2b83793b9d77,2021-02-11 13:54:15,401.872,2021-02-11 12:49:55.451000,2021-02-11 12:56:37.323000,4.0,false,variability_limited,cold,coffee,../data/prolific_output/run5_scalar_heat-group_scalar_heat/qu70-s_qu3-batch1.csv
qu70-s_qu3-batch1.csv-2,2,NOT AVAILABLE,NOT AVAILABLE,5dc4ef01-5966-49da-b93c-8694d8e953c4,PROLIFIC,11-Feb-2021 13:44:10,1174,46562,84e8e627-1104-4f66-b8af-59fcd08b9bc5,You can find (a/an) coffee which is cold. (A/an) coffee is usually either cold or not cold. It cannot be a bit more or less cold.,You can find (a/an) substance which is liquid. (A/an) substance is usually either liquid or not liquid. It cannot be a bit more or less liquid.,You can find (a/an) knife which is sharp. (A/an) knife is usually either sharp or not sharp. It cannot be a bit more or less sharp.,5_scalar_heat-set_extension_full_range,https://app.prolific.co/submissions/complete?cc=135DD3C8,Agree or disagree (run5_scalar_heat-set_extension_full_range-experiment_scalar-batch1-70-70),408665,37d75be8-ee80-4081-bc58-4f123bdafef0,2021-02-11 13:44:10,443.921,2021-02-11 12:38:29.969000,2021-02-11 12:45:53.890000,5.0,false,variability_limited,cold,coffee,../data/prolific_output/run5_scalar_heat-group_scalar_heat/qu70-s_qu3-batch1.csv
qu70-s_qu3-batch1.csv-2,2,NOT AVAILABLE,NOT AVAILABLE,6591e696-4740-4846-875f-72b909d5e0c8,PROLIFIC,11-Feb-2021 14:18:32,1174,46562,84e8e627-1104-4f66-b8af-59fcd08b9bc5,You can find (a/an) coffee which is cold. (A/an) coffee is usually either cold or not cold. It cannot be a bit more or less cold.,You can find (a/an) substance which is liquid. (A/an) substance is usually either liquid or not liquid. It cannot be a bit more or less liquid.,You can find (a/an) knife which is sharp. (A/an) knife is usually either sharp or not sharp. It cannot be a bit more or less sharp.,5_scalar_heat-set_extension_full_range,https://app.prolific.co/submissions/complete?cc=135DD3C8,Agree or disagree (run5_scalar_heat-set_extension_full_range-experiment_scalar-batch1-70-70),409713,f95d69d3-c61c-4838-8cc1-629d5f709344,2021-02-11 14:18:32,562.557,2021-02-11 13:10:48.417000,2021-02-11 13:20:10.974000,4.0,false,variability_limited,cold,coffee,../data/prolific_output/run5_scalar_heat-group_scalar_heat/qu70-s_qu3-batch1.csv
qu70-s_qu3-batch1.csv-2,2,NOT AVAILABLE,NOT AVAILABLE,c2fac0e6-01c1-4b66-8685-a3cbaffce5ba,PROLIFIC,11-Feb-2021 14:33:28,1174,46562,84e8e627-1104-4f66-b8af-59fcd08b9bc5,You can find (a/an) coffee which is cold. (A/an) coffee is usually either cold or not cold. It cannot be a bit more or less cold.,You can find (a/an) substance which is liquid. (A/an) substance is usually either liquid or not liquid. It cannot be a bit more or less liquid.,You can find (a/an) knife which is sharp. (A/an) knife is usually either sharp or not sharp. It cannot be a bit more or less sharp.,5_scalar_heat-set_extension_full_range,https://app.prolific.co/submissions/complete?cc=135DD3C8,Agree or disagree (run5_scalar_heat-set_extension_full_range-experiment_scalar-batch1-70-70),410013,90604dc2-3180-40a1-8490-0992ae1e6ddd,2021-02-11 14:33:28,425.954,2021-02-11 13:27:27.892000,2021-02-11 13:34:33.846000,5.0,false,variability_limited,cold,coffee,../data/prolific_output/run5_scalar_heat-group_scalar_heat/qu70-s_qu3-batch1.csv
qu70-s_qu3-batch1.csv-2,2,NOT AVAILABLE,NOT AVAILABLE,fa8a70d3-4a4f-439a-b049-c5af1ef4d008,PROLIFIC,11-Feb-2021 15:15:51,1174,46563,9293eedf-8128-45cd-88d7-75362e485a8a,"I could say (a/an) coffee is cold, but I would most certainly not mean it literally.","I could say (a/an) anger is hot, but I would most certainly not mean it literally.
I could say (a/an) person is cold, but I would most certainly not mean it literally.
I could say (a/an) story is dark, but I would most certainly not mean it literally.","I could say (a/an) fire is hot, but I would most certainly not mean it literally.
I could say (a/an) stone is heavy, but I would most certainly not mean it literally.
I could say (a/an) argument is liquid, but I would most certainly not mean it literally.",5_scalar_heat-set_extension_full_range,https://app.prolific.co/submissions/complete?cc=135DD3C8,Agree or disagree (run5_scalar_heat-set_extension_full_range-experiment_scalar-batch1-70-70),410539,216095a8-cf6d-46f9-991b-41a4f3d24d13,2021-02-11 15:15:51,347.665,2021-02-11 14:11:18.938000,2021-02-11 14:17:06.603000,3.0,false,creative,cold,coffee,../data/prolific_output/run5_scalar_heat-group_scalar_heat/qu70-s_qu3-batch1.csv
qu70-s_qu3-batch1.csv-2,2,NOT AVAILABLE,NOT AVAILABLE,67616648-48b2-4c7c-847c-3cfe6d860951,PROLIFIC,11-Feb-2021 13:57:14,1174,46563,9293eedf-8128-45cd-88d7-75362e485a8a,"I could say (a/an) coffee is cold, but I would most certainly not mean it literally.","I could say (a/an) anger is hot, but I would most certainly not mean it literally.
I could say (a/an) person is cold, but I would most certainly not mean it literally.
I could say (a/an) story is dark, but I would most certainly not mean it literally.","I could say (a/an) fire is hot, but I would most certainly not mean it literally.
I could say (a/an) stone is heavy, but I would most certainly not mean it literally.
I could say (a/an) argument is liquid, but I would most certainly not mean it literally.",5_scalar_heat-set_extension_full_range,https://app.prolific.co/submissions/complete?cc=135DD3C8,Agree or disagree (run5_scalar_heat-set_extension_full_range-experiment_scalar-batch1-70-70),409014,f63a2033-2984-482b-a091-241fc18ea82c,2021-02-11 13:57:14,949.262,2021-02-11 12:44:12.147000,2021-02-11 13:00:01.409000,3.0,false,creative,cold,coffee,../data/prolific_output/run5_scalar_heat-group_scalar_heat/qu70-s_qu3-batch1.csv
qu70-s_qu3-batch1.csv-2,2,NOT AVAILABLE,NOT AVAILABLE,c5acc5c7-6592-4c17-a004-f364dd26d555,PROLIFIC,11-Feb-2021 14:33:32,1174,46563,9293eedf-8128-45cd-88d7-75362e485a8a,"I could say (a/an) coffee is cold, but I would most certainly not mean it literally.","I could say (a/an) anger is hot, but I would most certainly not mean it literally.
I could say (a/an) person is cold, but I would most certainly not mean it literally.
I could say (a/an) story is dark, but I would most certainly not mean it literally.","I could say (a/an) fire is hot, but I would most certainly not mean it literally.
I could say (a/an) stone is heavy, but I would most certainly not mean it literally.
I could say (a/an) argument is liquid, but I would most certainly not mean it literally.",5_scalar_heat-set_extension_full_range,https://app.prolific.co/submissions/complete?cc=135DD3C8,Agree or disagree (run5_scalar_heat-set_extension_full_range-experiment_scalar-batch1-70-70),410015,19e1531a-f6f0-47cb-a5a1-8d5ef1fde4cc,2021-02-11 14:33:32,865.556,2021-02-11 13:20:47.199000,2021-02-11 13:35:12.755000,3.0,false,creative,cold,coffee,../data/prolific_output/run5_scalar_heat-group_scalar_heat/qu70-s_qu3-batch1.csv
qu70-s_qu3-batch1.csv-2,2,NOT AVAILABLE,NOT AVAILABLE,4143fee4-d4f0-4e3d-901d-91dbd47391f1,PROLIFIC,11-Feb-2021 14:06:10,1174,46563,9293eedf-8128-45cd-88d7-75362e485a8a,"I could say (a/an) coffee is cold, but I would most certainly not mean it literally.","I could say (a/an) anger is hot, but I would most certainly not mean it literally.
I could say (a/an) person is cold, but I would most certainly not mean it literally.
I could say (a/an) story is dark, but I would most certainly not mean it literally.","I could say (a/an) fire is hot, but I would most certainly not mean it literally.
I could say (a/an) stone is heavy, but I would most certainly not mean it literally.
I could say (a/an) argument is liquid, but I would most certainly not mean it literally.",5_scalar_heat-set_extension_full_range,https://app.prolific.co/submissions/complete?cc=135DD3C8,Agree or disagree (run5_scalar_heat-set_extension_full_range-experiment_scalar-batch1-70-70),409227,3eb2fa00-a30c-43ec-91bb-e198ab087006,2021-02-11 14:06:10,522.216,2021-02-11 13:01:04.933000,2021-02-11 13:09:47.149000,7.0,false,creative,cold,coffee,../data/prolific_output/run5_scalar_heat-group_scalar_heat/qu70-s_qu3-batch1.csv
qu70-s_qu3-batch1.csv-2,2,NOT AVAILABLE,NOT AVAILABLE,393254ab-d116-4ce8-b686-bb7c17887d33,PROLIFIC,11-Feb-2021 14:18:33,1174,46563,9293eedf-8128-45cd-88d7-75362e485a8a,"I could say (a/an) coffee is cold, but I would most certainly not mean it literally.","I could say (a/an) anger is hot, but I would most certainly not mean it literally.
I could say (a/an) person is cold, but I would most certainly not mean it literally.
I could say (a/an) story is dark, but I would most certainly not mean it literally.","I could say (a/an) fire is hot, but I would most certainly not mean it literally.
I could say (a/an) stone is heavy, but I would most certainly not mean it literally.
I could say (a/an) argument is liquid, but I would most certainly not mean it literally.",5_scalar_heat-set_extension_full_range,https://app.prolific.co/submissions/complete?cc=135DD3C8,Agree or disagree (run5_scalar_heat-set_extension_full_range-experiment_scalar-batch1-70-70),409715,56429f21-3dcb-43bc-980c-2a32c9771f63,2021-02-11 14:18:33,818.111,2021-02-11 13:05:51.212000,2021-02-11 13:19:29.323000,3.0,false,creative,cold,coffee,../data/prolific_output/run5_scalar_heat-group_scalar_heat/qu70-s_qu3-batch1.csv
qu70-s_qu3-batch1.csv-2,2,NOT AVAILABLE,NOT AVAILABLE,93323109-435d-4f37-a41b-e4a720b53a81,PROLIFIC,11-Feb-2021 13:55:44,1174,46563,9293eedf-8128-45cd-88d7-75362e485a8a,"I could say (a/an) coffee is cold, but I would most certainly not mean it literally.","I could say (a/an) anger is hot, but I would most certainly not mean it literally.
I could say (a/an) person is cold, but I would most certainly not mean it literally.
I could say (a/an) story is dark, but I would most certainly not mean it literally.","I could say (a/an) fire is hot, but I would most certainly not mean it literally.
I could say (a/an) stone is heavy, but I would most certainly not mean it literally.
I could say (a/an) argument is liquid, but I would most certainly not mean it literally.",5_scalar_heat-set_extension_full_range,https://app.prolific.co/submissions/complete?cc=135DD3C8,Agree or disagree (run5_scalar_heat-set_extension_full_range-experiment_scalar-batch1-70-70),408953,c3b7acd0-49f3-4daa-b725-bd46ee187d51,2021-02-11 13:55:44,401.872,2021-02-11 12:49:55.451000,2021-02-11 12:56:37.323000,3.0,false,creative,cold,coffee,../data/prolific_output/run5_scalar_heat-group_scalar_heat/qu70-s_qu3-batch1.csv
qu70-s_qu3-batch1.csv-2,2,NOT AVAILABLE,NOT AVAILABLE,5dc4ef01-5966-49da-b93c-8694d8e953c4,PROLIFIC,11-Feb-2021 13:42:58,1174,46563,9293eedf-8128-45cd-88d7-75362e485a8a,"I could say (a/an) coffee is cold, but I would most certainly not mean it literally.","I could say (a/an) anger is hot, but I would most certainly not mean it literally.
I could say (a/an) person is cold, but I would most certainly not mean it literally.
I could say (a/an) story is dark, but I would most certainly not mean it literally.","I could say (a/an) fire is hot, but I would most certainly not mean it literally.
I could say (a/an) stone is heavy, but I would most certainly not mean it literally.
I could say (a/an) argument is liquid, but I would most certainly not mean it literally.",5_scalar_heat-set_extension_full_range,https://app.prolific.co/submissions/complete?cc=135DD3C8,Agree or disagree (run5_scalar_heat-set_extension_full_range-experiment_scalar-batch1-70-70),408645,c62b1aa0-3d1e-4d27-b4cb-95bebcd1218b,2021-02-11 13:42:58,443.921,2021-02-11 12:38:29.969000,2021-02-11 12:45:53.890000,5.0,false,creative,cold,coffee,../data/prolific_output/run5_scalar_heat-group_scalar_heat/qu70-s_qu3-batch1.csv
qu70-s_qu3-batch1.csv-2,2,NOT AVAILABLE,NOT AVAILABLE,6591e696-4740-4846-875f-72b909d5e0c8,PROLIFIC,11-Feb-2021 14:15:32,1174,46563,9293eedf-8128-45cd-88d7-75362e485a8a,"I could say (a/an) coffee is cold, but I would most certainly not mean it literally.","I could say (a/an) anger is hot, but I would most certainly not mean it literally.
I could say (a/an) person is cold, but I would most certainly not mean it literally.
I could say (a/an) story is dark, but I would most certainly not mean it literally.","I could say (a/an) fire is hot, but I would most certainly not mean it literally.
I could say (a/an) stone is heavy, but I would most certainly not mean it literally.
I could say (a/an) argument is liquid, but I would most certainly not mean it literally.",5_scalar_heat-set_extension_full_range,https://app.prolific.co/submissions/complete?cc=135DD3C8,Agree or disagree (run5_scalar_heat-set_extension_full_range-experiment_scalar-batch1-70-70),409566,4017e174-3fa9-4e83-b1f0-e9a554ef38cf,2021-02-11 14:15:32,562.557,2021-02-11 13:10:48.417000,2021-02-11 13:20:10.974000,2.0,false,creative,cold,coffee,../data/prolific_output/run5_scalar_heat-group_scalar_heat/qu70-s_qu3-batch1.csv
qu70-s_qu3-batch1.csv-2,2,NOT AVAILABLE,NOT AVAILABLE,c2fac0e6-01c1-4b66-8685-a3cbaffce5ba,PROLIFIC,11-Feb-2021 14:33:42,1174,46563,9293eedf-8128-45cd-88d7-75362e485a8a,"I could say (a/an) coffee is cold, but I would most certainly not mean it literally.","I could say (a/an) anger is hot, but I would most certainly not mean it literally.
I could say (a/an) person is cold, but I would most certainly not mean it literally.
I could say (a/an) story is dark, but I would most certainly not mean it literally.","I could say (a/an) fire is hot, but I would most certainly not mean it literally.
I could say (a/an) stone is heavy, but I would most certainly not mean it literally.
I could say (a/an) argument is liquid, but I would most certainly not mean it literally.",5_scalar_heat-set_extension_full_range,https://app.prolific.co/submissions/complete?cc=135DD3C8,Agree or disagree (run5_scalar_heat-set_extension_full_range-experiment_scalar-batch1-70-70),410021,897487f7-5c82-461f-99c4-47e2130ce2dc,2021-02-11 14:33:42,425.954,2021-02-11 13:27:27.892000,2021-02-11 13:34:33.846000,2.0,false,creative,cold,coffee,../data/prolific_output/run5_scalar_heat-group_scalar_heat/qu70-s_qu3-batch1.csv
qu70-s_qu3-batch1.csv-2,2,NOT AVAILABLE,NOT AVAILABLE,fa8a70d3-4a4f-439a-b049-c5af1ef4d008,PROLIFIC,11-Feb-2021 15:13:34,1174,46564,9e5db365-73a6-4ecd-aa0a-e3b877e7d465,I know that (a/an) coffee is cold as most or all other things similar to (a/an) coffee are cold. ,I know that (a/an) chocoloate_bar is sweet as most or all other things similar to (a/an) chocoloate_bar are sweet. ,I know that (a/an) dress is white as most or all other things similar to (a/an) dress are white. ,5_scalar_heat-set_extension_full_range,https://app.prolific.co/submissions/complete?cc=135DD3C8,Agree or disagree (run5_scalar_heat-set_extension_full_range-experiment_scalar-batch1-70-70),410504,c7a34286-4c4f-419a-ae1b-7e14321e8566,2021-02-11 15:13:34,347.665,2021-02-11 14:11:18.938000,2021-02-11 14:17:06.603000,4.0,false,implied_category,cold,coffee,../data/prolific_output/run5_scalar_heat-group_scalar_heat/qu70-s_qu3-batch1.csv
qu70-s_qu3-batch1.csv-2,2,NOT AVAILABLE,NOT AVAILABLE,67616648-48b2-4c7c-847c-3cfe6d860951,PROLIFIC,11-Feb-2021 13:55:04,1174,46564,9e5db365-73a6-4ecd-aa0a-e3b877e7d465,I know that (a/an) coffee is cold as most or all other things similar to (a/an) coffee are cold. ,I know that (a/an) chocoloate_bar is sweet as most or all other things similar to (a/an) chocoloate_bar are sweet. ,I know that (a/an) dress is white as most or all other things similar to (a/an) dress are white. ,5_scalar_heat-set_extension_full_range,https://app.prolific.co/submissions/complete?cc=135DD3C8,Agree or disagree (run5_scalar_heat-set_extension_full_range-experiment_scalar-batch1-70-70),408930,e2accb23-c486-464d-8fc3-f50ae2cb2446,2021-02-11 13:55:04,949.262,2021-02-11 12:44:12.147000,2021-02-11 13:00:01.409000,3.0,false,implied_category,cold,coffee,../data/prolific_output/run5_scalar_heat-group_scalar_heat/qu70-s_qu3-batch1.csv
qu70-s_qu3-batch1.csv-2,2,NOT AVAILABLE,NOT AVAILABLE,c5acc5c7-6592-4c17-a004-f364dd26d555,PROLIFIC,11-Feb-2021 14:33:23,1174,46564,9e5db365-73a6-4ecd-aa0a-e3b877e7d465,I know that (a/an) coffee is cold as most or all other things similar to (a/an) coffee are cold. ,I know that (a/an) chocoloate_bar is sweet as most or all other things similar to (a/an) chocoloate_bar are sweet. ,I know that (a/an) dress is white as most or all other things similar to (a/an) dress are white. ,5_scalar_heat-set_extension_full_range,https://app.prolific.co/submissions/complete?cc=135DD3C8,Agree or disagree (run5_scalar_heat-set_extension_full_range-experiment_scalar-batch1-70-70),410011,06fb16a5-0dcf-4407-8157-a563df06289b,2021-02-11 14:33:23,865.556,2021-02-11 13:20:47.199000,2021-02-11 13:35:12.755000,2.0,false,implied_category,cold,coffee,../data/prolific_output/run5_scalar_heat-group_scalar_heat/qu70-s_qu3-batch1.csv
qu70-s_qu3-batch1.csv-2,2,NOT AVAILABLE,NOT AVAILABLE,4143fee4-d4f0-4e3d-901d-91dbd47391f1,PROLIFIC,11-Feb-2021 14:03:48,1174,46564,9e5db365-73a6-4ecd-aa0a-e3b877e7d465,I know that (a/an) coffee is cold as most or all other things similar to (a/an) coffee are cold. ,I know that (a/an) chocoloate_bar is sweet as most or all other things similar to (a/an) chocoloate_bar are sweet. ,I know that (a/an) dress is white as most or all other things similar to (a/an) dress are white. ,5_scalar_heat-set_extension_full_range,https://app.prolific.co/submissions/complete?cc=135DD3C8,Agree or disagree (run5_scalar_heat-set_extension_full_range-experiment_scalar-batch1-70-70),409199,5a326aa1-7113-4625-a2f8-edcd7e6d30e8,2021-02-11 14:03:48,522.216,2021-02-11 13:01:04.933000,2021-02-11 13:09:47.149000,2.0,false,implied_category,cold,coffee,../data/prolific_output/run5_scalar_heat-group_scalar_heat/qu70-s_qu3-batch1.csv
qu70-s_qu3-batch1.csv-2,2,NOT AVAILABLE,NOT AVAILABLE,393254ab-d116-4ce8-b686-bb7c17887d33,PROLIFIC,11-Feb-2021 14:13:49,1174,46564,9e5db365-73a6-4ecd-aa0a-e3b877e7d465,I know that (a/an) coffee is cold as most or all other things similar to (a/an) coffee are cold. ,I know that (a/an) chocoloate_bar is sweet as most or all other things similar to (a/an) chocoloate_bar are sweet. ,I know that (a/an) dress is white as most or all other things similar to (a/an) dress are white. ,5_scalar_heat-set_extension_full_range,https://app.prolific.co/submissions/complete?cc=135DD3C8,Agree or disagree (run5_scalar_heat-set_extension_full_range-experiment_scalar-batch1-70-70),409484,f3c6209e-5c1d-4f3f-9ad5-6f8ada54bdfe,2021-02-11 14:13:49,818.111,2021-02-11 13:05:51.212000,2021-02-11 13:19:29.323000,50.0,false,implied_category,cold,coffee,../data/prolific_output/run5_scalar_heat-group_scalar_heat/qu70-s_qu3-batch1.csv
qu70-s_qu3-batch1.csv-2,2,NOT AVAILABLE,NOT AVAILABLE,93323109-435d-4f37-a41b-e4a720b53a81,PROLIFIC,11-Feb-2021 13:55:59,1174,46564,9e5db365-73a6-4ecd-aa0a-e3b877e7d465,I know that (a/an) coffee is cold as most or all other things similar to (a/an) coffee are cold. ,I know that (a/an) chocoloate_bar is sweet as most or all other things similar to (a/an) chocoloate_bar are sweet. ,I know that (a/an) dress is white as most or all other things similar to (a/an) dress are white. ,5_scalar_heat-set_extension_full_range,https://app.prolific.co/submissions/complete?cc=135DD3C8,Agree or disagree (run5_scalar_heat-set_extension_full_range-experiment_scalar-batch1-70-70),408966,3da19c7b-699a-4ec2-ae41-c2ce929cad3c,2021-02-11 13:55:59,401.872,2021-02-11 12:49:55.451000,2021-02-11 12:56:37.323000,2.0,false,implied_category,cold,coffee,../data/prolific_output/run5_scalar_heat-group_scalar_heat/qu70-s_qu3-batch1.csv
qu70-s_qu3-batch1.csv-2,2,NOT AVAILABLE,NOT AVAILABLE,5dc4ef01-5966-49da-b93c-8694d8e953c4,PROLIFIC,11-Feb-2021 13:42:33,1174,46564,9e5db365-73a6-4ecd-aa0a-e3b877e7d465,I know that (a/an) coffee is cold as most or all other things similar to (a/an) coffee are cold. ,I know that (a/an) chocoloate_bar is sweet as most or all other things similar to (a/an) chocoloate_bar are sweet. ,I know that (a/an) dress is white as most or all other things similar to (a/an) dress are white. ,5_scalar_heat-set_extension_full_range,https://app.prolific.co/submissions/complete?cc=135DD3C8,Agree or disagree (run5_scalar_heat-set_extension_full_range-experiment_scalar-batch1-70-70),408638,902343e2-f60c-42ba-b81b-0dee8556fc67,2021-02-11 13:42:33,443.921,2021-02-11 12:38:29.969000,2021-02-11 12:45:53.890000,3.0,false,implied_category,cold,coffee,../data/prolific_output/run5_scalar_heat-group_scalar_heat/qu70-s_qu3-batch1.csv
qu70-s_qu3-batch1.csv-2,2,NOT AVAILABLE,NOT AVAILABLE,6591e696-4740-4846-875f-72b909d5e0c8,PROLIFIC,11-Feb-2021 14:16:48,1174,46564,9e5db365-73a6-4ecd-aa0a-e3b877e7d465,I know that (a/an) coffee is cold as most or all other things similar to (a/an) coffee are cold. ,I know that (a/an) chocoloate_bar is sweet as most or all other things similar to (a/an) chocoloate_bar are sweet. ,I know that (a/an) dress is white as most or all other things similar to (a/an) dress are white. ,5_scalar_heat-set_extension_full_range,https://app.prolific.co/submissions/complete?cc=135DD3C8,Agree or disagree (run5_scalar_heat-set_extension_full_range-experiment_scalar-batch1-70-70),409630,6f6ec8ca-1082-45ea-b1a6-5f89efeb4787,2021-02-11 14:16:48,562.557,2021-02-11 13:10:48.417000,2021-02-11 13:20:10.974000,5.0,false,implied_category,cold,coffee,../data/prolific_output/run5_scalar_heat-group_scalar_heat/qu70-s_qu3-batch1.csv
qu70-s_qu3-batch1.csv-2,2,NOT AVAILABLE,NOT AVAILABLE,c2fac0e6-01c1-4b66-8685-a3cbaffce5ba,PROLIFIC,11-Feb-2021 14:31:35,1174,46564,9e5db365-73a6-4ecd-aa0a-e3b877e7d465,I know that (a/an) coffee is cold as most or all other things similar to (a/an) coffee are cold. ,I know that (a/an) chocoloate_bar is sweet as most or all other things similar to (a/an) chocoloate_bar are sweet. ,I know that (a/an) dress is white as most or all other things similar to (a/an) dress are white. ,5_scalar_heat-set_extension_full_range,https://app.prolific.co/submissions/complete?cc=135DD3C8,Agree or disagree (run5_scalar_heat-set_extension_full_range-experiment_scalar-batch1-70-70),409950,166198af-497f-42c8-9cd7-8501a27e9c5f,2021-02-11 14:31:35,425.954,2021-02-11 13:27:27.892000,2021-02-11 13:34:33.846000,3.0,false,implied_category,cold,coffee,../data/prolific_output/run5_scalar_heat-group_scalar_heat/qu70-s_qu3-batch1.csv
qu70-s_qu3-batch1.csv-2,2,NOT AVAILABLE,NOT AVAILABLE,fa8a70d3-4a4f-439a-b049-c5af1ef4d008,PROLIFIC,11-Feb-2021 15:16:52,1174,46565,4719510e-ab47-4f2d-aa38-0b292bbc4d39,I think it is impossible for (a/an) coffee to be cold.,I think it is impossible for (a/an) flame to be frozen.,I think it is impossible for (a/an) book to be light.,5_scalar_heat-set_extension_full_range,https://app.prolific.co/submissions/complete?cc=135DD3C8,Agree or disagree (run5_scalar_heat-set_extension_full_range-experiment_scalar-batch1-70-70),410556,1f039925-cff8-46dd-9400-9765f4378db6,2021-02-11 15:16:52,347.665,2021-02-11 14:11:18.938000,2021-02-11 14:17:06.603000,2.0,false,impossible,cold,coffee,../data/prolific_output/run5_scalar_heat-group_scalar_heat/qu70-s_qu3-batch1.csv
qu70-s_qu3-batch1.csv-2,2,NOT AVAILABLE,NOT AVAILABLE,67616648-48b2-4c7c-847c-3cfe6d860951,PROLIFIC,11-Feb-2021 13:52:56,1174,46565,4719510e-ab47-4f2d-aa38-0b292bbc4d39,I think it is impossible for (a/an) coffee to be cold.,I think it is impossible for (a/an) flame to be frozen.,I think it is impossible for (a/an) book to be light.,5_scalar_heat-set_extension_full_range,https://app.prolific.co/submissions/complete?cc=135DD3C8,Agree or disagree (run5_scalar_heat-set_extension_full_range-experiment_scalar-batch1-70-70),408843,223e0d2d-b0ea-4b74-8238-ef0dc6be8425,2021-02-11 13:52:56,949.262,2021-02-11 12:44:12.147000,2021-02-11 13:00:01.409000,5.0,false,impossible,cold,coffee,../data/prolific_output/run5_scalar_heat-group_scalar_heat/qu70-s_qu3-batch1.csv
qu70-s_qu3-batch1.csv-2,2,NOT AVAILABLE,NOT AVAILABLE,c5acc5c7-6592-4c17-a004-f364dd26d555,PROLIFIC,11-Feb-2021 14:33:54,1174,46565,4719510e-ab47-4f2d-aa38-0b292bbc4d39,I think it is impossible for (a/an) coffee to be cold.,I think it is impossible for (a/an) flame to be frozen.,I think it is impossible for (a/an) book to be light.,5_scalar_heat-set_extension_full_range,https://app.prolific.co/submissions/complete?cc=135DD3C8,Agree or disagree (run5_scalar_heat-set_extension_full_range-experiment_scalar-batch1-70-70),410030,16848a9e-4ee6-40a0-8061-a01829f0929e,2021-02-11 14:33:54,865.556,2021-02-11 13:20:47.199000,2021-02-11 13:35:12.755000,2.0,false,impossible,cold,coffee,../data/prolific_output/run5_scalar_heat-group_scalar_heat/qu70-s_qu3-batch1.csv
qu70-s_qu3-batch1.csv-2,2,NOT AVAILABLE,NOT AVAILABLE,4143fee4-d4f0-4e3d-901d-91dbd47391f1,PROLIFIC,11-Feb-2021 14:03:29,1174,46565,4719510e-ab47-4f2d-aa38-0b292bbc4d39,I think it is impossible for (a/an) coffee to be cold.,I think it is impossible for (a/an) flame to be frozen.,I think it is impossible for (a/an) book to be light.,5_scalar_heat-set_extension_full_range,https://app.prolific.co/submissions/complete?cc=135DD3C8,Agree or disagree (run5_scalar_heat-set_extension_full_range-experiment_scalar-batch1-70-70),409193,314acaa4-fb3b-4677-a336-c2f9b7fbef92,2021-02-11 14:03:29,522.216,2021-02-11 13:01:04.933000,2021-02-11 13:09:47.149000,6.0,false,impossible,cold,coffee,../data/prolific_output/run5_scalar_heat-group_scalar_heat/qu70-s_qu3-batch1.csv
qu70-s_qu3-batch1.csv-2,2,NOT AVAILABLE,NOT AVAILABLE,393254ab-d116-4ce8-b686-bb7c17887d33,PROLIFIC,11-Feb-2021 14:16:37,1174,46565,4719510e-ab47-4f2d-aa38-0b292bbc4d39,I think it is impossible for (a/an) coffee to be cold.,I think it is impossible for (a/an) flame to be frozen.,I think it is impossible for (a/an) book to be light.,5_scalar_heat-set_extension_full_range,https://app.prolific.co/submissions/complete?cc=135DD3C8,Agree or disagree (run5_scalar_heat-set_extension_full_range-experiment_scalar-batch1-70-70),409622,7b86cac1-e38e-4c5f-8bd5-cdb9733c54a5,2021-02-11 14:16:37,818.111,2021-02-11 13:05:51.212000,2021-02-11 13:19:29.323000,5.0,false,impossible,cold,coffee,../data/prolific_output/run5_scalar_heat-group_scalar_heat/qu70-s_qu3-batch1.csv
qu70-s_qu3-batch1.csv-2,2,NOT AVAILABLE,NOT AVAILABLE,93323109-435d-4f37-a41b-e4a720b53a81,PROLIFIC,11-Feb-2021 13:54:31,1174,46565,4719510e-ab47-4f2d-aa38-0b292bbc4d39,I think it is impossible for (a/an) coffee to be cold.,I think it is impossible for (a/an) flame to be frozen.,I think it is impossible for (a/an) book to be light.,5_scalar_heat-set_extension_full_range,https://app.prolific.co/submissions/complete?cc=135DD3C8,Agree or disagree (run5_scalar_heat-set_extension_full_range-experiment_scalar-batch1-70-70),408907,8ed707d1-ba2d-45db-99ac-06d0b47501bb,2021-02-11 13:54:31,401.872,2021-02-11 12:49:55.451000,2021-02-11 12:56:37.323000,3.0,false,impossible,cold,coffee,../data/prolific_output/run5_scalar_heat-group_scalar_heat/qu70-s_qu3-batch1.csv
qu70-s_qu3-batch1.csv-2,2,NOT AVAILABLE,NOT AVAILABLE,5dc4ef01-5966-49da-b93c-8694d8e953c4,PROLIFIC,11-Feb-2021 13:45:45,1174,46565,4719510e-ab47-4f2d-aa38-0b292bbc4d39,I think it is impossible for (a/an) coffee to be cold.,I think it is impossible for (a/an) flame to be frozen.,I think it is impossible for (a/an) book to be light.,5_scalar_heat-set_extension_full_range,https://app.prolific.co/submissions/complete?cc=135DD3C8,Agree or disagree (run5_scalar_heat-set_extension_full_range-experiment_scalar-batch1-70-70),408704,594ea3bc-8dc2-4085-9f64-2ce9a1ebc24f,2021-02-11 13:45:45,443.921,2021-02-11 12:38:29.969000,2021-02-11 12:45:53.890000,3.0,false,impossible,cold,coffee,../data/prolific_output/run5_scalar_heat-group_scalar_heat/qu70-s_qu3-batch1.csv
qu70-s_qu3-batch1.csv-2,2,NOT AVAILABLE,NOT AVAILABLE,6591e696-4740-4846-875f-72b909d5e0c8,PROLIFIC,11-Feb-2021 14:15:47,1174,46565,4719510e-ab47-4f2d-aa38-0b292bbc4d39,I think it is impossible for (a/an) coffee to be cold.,I think it is impossible for (a/an) flame to be frozen.,I think it is impossible for (a/an) book to be light.,5_scalar_heat-set_extension_full_range,https://app.prolific.co/submissions/complete?cc=135DD3C8,Agree or disagree (run5_scalar_heat-set_extension_full_range-experiment_scalar-batch1-70-70),409579,e025d4fc-a275-4d23-b8ff-4356ac415537,2021-02-11 14:15:47,562.557,2021-02-11 13:10:48.417000,2021-02-11 13:20:10.974000,3.0,false,impossible,cold,coffee,../data/prolific_output/run5_scalar_heat-group_scalar_heat/qu70-s_qu3-batch1.csv
qu70-s_qu3-batch1.csv-2,2,NOT AVAILABLE,NOT AVAILABLE,c2fac0e6-01c1-4b66-8685-a3cbaffce5ba,PROLIFIC,11-Feb-2021 14:33:13,1174,46565,4719510e-ab47-4f2d-aa38-0b292bbc4d39,I think it is impossible for (a/an) coffee to be cold.,I think it is impossible for (a/an) flame to be frozen.,I think it is impossible for (a/an) book to be light.,5_scalar_heat-set_extension_full_range,https://app.prolific.co/submissions/complete?cc=135DD3C8,Agree or disagree (run5_scalar_heat-set_extension_full_range-experiment_scalar-batch1-70-70),410004,50d77eeb-c641-44a9-bf39-72f9517f777b,2021-02-11 14:33:13,425.954,2021-02-11 13:27:27.892000,2021-02-11 13:34:33.846000,3.0,false,impossible,cold,coffee,../data/prolific_output/run5_scalar_heat-group_scalar_heat/qu70-s_qu3-batch1.csv
qu70-s_qu3-batch1.csv-2,2,NOT AVAILABLE,NOT AVAILABLE,fa8a70d3-4a4f-439a-b049-c5af1ef4d008,PROLIFIC,11-Feb-2021 15:16:43,1174,46566,0902e4eb-812b-4890-8668-65bbf1849cb7,``Cold'' is one for the first things which come to mind when I hear ``coffee' because cold is one of the typical temperatures of (a/an) coffee'.,``Heavy'' is one for the first things which come to mind when I hear ``rock' because heavy is one of the typical qualities of (a/an) rock'.,``Green'' is one for the first things which come to mind when I hear ``raspberry' because green is one of the typical colors of (a/an) raspberry'.,5_scalar_heat-set_extension_full_range,https://app.prolific.co/submissions/complete?cc=135DD3C8,Agree or disagree (run5_scalar_heat-set_extension_full_range-experiment_scalar-batch1-70-70),410553,7fadae26-361c-46ac-8549-1ce9b97fbf4c,2021-02-11 15:16:43,347.665,2021-02-11 14:11:18.938000,2021-02-11 14:17:06.603000,5.0,true,typical_of_concept,cold,coffee,../data/prolific_output/run5_scalar_heat-group_scalar_heat/qu70-s_qu3-batch1.csv
qu70-s_qu3-batch1.csv-2,2,NOT AVAILABLE,NOT AVAILABLE,67616648-48b2-4c7c-847c-3cfe6d860951,PROLIFIC,11-Feb-2021 13:53:11,1174,46566,0902e4eb-812b-4890-8668-65bbf1849cb7,``Cold'' is one for the first things which come to mind when I hear ``coffee' because cold is one of the typical temperatures of (a/an) coffee'.,``Heavy'' is one for the first things which come to mind when I hear ``rock' because heavy is one of the typical qualities of (a/an) rock'.,``Green'' is one for the first things which come to mind when I hear ``raspberry' because green is one of the typical colors of (a/an) raspberry'.,5_scalar_heat-set_extension_full_range,https://app.prolific.co/submissions/complete?cc=135DD3C8,Agree or disagree (run5_scalar_heat-set_extension_full_range-experiment_scalar-batch1-70-70),408852,eabb1cde-5eae-490a-97af-ecce02e3c693,2021-02-11 13:53:11,949.262,2021-02-11 12:44:12.147000,2021-02-11 13:00:01.409000,11.0,false,typical_of_concept,cold,coffee,../data/prolific_output/run5_scalar_heat-group_scalar_heat/qu70-s_qu3-batch1.csv
qu70-s_qu3-batch1.csv-2,2,NOT AVAILABLE,NOT AVAILABLE,c5acc5c7-6592-4c17-a004-f364dd26d555,PROLIFIC,11-Feb-2021 14:31:36,1174,46566,0902e4eb-812b-4890-8668-65bbf1849cb7,``Cold'' is one for the first things which come to mind when I hear ``coffee' because cold is one of the typical temperatures of (a/an) coffee'.,``Heavy'' is one for the first things which come to mind when I hear ``rock' because heavy is one of the typical qualities of (a/an) rock'.,``Green'' is one for the first things which come to mind when I hear ``raspberry' because green is one of the typical colors of (a/an) raspberry'.,5_scalar_heat-set_extension_full_range,https://app.prolific.co/submissions/complete?cc=135DD3C8,Agree or disagree (run5_scalar_heat-set_extension_full_range-experiment_scalar-batch1-70-70),409951,87ed35a7-e5e4-485d-9065-d201868f6a89,2021-02-11 14:31:36,865.556,2021-02-11 13:20:47.199000,2021-02-11 13:35:12.755000,3.0,false,typical_of_concept,cold,coffee,../data/prolific_output/run5_scalar_heat-group_scalar_heat/qu70-s_qu3-batch1.csv
qu70-s_qu3-batch1.csv-2,2,NOT AVAILABLE,NOT AVAILABLE,4143fee4-d4f0-4e3d-901d-91dbd47391f1,PROLIFIC,11-Feb-2021 14:05:57,1174,46566,0902e4eb-812b-4890-8668-65bbf1849cb7,``Cold'' is one for the first things which come to mind when I hear ``coffee' because cold is one of the typical temperatures of (a/an) coffee'.,``Heavy'' is one for the first things which come to mind when I hear ``rock' because heavy is one of the typical qualities of (a/an) rock'.,``Green'' is one for the first things which come to mind when I hear ``raspberry' because green is one of the typical colors of (a/an) raspberry'.,5_scalar_heat-set_extension_full_range,https://app.prolific.co/submissions/complete?cc=135DD3C8,Agree or disagree (run5_scalar_heat-set_extension_full_range-experiment_scalar-batch1-70-70),409221,88d84467-d27b-4c1c-adea-83c708488b22,2021-02-11 14:05:57,522.216,2021-02-11 13:01:04.933000,2021-02-11 13:09:47.149000,2.0,false,typical_of_concept,cold,coffee,../data/prolific_output/run5_scalar_heat-group_scalar_heat/qu70-s_qu3-batch1.csv
qu70-s_qu3-batch1.csv-2,2,NOT AVAILABLE,NOT AVAILABLE,393254ab-d116-4ce8-b686-bb7c17887d33,PROLIFIC,11-Feb-2021 14:12:50,1174,46566,0902e4eb-812b-4890-8668-65bbf1849cb7,``Cold'' is one for the first things which come to mind when I hear ``coffee' because cold is one of the typical temperatures of (a/an) coffee'.,``Heavy'' is one for the first things which come to mind when I hear ``rock' because heavy is one of the typical qualities of (a/an) rock'.,``Green'' is one for the first things which come to mind when I hear ``raspberry' because green is one of the typical colors of (a/an) raspberry'.,5_scalar_heat-set_extension_full_range,https://app.prolific.co/submissions/complete?cc=135DD3C8,Agree or disagree (run5_scalar_heat-set_extension_full_range-experiment_scalar-batch1-70-70),409458,7bdd2e1d-1fe2-4918-8bf0-4583411c050a,2021-02-11 14:12:50,818.111,2021-02-11 13:05:51.212000,2021-02-11 13:19:29.323000,4.0,false,typical_of_concept,cold,coffee,../data/prolific_output/run5_scalar_heat-group_scalar_heat/qu70-s_qu3-batch1.csv
qu70-s_qu3-batch1.csv-2,2,NOT AVAILABLE,NOT AVAILABLE,93323109-435d-4f37-a41b-e4a720b53a81,PROLIFIC,11-Feb-2021 13:51:57,1174,46566,0902e4eb-812b-4890-8668-65bbf1849cb7,``Cold'' is one for the first things which come to mind when I hear ``coffee' because cold is one of the typical temperatures of (a/an) coffee'.,``Heavy'' is one for the first things which come to mind when I hear ``rock' because heavy is one of the typical qualities of (a/an) rock'.,``Green'' is one for the first things which come to mind when I hear ``raspberry' because green is one of the typical colors of (a/an) raspberry'.,5_scalar_heat-set_extension_full_range,https://app.prolific.co/submissions/complete?cc=135DD3C8,Agree or disagree (run5_scalar_heat-set_extension_full_range-experiment_scalar-batch1-70-70),408804,0a132540-0690-4b07-a498-7146a5d2fd85,2021-02-11 13:51:57,401.872,2021-02-11 12:49:55.451000,2021-02-11 12:56:37.323000,5.0,false,typical_of_concept,cold,coffee,../data/prolific_output/run5_scalar_heat-group_scalar_heat/qu70-s_qu3-batch1.csv
qu70-s_qu3-batch1.csv-2,2,NOT AVAILABLE,NOT AVAILABLE,5dc4ef01-5966-49da-b93c-8694d8e953c4,PROLIFIC,11-Feb-2021 13:42:17,1174,46566,0902e4eb-812b-4890-8668-65bbf1849cb7,``Cold'' is one for the first things which come to mind when I hear ``coffee' because cold is one of the typical temperatures of (a/an) coffee'.,``Heavy'' is one for the first things which come to mind when I hear ``rock' because heavy is one of the typical qualities of (a/an) rock'.,``Green'' is one for the first things which come to mind when I hear ``raspberry' because green is one of the typical colors of (a/an) raspberry'.,5_scalar_heat-set_extension_full_range,https://app.prolific.co/submissions/complete?cc=135DD3C8,Agree or disagree (run5_scalar_heat-set_extension_full_range-experiment_scalar-batch1-70-70),408633,a965d45e-9e9a-45ab-926e-f428c39503bd,2021-02-11 13:42:17,443.921,2021-02-11 12:38:29.969000,2021-02-11 12:45:53.890000,3.0,false,typical_of_concept,cold,coffee,../data/prolific_output/run5_scalar_heat-group_scalar_heat/qu70-s_qu3-batch1.csv
qu70-s_qu3-batch1.csv-2,2,NOT AVAILABLE,NOT AVAILABLE,6591e696-4740-4846-875f-72b909d5e0c8,PROLIFIC,11-Feb-2021 14:15:17,1174,46566,0902e4eb-812b-4890-8668-65bbf1849cb7,``Cold'' is one for the first things which come to mind when I hear ``coffee' because cold is one of the typical temperatures of (a/an) coffee'.,``Heavy'' is one for the first things which come to mind when I hear ``rock' because heavy is one of the typical qualities of (a/an) rock'.,``Green'' is one for the first things which come to mind when I hear ``raspberry' because green is one of the typical colors of (a/an) raspberry'.,5_scalar_heat-set_extension_full_range,https://app.prolific.co/submissions/complete?cc=135DD3C8,Agree or disagree (run5_scalar_heat-set_extension_full_range-experiment_scalar-batch1-70-70),409548,8e4b5f22-e1f1-4461-87da-c8d5a4415cab,2021-02-11 14:15:17,562.557,2021-02-11 13:10:48.417000,2021-02-11 13:20:10.974000,4.0,false,typical_of_concept,cold,coffee,../data/prolific_output/run5_scalar_heat-group_scalar_heat/qu70-s_qu3-batch1.csv
qu70-s_qu3-batch1.csv-2,2,NOT AVAILABLE,NOT AVAILABLE,c2fac0e6-01c1-4b66-8685-a3cbaffce5ba,PROLIFIC,11-Feb-2021 14:32:52,1174,46566,0902e4eb-812b-4890-8668-65bbf1849cb7,``Cold'' is one for the first things which come to mind when I hear ``coffee' because cold is one of the typical temperatures of (a/an) coffee'.,``Heavy'' is one for the first things which come to mind when I hear ``rock' because heavy is one of the typical qualities of (a/an) rock'.,``Green'' is one for the first things which come to mind when I hear ``raspberry' because green is one of the typical colors of (a/an) raspberry'.,5_scalar_heat-set_extension_full_range,https://app.prolific.co/submissions/complete?cc=135DD3C8,Agree or disagree (run5_scalar_heat-set_extension_full_range-experiment_scalar-batch1-70-70),409994,2c251200-51cb-4b7b-a113-9d1bed28d5da,2021-02-11 14:32:52,425.954,2021-02-11 13:27:27.892000,2021-02-11 13:34:33.846000,2.0,false,typical_of_concept,cold,coffee,../data/prolific_output/run5_scalar_heat-group_scalar_heat/qu70-s_qu3-batch1.csv
qu70-s_qu3-batch1.csv-2,2,NOT AVAILABLE,NOT AVAILABLE,fa8a70d3-4a4f-439a-b049-c5af1ef4d008,PROLIFIC,11-Feb-2021 15:14:27,1174,46567,7aab5007-162a-4782-b14a-5c70437e1c70,I know that being cold is necessary for many things (a/an) coffee does or is used for. ,I know that being pointy is necessary for many things (a/an) needle does or is used for. ,I know that being white is necessary for many things (a/an) t-shirt does or is used for. ,5_scalar_heat-set_extension_full_range,https://app.prolific.co/submissions/complete?cc=135DD3C8,Agree or disagree (run5_scalar_heat-set_extension_full_range-experiment_scalar-batch1-70-70),410515,f39e07a4-bac7-46b3-afab-23b3b299b871,2021-02-11 15:14:27,347.665,2021-02-11 14:11:18.938000,2021-02-11 14:17:06.603000,3.0,false,affording_activity,cold,coffee,../data/prolific_output/run5_scalar_heat-group_scalar_heat/qu70-s_qu3-batch1.csv
qu70-s_qu3-batch1.csv-2,2,NOT AVAILABLE,NOT AVAILABLE,67616648-48b2-4c7c-847c-3cfe6d860951,PROLIFIC,11-Feb-2021 13:57:34,1174,46567,7aab5007-162a-4782-b14a-5c70437e1c70,I know that being cold is necessary for many things (a/an) coffee does or is used for. ,I know that being pointy is necessary for many things (a/an) needle does or is used for. ,I know that being white is necessary for many things (a/an) t-shirt does or is used for. ,5_scalar_heat-set_extension_full_range,https://app.prolific.co/submissions/complete?cc=135DD3C8,Agree or disagree (run5_scalar_heat-set_extension_full_range-experiment_scalar-batch1-70-70),409031,d3d78d8f-5962-436e-a56b-53026ba4f31b,2021-02-11 13:57:34,949.262,2021-02-11 12:44:12.147000,2021-02-11 13:00:01.409000,6.0,false,affording_activity,cold,coffee,../data/prolific_output/run5_scalar_heat-group_scalar_heat/qu70-s_qu3-batch1.csv
qu70-s_qu3-batch1.csv-2,2,NOT AVAILABLE,NOT AVAILABLE,c5acc5c7-6592-4c17-a004-f364dd26d555,PROLIFIC,11-Feb-2021 14:27:38,1174,46567,7aab5007-162a-4782-b14a-5c70437e1c70,I know that being cold is necessary for many things (a/an) coffee does or is used for. ,I know that being pointy is necessary for many things (a/an) needle does or is used for. ,I know that being white is necessary for many things (a/an) t-shirt does or is used for. ,5_scalar_heat-set_extension_full_range,https://app.prolific.co/submissions/complete?cc=135DD3C8,Agree or disagree (run5_scalar_heat-set_extension_full_range-experiment_scalar-batch1-70-70),409872,b39c534a-d7c7-48f4-87d2-1e9c138c5c3e,2021-02-11 14:27:38,865.556,2021-02-11 13:20:47.199000,2021-02-11 13:35:12.755000,41.0,false,affording_activity,cold,coffee,../data/prolific_output/run5_scalar_heat-group_scalar_heat/qu70-s_qu3-batch1.csv
qu70-s_qu3-batch1.csv-2,2,NOT AVAILABLE,NOT AVAILABLE,4143fee4-d4f0-4e3d-901d-91dbd47391f1,PROLIFIC,11-Feb-2021 14:03:43,1174,46567,7aab5007-162a-4782-b14a-5c70437e1c70,I know that being cold is necessary for many things (a/an) coffee does or is used for. ,I know that being pointy is necessary for many things (a/an) needle does or is used for. ,I know that being white is necessary for many things (a/an) t-shirt does or is used for. ,5_scalar_heat-set_extension_full_range,https://app.prolific.co/submissions/complete?cc=135DD3C8,Agree or disagree (run5_scalar_heat-set_extension_full_range-experiment_scalar-batch1-70-70),409197,93997f7a-5762-4287-b666-665306b9b81b,2021-02-11 14:03:43,522.216,2021-02-11 13:01:04.933000,2021-02-11 13:09:47.149000,3.0,false,affording_activity,cold,coffee,../data/prolific_output/run5_scalar_heat-group_scalar_heat/qu70-s_qu3-batch1.csv
qu70-s_qu3-batch1.csv-2,2,NOT AVAILABLE,NOT AVAILABLE,393254ab-d116-4ce8-b686-bb7c17887d33,PROLIFIC,11-Feb-2021 14:13:59,1174,46567,7aab5007-162a-4782-b14a-5c70437e1c70,I know that being cold is necessary for many things (a/an) coffee does or is used for. ,I know that being pointy is necessary for many things (a/an) needle does or is used for. ,I know that being white is necessary for many things (a/an) t-shirt does or is used for. ,5_scalar_heat-set_extension_full_range,https://app.prolific.co/submissions/complete?cc=135DD3C8,Agree or disagree (run5_scalar_heat-set_extension_full_range-experiment_scalar-batch1-70-70),409490,76cb75cb-24b4-4198-98db-c971d44d107f,2021-02-11 14:13:59,818.111,2021-02-11 13:05:51.212000,2021-02-11 13:19:29.323000,4.0,false,affording_activity,cold,coffee,../data/prolific_output/run5_scalar_heat-group_scalar_heat/qu70-s_qu3-batch1.csv
qu70-s_qu3-batch1.csv-2,2,NOT AVAILABLE,NOT AVAILABLE,93323109-435d-4f37-a41b-e4a720b53a81,PROLIFIC,11-Feb-2021 13:52:50,1174,46567,7aab5007-162a-4782-b14a-5c70437e1c70,I know that being cold is necessary for many things (a/an) coffee does or is used for. ,I know that being pointy is necessary for many things (a/an) needle does or is used for. ,I know that being white is necessary for many things (a/an) t-shirt does or is used for. ,5_scalar_heat-set_extension_full_range,https://app.prolific.co/submissions/complete?cc=135DD3C8,Agree or disagree (run5_scalar_heat-set_extension_full_range-experiment_scalar-batch1-70-70),408838,b81405dd-127b-4e54-b383-30fc30ed7eee,2021-02-11 13:52:50,401.872,2021-02-11 12:49:55.451000,2021-02-11 12:56:37.323000,3.0,false,affording_activity,cold,coffee,../data/prolific_output/run5_scalar_heat-group_scalar_heat/qu70-s_qu3-batch1.csv
qu70-s_qu3-batch1.csv-2,2,NOT AVAILABLE,NOT AVAILABLE,5dc4ef01-5966-49da-b93c-8694d8e953c4,PROLIFIC,11-Feb-2021 13:45:42,1174,46567,7aab5007-162a-4782-b14a-5c70437e1c70,I know that being cold is necessary for many things (a/an) coffee does or is used for. ,I know that being pointy is necessary for many things (a/an) needle does or is used for. ,I know that being white is necessary for many things (a/an) t-shirt does or is used for. ,5_scalar_heat-set_extension_full_range,https://app.prolific.co/submissions/complete?cc=135DD3C8,Agree or disagree (run5_scalar_heat-set_extension_full_range-experiment_scalar-batch1-70-70),408702,5a3f12f6-f25a-45db-87a1-cfe0fb585f19,2021-02-11 13:45:42,443.921,2021-02-11 12:38:29.969000,2021-02-11 12:45:53.890000,3.0,false,affording_activity,cold,coffee,../data/prolific_output/run5_scalar_heat-group_scalar_heat/qu70-s_qu3-batch1.csv
qu70-s_qu3-batch1.csv-2,2,NOT AVAILABLE,NOT AVAILABLE,6591e696-4740-4846-875f-72b909d5e0c8,PROLIFIC,11-Feb-2021 14:18:18,1174,46567,7aab5007-162a-4782-b14a-5c70437e1c70,I know that being cold is necessary for many things (a/an) coffee does or is used for. ,I know that being pointy is necessary for many things (a/an) needle does or is used for. ,I know that being white is necessary for many things (a/an) t-shirt does or is used for. ,5_scalar_heat-set_extension_full_range,https://app.prolific.co/submissions/complete?cc=135DD3C8,Agree or disagree (run5_scalar_heat-set_extension_full_range-experiment_scalar-batch1-70-70),409699,7cdadabe-ef93-4799-ab0f-febf1da2542a,2021-02-11 14:18:18,562.557,2021-02-11 13:10:48.417000,2021-02-11 13:20:10.974000,3.0,false,affording_activity,cold,coffee,../data/prolific_output/run5_scalar_heat-group_scalar_heat/qu70-s_qu3-batch1.csv
qu70-s_qu3-batch1.csv-2,2,NOT AVAILABLE,NOT AVAILABLE,c2fac0e6-01c1-4b66-8685-a3cbaffce5ba,PROLIFIC,11-Feb-2021 14:29:57,1174,46567,7aab5007-162a-4782-b14a-5c70437e1c70,I know that being cold is necessary for many things (a/an) coffee does or is used for. ,I know that being pointy is necessary for many things (a/an) needle does or is used for. ,I know that being white is necessary for many things (a/an) t-shirt does or is used for. ,5_scalar_heat-set_extension_full_range,https://app.prolific.co/submissions/complete?cc=135DD3C8,Agree or disagree (run5_scalar_heat-set_extension_full_range-experiment_scalar-batch1-70-70),409924,800c3ec0-f454-4b43-80b7-79a09a11803d,2021-02-11 14:29:57,425.954,2021-02-11 13:27:27.892000,2021-02-11 13:34:33.846000,4.0,false,affording_activity,cold,coffee,../data/prolific_output/run5_scalar_heat-group_scalar_heat/qu70-s_qu3-batch1.csv
qu70-s_qu3-batch1.csv-2,2,NOT AVAILABLE,NOT AVAILABLE,fa8a70d3-4a4f-439a-b049-c5af1ef4d008,PROLIFIC,11-Feb-2021 15:16:01,1174,46568,2585f056-360d-4540-8e38-a04927fdd3d1,"Usually, (a/an) coffee is not cold, but there could be a highly unusual situation in which (a/an) coffee is cold.","Usually, (a/an) pony is not blue, but there could be a highly unusual situation in which (a/an) pony is blue.","Usually, (a/an) razor is not sharp, but there could be a highly unusual situation in which (a/an) razor is sharp.",5_scalar_heat-set_extension_full_range,https://app.prolific.co/submissions/complete?cc=135DD3C8,Agree or disagree (run5_scalar_heat-set_extension_full_range-experiment_scalar-batch1-70-70),410541,f8ec8378-dbf8-473d-8b21-2cc3387d827d,2021-02-11 15:16:01,347.665,2021-02-11 14:11:18.938000,2021-02-11 14:17:06.603000,4.0,true,unusual,cold,coffee,../data/prolific_output/run5_scalar_heat-group_scalar_heat/qu70-s_qu3-batch1.csv
qu70-s_qu3-batch1.csv-2,2,NOT AVAILABLE,NOT AVAILABLE,67616648-48b2-4c7c-847c-3cfe6d860951,PROLIFIC,11-Feb-2021 13:48:43,1174,46568,2585f056-360d-4540-8e38-a04927fdd3d1,"Usually, (a/an) coffee is not cold, but there could be a highly unusual situation in which (a/an) coffee is cold.","Usually, (a/an) pony is not blue, but there could be a highly unusual situation in which (a/an) pony is blue.","Usually, (a/an) razor is not sharp, but there could be a highly unusual situation in which (a/an) razor is sharp.",5_scalar_heat-set_extension_full_range,https://app.prolific.co/submissions/complete?cc=135DD3C8,Agree or disagree (run5_scalar_heat-set_extension_full_range-experiment_scalar-batch1-70-70),408741,9fe82b6a-ed4d-4fc8-a15b-53bdf818911d,2021-02-11 13:48:43,949.262,2021-02-11 12:44:12.147000,2021-02-11 13:00:01.409000,75.0,false,unusual,cold,coffee,../data/prolific_output/run5_scalar_heat-group_scalar_heat/qu70-s_qu3-batch1.csv
qu70-s_qu3-batch1.csv-2,2,NOT AVAILABLE,NOT AVAILABLE,c5acc5c7-6592-4c17-a004-f364dd26d555,PROLIFIC,11-Feb-2021 14:33:06,1174,46568,2585f056-360d-4540-8e38-a04927fdd3d1,"Usually, (a/an) coffee is not cold, but there could be a highly unusual situation in which (a/an) coffee is cold.","Usually, (a/an) pony is not blue, but there could be a highly unusual situation in which (a/an) pony is blue.","Usually, (a/an) razor is not sharp, but there could be a highly unusual situation in which (a/an) razor is sharp.",5_scalar_heat-set_extension_full_range,https://app.prolific.co/submissions/complete?cc=135DD3C8,Agree or disagree (run5_scalar_heat-set_extension_full_range-experiment_scalar-batch1-70-70),410002,7ccb1225-a528-429e-9a91-a19fde46facd,2021-02-11 14:33:06,865.556,2021-02-11 13:20:47.199000,2021-02-11 13:35:12.755000,5.0,true,unusual,cold,coffee,../data/prolific_output/run5_scalar_heat-group_scalar_heat/qu70-s_qu3-batch1.csv
qu70-s_qu3-batch1.csv-2,2,NOT AVAILABLE,NOT AVAILABLE,4143fee4-d4f0-4e3d-901d-91dbd47391f1,PROLIFIC,11-Feb-2021 14:06:03,1174,46568,2585f056-360d-4540-8e38-a04927fdd3d1,"Usually, (a/an) coffee is not cold, but there could be a highly unusual situation in which (a/an) coffee is cold.","Usually, (a/an) pony is not blue, but there could be a highly unusual situation in which (a/an) pony is blue.","Usually, (a/an) razor is not sharp, but there could be a highly unusual situation in which (a/an) razor is sharp.",5_scalar_heat-set_extension_full_range,https://app.prolific.co/submissions/complete?cc=135DD3C8,Agree or disagree (run5_scalar_heat-set_extension_full_range-experiment_scalar-batch1-70-70),409224,ac111d03-505f-4093-bdf1-c2dc3e8faa3c,2021-02-11 14:06:03,522.216,2021-02-11 13:01:04.933000,2021-02-11 13:09:47.149000,5.0,false,unusual,cold,coffee,../data/prolific_output/run5_scalar_heat-group_scalar_heat/qu70-s_qu3-batch1.csv
qu70-s_qu3-batch1.csv-2,2,NOT AVAILABLE,NOT AVAILABLE,393254ab-d116-4ce8-b686-bb7c17887d33,PROLIFIC,11-Feb-2021 14:16:18,1174,46568,2585f056-360d-4540-8e38-a04927fdd3d1,"Usually, (a/an) coffee is not cold, but there could be a highly unusual situation in which (a/an) coffee is cold.","Usually, (a/an) pony is not blue, but there could be a highly unusual situation in which (a/an) pony is blue.","Usually, (a/an) razor is not sharp, but there could be a highly unusual situation in which (a/an) razor is sharp.",5_scalar_heat-set_extension_full_range,https://app.prolific.co/submissions/complete?cc=135DD3C8,Agree or disagree (run5_scalar_heat-set_extension_full_range-experiment_scalar-batch1-70-70),409608,ef17e7d6-b3bc-432b-9599-aa95fb335f67,2021-02-11 14:16:18,818.111,2021-02-11 13:05:51.212000,2021-02-11 13:19:29.323000,6.0,true,unusual,cold,coffee,../data/prolific_output/run5_scalar_heat-group_scalar_heat/qu70-s_qu3-batch1.csv
qu70-s_qu3-batch1.csv-2,2,NOT AVAILABLE,NOT AVAILABLE,93323109-435d-4f37-a41b-e4a720b53a81,PROLIFIC,11-Feb-2021 13:54:22,1174,46568,2585f056-360d-4540-8e38-a04927fdd3d1,"Usually, (a/an) coffee is not cold, but there could be a highly unusual situation in which (a/an) coffee is cold.","Usually, (a/an) pony is not blue, but there could be a highly unusual situation in which (a/an) pony is blue.","Usually, (a/an) razor is not sharp, but there could be a highly unusual situation in which (a/an) razor is sharp.",5_scalar_heat-set_extension_full_range,https://app.prolific.co/submissions/complete?cc=135DD3C8,Agree or disagree (run5_scalar_heat-set_extension_full_range-experiment_scalar-batch1-70-70),408901,c07c84e0-7803-42d9-8e80-3be842bbb9d8,2021-02-11 13:54:22,401.872,2021-02-11 12:49:55.451000,2021-02-11 12:56:37.323000,4.0,false,unusual,cold,coffee,../data/prolific_output/run5_scalar_heat-group_scalar_heat/qu70-s_qu3-batch1.csv
qu70-s_qu3-batch1.csv-2,2,NOT AVAILABLE,NOT AVAILABLE,5dc4ef01-5966-49da-b93c-8694d8e953c4,PROLIFIC,11-Feb-2021 13:39:02,1174,46568,2585f056-360d-4540-8e38-a04927fdd3d1,"Usually, (a/an) coffee is not cold, but there could be a highly unusual situation in which (a/an) coffee is cold.","Usually, (a/an) pony is not blue, but there could be a highly unusual situation in which (a/an) pony is blue.","Usually, (a/an) razor is not sharp, but there could be a highly unusual situation in which (a/an) razor is sharp.",5_scalar_heat-set_extension_full_range,https://app.prolific.co/submissions/complete?cc=135DD3C8,Agree or disagree (run5_scalar_heat-set_extension_full_range-experiment_scalar-batch1-70-70),408607,5c2cc0c2-a8ee-45a5-b38b-6c7bae04d217,2021-02-11 13:39:02,443.921,2021-02-11 12:38:29.969000,2021-02-11 12:45:53.890000,9.0,false,unusual,cold,coffee,../data/prolific_output/run5_scalar_heat-group_scalar_heat/qu70-s_qu3-batch1.csv
qu70-s_qu3-batch1.csv-2,2,NOT AVAILABLE,NOT AVAILABLE,6591e696-4740-4846-875f-72b909d5e0c8,PROLIFIC,11-Feb-2021 14:16:02,1174,46568,2585f056-360d-4540-8e38-a04927fdd3d1,"Usually, (a/an) coffee is not cold, but there could be a highly unusual situation in which (a/an) coffee is cold.","Usually, (a/an) pony is not blue, but there could be a highly unusual situation in which (a/an) pony is blue.","Usually, (a/an) razor is not sharp, but there could be a highly unusual situation in which (a/an) razor is sharp.",5_scalar_heat-set_extension_full_range,https://app.prolific.co/submissions/complete?cc=135DD3C8,Agree or disagree (run5_scalar_heat-set_extension_full_range-experiment_scalar-batch1-70-70),409593,3695eedb-ab37-4fce-af3a-1551033fbcbb,2021-02-11 14:16:02,562.557,2021-02-11 13:10:48.417000,2021-02-11 13:20:10.974000,7.0,true,unusual,cold,coffee,../data/prolific_output/run5_scalar_heat-group_scalar_heat/qu70-s_qu3-batch1.csv
qu70-s_qu3-batch1.csv-2,2,NOT AVAILABLE,NOT AVAILABLE,c2fac0e6-01c1-4b66-8685-a3cbaffce5ba,PROLIFIC,11-Feb-2021 14:28:32,1174,46568,2585f056-360d-4540-8e38-a04927fdd3d1,"Usually, (a/an) coffee is not cold, but there could be a highly unusual situation in which (a/an) coffee is cold.","Usually, (a/an) pony is not blue, but there could be a highly unusual situation in which (a/an) pony is blue.","Usually, (a/an) razor is not sharp, but there could be a highly unusual situation in which (a/an) razor is sharp.",5_scalar_heat-set_extension_full_range,https://app.prolific.co/submissions/complete?cc=135DD3C8,Agree or disagree (run5_scalar_heat-set_extension_full_range-experiment_scalar-batch1-70-70),409884,32d5f6a8-e65f-469d-81f0-98721024ad29,2021-02-11 14:28:32,425.954,2021-02-11 13:27:27.892000,2021-02-11 13:34:33.846000,13.0,true,unusual,cold,coffee,../data/prolific_output/run5_scalar_heat-group_scalar_heat/qu70-s_qu3-batch1.csv
qu70-s_qu3-batch1.csv-2,2,NOT AVAILABLE,NOT AVAILABLE,fa8a70d3-4a4f-439a-b049-c5af1ef4d008,PROLIFIC,11-Feb-2021 15:14:56,1174,46569,52c6345d-0d1f-4ff4-a077-21ef8ae19c7f,``Coffee'' is one of the first things which come to mind when I hear ``cold' because (a/an) coffee is a typical example of things which are cold'. ,``Snow'' is one of the first things which come to mind when I hear ``white' because (a/an) snow is a typical example of things which are white'. ,``Water'' is one of the first things which come to mind when I hear ``grey' because (a/an) water is a typical example of things which are grey'. ,5_scalar_heat-set_extension_full_range,https://app.prolific.co/submissions/complete?cc=135DD3C8,Agree or disagree (run5_scalar_heat-set_extension_full_range-experiment_scalar-batch1-70-70),410522,21c36206-9da9-4a42-8b27-968f49455297,2021-02-11 15:14:56,347.665,2021-02-11 14:11:18.938000,2021-02-11 14:17:06.603000,3.0,false,typical_of_property,cold,coffee,../data/prolific_output/run5_scalar_heat-group_scalar_heat/qu70-s_qu3-batch1.csv
qu70-s_qu3-batch1.csv-2,2,NOT AVAILABLE,NOT AVAILABLE,67616648-48b2-4c7c-847c-3cfe6d860951,PROLIFIC,11-Feb-2021 13:52:37,1174,46569,52c6345d-0d1f-4ff4-a077-21ef8ae19c7f,``Coffee'' is one of the first things which come to mind when I hear ``cold' because (a/an) coffee is a typical example of things which are cold'. ,``Snow'' is one of the first things which come to mind when I hear ``white' because (a/an) snow is a typical example of things which are white'. ,``Water'' is one of the first things which come to mind when I hear ``grey' because (a/an) water is a typical example of things which are grey'. ,5_scalar_heat-set_extension_full_range,https://app.prolific.co/submissions/complete?cc=135DD3C8,Agree or disagree (run5_scalar_heat-set_extension_full_range-experiment_scalar-batch1-70-70),408829,1911f5e5-2c57-4259-8573-6be68d453f2d,2021-02-11 13:52:37,949.262,2021-02-11 12:44:12.147000,2021-02-11 13:00:01.409000,4.0,false,typical_of_property,cold,coffee,../data/prolific_output/run5_scalar_heat-group_scalar_heat/qu70-s_qu3-batch1.csv
qu70-s_qu3-batch1.csv-2,2,NOT AVAILABLE,NOT AVAILABLE,c5acc5c7-6592-4c17-a004-f364dd26d555,PROLIFIC,11-Feb-2021 14:33:48,1174,46569,52c6345d-0d1f-4ff4-a077-21ef8ae19c7f,``Coffee'' is one of the first things which come to mind when I hear ``cold' because (a/an) coffee is a typical example of things which are cold'. ,``Snow'' is one of the first things which come to mind when I hear ``white' because (a/an) snow is a typical example of things which are white'. ,``Water'' is one of the first things which come to mind when I hear ``grey' because (a/an) water is a typical example of things which are grey'. ,5_scalar_heat-set_extension_full_range,https://app.prolific.co/submissions/complete?cc=135DD3C8,Agree or disagree (run5_scalar_heat-set_extension_full_range-experiment_scalar-batch1-70-70),410025,86eaea72-bfa3-40a5-95c7-ea9b5eb57c77,2021-02-11 14:33:48,865.556,2021-02-11 13:20:47.199000,2021-02-11 13:35:12.755000,10.0,false,typical_of_property,cold,coffee,../data/prolific_output/run5_scalar_heat-group_scalar_heat/qu70-s_qu3-batch1.csv
qu70-s_qu3-batch1.csv-2,2,NOT AVAILABLE,NOT AVAILABLE,4143fee4-d4f0-4e3d-901d-91dbd47391f1,PROLIFIC,11-Feb-2021 14:07:45,1174,46569,52c6345d-0d1f-4ff4-a077-21ef8ae19c7f,``Coffee'' is one of the first things which come to mind when I hear ``cold' because (a/an) coffee is a typical example of things which are cold'. ,``Snow'' is one of the first things which come to mind when I hear ``white' because (a/an) snow is a typical example of things which are white'. ,``Water'' is one of the first things which come to mind when I hear ``grey' because (a/an) water is a typical example of things which are grey'. ,5_scalar_heat-set_extension_full_range,https://app.prolific.co/submissions/complete?cc=135DD3C8,Agree or disagree (run5_scalar_heat-set_extension_full_range-experiment_scalar-batch1-70-70),409273,68f918ad-5896-4afc-b328-8a7c354eecb4,2021-02-11 14:07:45,522.216,2021-02-11 13:01:04.933000,2021-02-11 13:09:47.149000,2.0,false,typical_of_property,cold,coffee,../data/prolific_output/run5_scalar_heat-group_scalar_heat/qu70-s_qu3-batch1.csv
qu70-s_qu3-batch1.csv-2,2,NOT AVAILABLE,NOT AVAILABLE,393254ab-d116-4ce8-b686-bb7c17887d33,PROLIFIC,11-Feb-2021 14:12:46,1174,46569,52c6345d-0d1f-4ff4-a077-21ef8ae19c7f,``Coffee'' is one of the first things which come to mind when I hear ``cold' because (a/an) coffee is a typical example of things which are cold'. ,``Snow'' is one of the first things which come to mind when I hear ``white' because (a/an) snow is a typical example of things which are white'. ,``Water'' is one of the first things which come to mind when I hear ``grey' because (a/an) water is a typical example of things which are grey'. ,5_scalar_heat-set_extension_full_range,https://app.prolific.co/submissions/complete?cc=135DD3C8,Agree or disagree (run5_scalar_heat-set_extension_full_range-experiment_scalar-batch1-70-70),409454,ad596d20-1703-4eb1-ab21-a8efd1ddf7bf,2021-02-11 14:12:46,818.111,2021-02-11 13:05:51.212000,2021-02-11 13:19:29.323000,4.0,false,typical_of_property,cold,coffee,../data/prolific_output/run5_scalar_heat-group_scalar_heat/qu70-s_qu3-batch1.csv
qu70-s_qu3-batch1.csv-2,2,NOT AVAILABLE,NOT AVAILABLE,93323109-435d-4f37-a41b-e4a720b53a81,PROLIFIC,11-Feb-2021 13:55:54,1174,46569,52c6345d-0d1f-4ff4-a077-21ef8ae19c7f,``Coffee'' is one of the first things which come to mind when I hear ``cold' because (a/an) coffee is a typical example of things which are cold'. ,``Snow'' is one of the first things which come to mind when I hear ``white' because (a/an) snow is a typical example of things which are white'. ,``Water'' is one of the first things which come to mind when I hear ``grey' because (a/an) water is a typical example of things which are grey'. ,5_scalar_heat-set_extension_full_range,https://app.prolific.co/submissions/complete?cc=135DD3C8,Agree or disagree (run5_scalar_heat-set_extension_full_range-experiment_scalar-batch1-70-70),408961,52d3a5d5-c53b-4201-8a2e-6d776190fea3,2021-02-11 13:55:54,401.872,2021-02-11 12:49:55.451000,2021-02-11 12:56:37.323000,5.0,false,typical_of_property,cold,coffee,../data/prolific_output/run5_scalar_heat-group_scalar_heat/qu70-s_qu3-batch1.csv
qu70-s_qu3-batch1.csv-2,2,NOT AVAILABLE,NOT AVAILABLE,5dc4ef01-5966-49da-b93c-8694d8e953c4,PROLIFIC,11-Feb-2021 13:42:44,1174,46569,52c6345d-0d1f-4ff4-a077-21ef8ae19c7f,``Coffee'' is one of the first things which come to mind when I hear ``cold' because (a/an) coffee is a typical example of things which are cold'. ,``Snow'' is one of the first things which come to mind when I hear ``white' because (a/an) snow is a typical example of things which are white'. ,``Water'' is one of the first things which come to mind when I hear ``grey' because (a/an) water is a typical example of things which are grey'. ,5_scalar_heat-set_extension_full_range,https://app.prolific.co/submissions/complete?cc=135DD3C8,Agree or disagree (run5_scalar_heat-set_extension_full_range-experiment_scalar-batch1-70-70),408642,232cf793-432a-4ac5-921e-200a1030a0a5,2021-02-11 13:42:44,443.921,2021-02-11 12:38:29.969000,2021-02-11 12:45:53.890000,3.0,false,typical_of_property,cold,coffee,../data/prolific_output/run5_scalar_heat-group_scalar_heat/qu70-s_qu3-batch1.csv
qu70-s_qu3-batch1.csv-2,2,NOT AVAILABLE,NOT AVAILABLE,6591e696-4740-4846-875f-72b909d5e0c8,PROLIFIC,11-Feb-2021 14:15:33,1174,46569,52c6345d-0d1f-4ff4-a077-21ef8ae19c7f,``Coffee'' is one of the first things which come to mind when I hear ``cold' because (a/an) coffee is a typical example of things which are cold'. ,``Snow'' is one of the first things which come to mind when I hear ``white' because (a/an) snow is a typical example of things which are white'. ,``Water'' is one of the first things which come to mind when I hear ``grey' because (a/an) water is a typical example of things which are grey'. ,5_scalar_heat-set_extension_full_range,https://app.prolific.co/submissions/complete?cc=135DD3C8,Agree or disagree (run5_scalar_heat-set_extension_full_range-experiment_scalar-batch1-70-70),409567,6ac0a908-f81d-495a-9e1d-cb4b8b83824e,2021-02-11 14:15:33,562.557,2021-02-11 13:10:48.417000,2021-02-11 13:20:10.974000,1.0,false,typical_of_property,cold,coffee,../data/prolific_output/run5_scalar_heat-group_scalar_heat/qu70-s_qu3-batch1.csv
qu70-s_qu3-batch1.csv-2,2,NOT AVAILABLE,NOT AVAILABLE,c2fac0e6-01c1-4b66-8685-a3cbaffce5ba,PROLIFIC,11-Feb-2021 14:33:23,1174,46569,52c6345d-0d1f-4ff4-a077-21ef8ae19c7f,``Coffee'' is one of the first things which come to mind when I hear ``cold' because (a/an) coffee is a typical example of things which are cold'. ,``Snow'' is one of the first things which come to mind when I hear ``white' because (a/an) snow is a typical example of things which are white'. ,``Water'' is one of the first things which come to mind when I hear ``grey' because (a/an) water is a typical example of things which are grey'. ,5_scalar_heat-set_extension_full_range,https://app.prolific.co/submissions/complete?cc=135DD3C8,Agree or disagree (run5_scalar_heat-set_extension_full_range-experiment_scalar-batch1-70-70),410010,700e629b-6172-420c-9ae1-bb52e0e26cb1,2021-02-11 14:33:23,425.954,2021-02-11 13:27:27.892000,2021-02-11 13:34:33.846000,4.0,false,typical_of_property,cold,coffee,../data/prolific_output/run5_scalar_heat-group_scalar_heat/qu70-s_qu3-batch1.csv
qu70-s_qu3-batch1.csv-2,2,NOT AVAILABLE,NOT AVAILABLE,fa8a70d3-4a4f-439a-b049-c5af1ef4d008,PROLIFIC,11-Feb-2021 15:16:34,1174,46570,0e6a169c-ca1e-4325-bdda-fe75d9a7230b,"I think (a/an) coffee can be cold, but this is rare or uncommon.","I think (a/an) chocolate can be salty, but this is rare or uncommon.","I think (a/an) cherry can be salty, but this is rare or uncommon.",5_scalar_heat-set_extension_full_range,https://app.prolific.co/submissions/complete?cc=135DD3C8,Agree or disagree (run5_scalar_heat-set_extension_full_range-experiment_scalar-batch1-70-70),410551,aae87b14-14f5-489d-8eab-10dd19dcb3b7,2021-02-11 15:16:34,347.665,2021-02-11 14:11:18.938000,2021-02-11 14:17:06.603000,5.0,false,rare,cold,coffee,../data/prolific_output/run5_scalar_heat-group_scalar_heat/qu70-s_qu3-batch1.csv
qu70-s_qu3-batch1.csv-2,2,NOT AVAILABLE,NOT AVAILABLE,67616648-48b2-4c7c-847c-3cfe6d860951,PROLIFIC,11-Feb-2021 13:57:58,1174,46570,0e6a169c-ca1e-4325-bdda-fe75d9a7230b,"I think (a/an) coffee can be cold, but this is rare or uncommon.","I think (a/an) chocolate can be salty, but this is rare or uncommon.","I think (a/an) cherry can be salty, but this is rare or uncommon.",5_scalar_heat-set_extension_full_range,https://app.prolific.co/submissions/complete?cc=135DD3C8,Agree or disagree (run5_scalar_heat-set_extension_full_range-experiment_scalar-batch1-70-70),409051,0e7c42d6-a293-4b61-a93a-8318f17683c9,2021-02-11 13:57:58,949.262,2021-02-11 12:44:12.147000,2021-02-11 13:00:01.409000,5.0,false,rare,cold,coffee,../data/prolific_output/run5_scalar_heat-group_scalar_heat/qu70-s_qu3-batch1.csv
qu70-s_qu3-batch1.csv-2,2,NOT AVAILABLE,NOT AVAILABLE,c5acc5c7-6592-4c17-a004-f364dd26d555,PROLIFIC,11-Feb-2021 14:27:46,1174,46570,0e6a169c-ca1e-4325-bdda-fe75d9a7230b,"I think (a/an) coffee can be cold, but this is rare or uncommon.","I think (a/an) chocolate can be salty, but this is rare or uncommon.","I think (a/an) cherry can be salty, but this is rare or uncommon.",5_scalar_heat-set_extension_full_range,https://app.prolific.co/submissions/complete?cc=135DD3C8,Agree or disagree (run5_scalar_heat-set_extension_full_range-experiment_scalar-batch1-70-70),409875,2c4634f9-f93a-45ba-9243-a9af3b24b7e9,2021-02-11 14:27:46,865.556,2021-02-11 13:20:47.199000,2021-02-11 13:35:12.755000,2.0,true,rare,cold,coffee,../data/prolific_output/run5_scalar_heat-group_scalar_heat/qu70-s_qu3-batch1.csv
qu70-s_qu3-batch1.csv-2,2,NOT AVAILABLE,NOT AVAILABLE,4143fee4-d4f0-4e3d-901d-91dbd47391f1,PROLIFIC,11-Feb-2021 14:05:30,1174,46570,0e6a169c-ca1e-4325-bdda-fe75d9a7230b,"I think (a/an) coffee can be cold, but this is rare or uncommon.","I think (a/an) chocolate can be salty, but this is rare or uncommon.","I think (a/an) cherry can be salty, but this is rare or uncommon.",5_scalar_heat-set_extension_full_range,https://app.prolific.co/submissions/complete?cc=135DD3C8,Agree or disagree (run5_scalar_heat-set_extension_full_range-experiment_scalar-batch1-70-70),409211,2074dc27-c043-4b89-85c1-5c50f68294ce,2021-02-11 14:05:30,522.216,2021-02-11 13:01:04.933000,2021-02-11 13:09:47.149000,8.0,true,rare,cold,coffee,../data/prolific_output/run5_scalar_heat-group_scalar_heat/qu70-s_qu3-batch1.csv
qu70-s_qu3-batch1.csv-2,2,NOT AVAILABLE,NOT AVAILABLE,393254ab-d116-4ce8-b686-bb7c17887d33,PROLIFIC,11-Feb-2021 14:17:48,1174,46570,0e6a169c-ca1e-4325-bdda-fe75d9a7230b,"I think (a/an) coffee can be cold, but this is rare or uncommon.","I think (a/an) chocolate can be salty, but this is rare or uncommon.","I think (a/an) cherry can be salty, but this is rare or uncommon.",5_scalar_heat-set_extension_full_range,https://app.prolific.co/submissions/complete?cc=135DD3C8,Agree or disagree (run5_scalar_heat-set_extension_full_range-experiment_scalar-batch1-70-70),409670,bddea5b6-8672-45e8-b70a-b0be7fa9c2a4,2021-02-11 14:17:48,818.111,2021-02-11 13:05:51.212000,2021-02-11 13:19:29.323000,7.0,true,rare,cold,coffee,../data/prolific_output/run5_scalar_heat-group_scalar_heat/qu70-s_qu3-batch1.csv
qu70-s_qu3-batch1.csv-2,2,NOT AVAILABLE,NOT AVAILABLE,93323109-435d-4f37-a41b-e4a720b53a81,PROLIFIC,11-Feb-2021 13:54:24,1174,46570,0e6a169c-ca1e-4325-bdda-fe75d9a7230b,"I think (a/an) coffee can be cold, but this is rare or uncommon.","I think (a/an) chocolate can be salty, but this is rare or uncommon.","I think (a/an) cherry can be salty, but this is rare or uncommon.",5_scalar_heat-set_extension_full_range,https://app.prolific.co/submissions/complete?cc=135DD3C8,Agree or disagree (run5_scalar_heat-set_extension_full_range-experiment_scalar-batch1-70-70),408903,7c772d07-383e-490a-a48e-17422629ab6d,2021-02-11 13:54:24,401.872,2021-02-11 12:49:55.451000,2021-02-11 12:56:37.323000,2.0,false,rare,cold,coffee,../data/prolific_output/run5_scalar_heat-group_scalar_heat/qu70-s_qu3-batch1.csv
qu70-s_qu3-batch1.csv-2,2,NOT AVAILABLE,NOT AVAILABLE,5dc4ef01-5966-49da-b93c-8694d8e953c4,PROLIFIC,11-Feb-2021 13:42:14,1174,46570,0e6a169c-ca1e-4325-bdda-fe75d9a7230b,"I think (a/an) coffee can be cold, but this is rare or uncommon.","I think (a/an) chocolate can be salty, but this is rare or uncommon.","I think (a/an) cherry can be salty, but this is rare or uncommon.",5_scalar_heat-set_extension_full_range,https://app.prolific.co/submissions/complete?cc=135DD3C8,Agree or disagree (run5_scalar_heat-set_extension_full_range-experiment_scalar-batch1-70-70),408632,13ffdfd8-badc-4fec-bdb6-9127d9681155,2021-02-11 13:42:14,443.921,2021-02-11 12:38:29.969000,2021-02-11 12:45:53.890000,4.0,false,rare,cold,coffee,../data/prolific_output/run5_scalar_heat-group_scalar_heat/qu70-s_qu3-batch1.csv
qu70-s_qu3-batch1.csv-2,2,NOT AVAILABLE,NOT AVAILABLE,6591e696-4740-4846-875f-72b909d5e0c8,PROLIFIC,11-Feb-2021 14:18:05,1174,46570,0e6a169c-ca1e-4325-bdda-fe75d9a7230b,"I think (a/an) coffee can be cold, but this is rare or uncommon.","I think (a/an) chocolate can be salty, but this is rare or uncommon.","I think (a/an) cherry can be salty, but this is rare or uncommon.",5_scalar_heat-set_extension_full_range,https://app.prolific.co/submissions/complete?cc=135DD3C8,Agree or disagree (run5_scalar_heat-set_extension_full_range-experiment_scalar-batch1-70-70),409687,33ef27a4-6d9c-4804-b82d-77d7190ef212,2021-02-11 14:18:05,562.557,2021-02-11 13:10:48.417000,2021-02-11 13:20:10.974000,4.0,true,rare,cold,coffee,../data/prolific_output/run5_scalar_heat-group_scalar_heat/qu70-s_qu3-batch1.csv
qu70-s_qu3-batch1.csv-2,2,NOT AVAILABLE,NOT AVAILABLE,c2fac0e6-01c1-4b66-8685-a3cbaffce5ba,PROLIFIC,11-Feb-2021 14:28:19,1174,46570,0e6a169c-ca1e-4325-bdda-fe75d9a7230b,"I think (a/an) coffee can be cold, but this is rare or uncommon.","I think (a/an) chocolate can be salty, but this is rare or uncommon.","I think (a/an) cherry can be salty, but this is rare or uncommon.",5_scalar_heat-set_extension_full_range,https://app.prolific.co/submissions/complete?cc=135DD3C8,Agree or disagree (run5_scalar_heat-set_extension_full_range-experiment_scalar-batch1-70-70),409882,f852a4c4-febe-4613-8a2d-ca3a8de0692f,2021-02-11 14:28:19,425.954,2021-02-11 13:27:27.892000,2021-02-11 13:34:33.846000,51.108,true,rare,cold,coffee,../data/prolific_output/run5_scalar_heat-group_scalar_heat/qu70-s_qu3-batch1.csv
qu70-s_qu3-batch1.csv-2,2,NOT AVAILABLE,NOT AVAILABLE,fa8a70d3-4a4f-439a-b049-c5af1ef4d008,PROLIFIC,11-Feb-2021 15:16:50,1174,46571,636d8d3e-83f1-4ba0-a650-4d8d259f5aa3,``People'' is one of the first things which come to mind when I hear ``cold' because (a/an) people is a typical example of things which are cold'. ,``Snow'' is one of the first things which come to mind when I hear ``white' because (a/an) snow is a typical example of things which are white'. ,``Water'' is one of the first things which come to mind when I hear ``grey' because (a/an) water is a typical example of things which are grey'. ,5_scalar_heat-set_extension_full_range,https://app.prolific.co/submissions/complete?cc=135DD3C8,Agree or disagree (run5_scalar_heat-set_extension_full_range-experiment_scalar-batch1-70-70),410555,660a57e8-51c7-4b27-837a-f1818b62c35e,2021-02-11 15:16:50,347.665,2021-02-11 14:11:18.938000,2021-02-11 14:17:06.603000,4.0,true,typical_of_property,cold,people,../data/prolific_output/run5_scalar_heat-group_scalar_heat/qu70-s_qu3-batch1.csv
qu70-s_qu3-batch1.csv-2,2,NOT AVAILABLE,NOT AVAILABLE,67616648-48b2-4c7c-847c-3cfe6d860951,PROLIFIC,11-Feb-2021 13:52:33,1174,46571,636d8d3e-83f1-4ba0-a650-4d8d259f5aa3,``People'' is one of the first things which come to mind when I hear ``cold' because (a/an) people is a typical example of things which are cold'. ,``Snow'' is one of the first things which come to mind when I hear ``white' because (a/an) snow is a typical example of things which are white'. ,``Water'' is one of the first things which come to mind when I hear ``grey' because (a/an) water is a typical example of things which are grey'. ,5_scalar_heat-set_extension_full_range,https://app.prolific.co/submissions/complete?cc=135DD3C8,Agree or disagree (run5_scalar_heat-set_extension_full_range-experiment_scalar-batch1-70-70),408826,579bd6d4-5d00-4870-bdfc-932aa755316b,2021-02-11 13:52:33,949.262,2021-02-11 12:44:12.147000,2021-02-11 13:00:01.409000,11.0,false,typical_of_property,cold,people,../data/prolific_output/run5_scalar_heat-group_scalar_heat/qu70-s_qu3-batch1.csv
qu70-s_qu3-batch1.csv-2,2,NOT AVAILABLE,NOT AVAILABLE,c5acc5c7-6592-4c17-a004-f364dd26d555,PROLIFIC,11-Feb-2021 14:29:27,1174,46571,636d8d3e-83f1-4ba0-a650-4d8d259f5aa3,``People'' is one of the first things which come to mind when I hear ``cold' because (a/an) people is a typical example of things which are cold'. ,``Snow'' is one of the first things which come to mind when I hear ``white' because (a/an) snow is a typical example of things which are white'. ,``Water'' is one of the first things which come to mind when I hear ``grey' because (a/an) water is a typical example of things which are grey'. ,5_scalar_heat-set_extension_full_range,https://app.prolific.co/submissions/complete?cc=135DD3C8,Agree or disagree (run5_scalar_heat-set_extension_full_range-experiment_scalar-batch1-70-70),409907,d6656d34-d8c4-459d-94fc-c9f14c5951b3,2021-02-11 14:29:27,865.556,2021-02-11 13:20:47.199000,2021-02-11 13:35:12.755000,2.0,false,typical_of_property,cold,people,../data/prolific_output/run5_scalar_heat-group_scalar_heat/qu70-s_qu3-batch1.csv
qu70-s_qu3-batch1.csv-2,2,NOT AVAILABLE,NOT AVAILABLE,4143fee4-d4f0-4e3d-901d-91dbd47391f1,PROLIFIC,11-Feb-2021 14:02:46,1174,46571,636d8d3e-83f1-4ba0-a650-4d8d259f5aa3,``People'' is one of the first things which come to mind when I hear ``cold' because (a/an) people is a typical example of things which are cold'. ,``Snow'' is one of the first things which come to mind when I hear ``white' because (a/an) snow is a typical example of things which are white'. ,``Water'' is one of the first things which come to mind when I hear ``grey' because (a/an) water is a typical example of things which are grey'. ,5_scalar_heat-set_extension_full_range,https://app.prolific.co/submissions/complete?cc=135DD3C8,Agree or disagree (run5_scalar_heat-set_extension_full_range-experiment_scalar-batch1-70-70),409179,d4090b59-3127-4a86-a2ea-e7164ce9681c,2021-02-11 14:02:46,522.216,2021-02-11 13:01:04.933000,2021-02-11 13:09:47.149000,1.0,false,typical_of_property,cold,people,../data/prolific_output/run5_scalar_heat-group_scalar_heat/qu70-s_qu3-batch1.csv
qu70-s_qu3-batch1.csv-2,2,NOT AVAILABLE,NOT AVAILABLE,393254ab-d116-4ce8-b686-bb7c17887d33,PROLIFIC,11-Feb-2021 14:12:04,1174,46571,636d8d3e-83f1-4ba0-a650-4d8d259f5aa3,``People'' is one of the first things which come to mind when I hear ``cold' because (a/an) people is a typical example of things which are cold'. ,``Snow'' is one of the first things which come to mind when I hear ``white' because (a/an) snow is a typical example of things which are white'. ,``Water'' is one of the first things which come to mind when I hear ``grey' because (a/an) water is a typical example of things which are grey'. ,5_scalar_heat-set_extension_full_range,https://app.prolific.co/submissions/complete?cc=135DD3C8,Agree or disagree (run5_scalar_heat-set_extension_full_range-experiment_scalar-batch1-70-70),409431,85d1ec91-604e-4e89-b5c9-6b2a1cd3d942,2021-02-11 14:12:04,818.111,2021-02-11 13:05:51.212000,2021-02-11 13:19:29.323000,4.0,false,typical_of_property,cold,people,../data/prolific_output/run5_scalar_heat-group_scalar_heat/qu70-s_qu3-batch1.csv
qu70-s_qu3-batch1.csv-2,2,NOT AVAILABLE,NOT AVAILABLE,93323109-435d-4f37-a41b-e4a720b53a81,PROLIFIC,11-Feb-2021 13:54:01,1174,46571,636d8d3e-83f1-4ba0-a650-4d8d259f5aa3,``People'' is one of the first things which come to mind when I hear ``cold' because (a/an) people is a typical example of things which are cold'. ,``Snow'' is one of the first things which come to mind when I hear ``white' because (a/an) snow is a typical example of things which are white'. ,``Water'' is one of the first things which come to mind when I hear ``grey' because (a/an) water is a typical example of things which are grey'. ,5_scalar_heat-set_extension_full_range,https://app.prolific.co/submissions/complete?cc=135DD3C8,Agree or disagree (run5_scalar_heat-set_extension_full_range-experiment_scalar-batch1-70-70),408889,5c00cb54-60f2-4221-955c-672d90a5b538,2021-02-11 13:54:01,401.872,2021-02-11 12:49:55.451000,2021-02-11 12:56:37.323000,1.0,false,typical_of_property,cold,people,../data/prolific_output/run5_scalar_heat-group_scalar_heat/qu70-s_qu3-batch1.csv
qu70-s_qu3-batch1.csv-2,2,NOT AVAILABLE,NOT AVAILABLE,5dc4ef01-5966-49da-b93c-8694d8e953c4,PROLIFIC,11-Feb-2021 13:42:24,1174,46571,636d8d3e-83f1-4ba0-a650-4d8d259f5aa3,``People'' is one of the first things which come to mind when I hear ``cold' because (a/an) people is a typical example of things which are cold'. ,``Snow'' is one of the first things which come to mind when I hear ``white' because (a/an) snow is a typical example of things which are white'. ,``Water'' is one of the first things which come to mind when I hear ``grey' because (a/an) water is a typical example of things which are grey'. ,5_scalar_heat-set_extension_full_range,https://app.prolific.co/submissions/complete?cc=135DD3C8,Agree or disagree (run5_scalar_heat-set_extension_full_range-experiment_scalar-batch1-70-70),408635,8eed9117-fe78-4bf9-9763-100ec96e099e,2021-02-11 13:42:24,443.921,2021-02-11 12:38:29.969000,2021-02-11 12:45:53.890000,3.0,false,typical_of_property,cold,people,../data/prolific_output/run5_scalar_heat-group_scalar_heat/qu70-s_qu3-batch1.csv
qu70-s_qu3-batch1.csv-2,2,NOT AVAILABLE,NOT AVAILABLE,6591e696-4740-4846-875f-72b909d5e0c8,PROLIFIC,11-Feb-2021 14:16:05,1174,46571,636d8d3e-83f1-4ba0-a650-4d8d259f5aa3,``People'' is one of the first things which come to mind when I hear ``cold' because (a/an) people is a typical example of things which are cold'. ,``Snow'' is one of the first things which come to mind when I hear ``white' because (a/an) snow is a typical example of things which are white'. ,``Water'' is one of the first things which come to mind when I hear ``grey' because (a/an) water is a typical example of things which are grey'. ,5_scalar_heat-set_extension_full_range,https://app.prolific.co/submissions/complete?cc=135DD3C8,Agree or disagree (run5_scalar_heat-set_extension_full_range-experiment_scalar-batch1-70-70),409596,13b03bbb-9b3e-439b-9ccb-73a64d416a5a,2021-02-11 14:16:05,562.557,2021-02-11 13:10:48.417000,2021-02-11 13:20:10.974000,3.0,false,typical_of_property,cold,people,../data/prolific_output/run5_scalar_heat-group_scalar_heat/qu70-s_qu3-batch1.csv
qu70-s_qu3-batch1.csv-2,2,NOT AVAILABLE,NOT AVAILABLE,c2fac0e6-01c1-4b66-8685-a3cbaffce5ba,PROLIFIC,11-Feb-2021 14:31:28,1174,46571,636d8d3e-83f1-4ba0-a650-4d8d259f5aa3,``People'' is one of the first things which come to mind when I hear ``cold' because (a/an) people is a typical example of things which are cold'. ,``Snow'' is one of the first things which come to mind when I hear ``white' because (a/an) snow is a typical example of things which are white'. ,``Water'' is one of the first things which come to mind when I hear ``grey' because (a/an) water is a typical example of things which are grey'. ,5_scalar_heat-set_extension_full_range,https://app.prolific.co/submissions/complete?cc=135DD3C8,Agree or disagree (run5_scalar_heat-set_extension_full_range-experiment_scalar-batch1-70-70),409947,de71ad11-955e-44ec-93b3-09e5f8ac013f,2021-02-11 14:31:28,425.954,2021-02-11 13:27:27.892000,2021-02-11 13:34:33.846000,3.0,false,typical_of_property,cold,people,../data/prolific_output/run5_scalar_heat-group_scalar_heat/qu70-s_qu3-batch1.csv
qu70-s_qu3-batch1.csv-2,2,NOT AVAILABLE,NOT AVAILABLE,fa8a70d3-4a4f-439a-b049-c5af1ef4d008,PROLIFIC,11-Feb-2021 15:12:35,1174,46572,48dc51b6-48f4-462a-8ecd-12786a77b88b,"Usually, (a/an) people is not cold, but there could be a highly unusual situation in which (a/an) people is cold.","Usually, (a/an) clock is not melting, but there could be a highly unusual situation in which (a/an) clock is melting.","Usually, (a/an) ice cream is not melting, but there could be a highly unusual situation in which (a/an) ice cream is melting.",5_scalar_heat-set_extension_full_range,https://app.prolific.co/submissions/complete?cc=135DD3C8,Agree or disagree (run5_scalar_heat-set_extension_full_range-experiment_scalar-batch1-70-70),410493,009e4025-98b9-4660-a9f5-1b6a1f810b54,2021-02-11 15:12:35,347.665,2021-02-11 14:11:18.938000,2021-02-11 14:17:06.603000,6.0,false,unusual,cold,people,../data/prolific_output/run5_scalar_heat-group_scalar_heat/qu70-s_qu3-batch1.csv
qu70-s_qu3-batch1.csv-2,2,NOT AVAILABLE,NOT AVAILABLE,67616648-48b2-4c7c-847c-3cfe6d860951,PROLIFIC,11-Feb-2021 13:56:15,1174,46572,48dc51b6-48f4-462a-8ecd-12786a77b88b,"Usually, (a/an) people is not cold, but there could be a highly unusual situation in which (a/an) people is cold.","Usually, (a/an) clock is not melting, but there could be a highly unusual situation in which (a/an) clock is melting.","Usually, (a/an) ice cream is not melting, but there could be a highly unusual situation in which (a/an) ice cream is melting.",5_scalar_heat-set_extension_full_range,https://app.prolific.co/submissions/complete?cc=135DD3C8,Agree or disagree (run5_scalar_heat-set_extension_full_range-experiment_scalar-batch1-70-70),408979,c6aea69f-9655-4377-a277-c1bc2535c7a9,2021-02-11 13:56:15,949.262,2021-02-11 12:44:12.147000,2021-02-11 13:00:01.409000,17.0,true,unusual,cold,people,../data/prolific_output/run5_scalar_heat-group_scalar_heat/qu70-s_qu3-batch1.csv
qu70-s_qu3-batch1.csv-2,2,NOT AVAILABLE,NOT AVAILABLE,c5acc5c7-6592-4c17-a004-f364dd26d555,PROLIFIC,11-Feb-2021 14:31:02,1174,46572,48dc51b6-48f4-462a-8ecd-12786a77b88b,"Usually, (a/an) people is not cold, but there could be a highly unusual situation in which (a/an) people is cold.","Usually, (a/an) clock is not melting, but there could be a highly unusual situation in which (a/an) clock is melting.","Usually, (a/an) ice cream is not melting, but there could be a highly unusual situation in which (a/an) ice cream is melting.",5_scalar_heat-set_extension_full_range,https://app.prolific.co/submissions/complete?cc=135DD3C8,Agree or disagree (run5_scalar_heat-set_extension_full_range-experiment_scalar-batch1-70-70),409940,59a772e5-b4b0-4d46-b336-d8149f95b1b7,2021-02-11 14:31:02,865.556,2021-02-11 13:20:47.199000,2021-02-11 13:35:12.755000,5.0,true,unusual,cold,people,../data/prolific_output/run5_scalar_heat-group_scalar_heat/qu70-s_qu3-batch1.csv
qu70-s_qu3-batch1.csv-2,2,NOT AVAILABLE,NOT AVAILABLE,4143fee4-d4f0-4e3d-901d-91dbd47391f1,PROLIFIC,11-Feb-2021 14:06:14,1174,46572,48dc51b6-48f4-462a-8ecd-12786a77b88b,"Usually, (a/an) people is not cold, but there could be a highly unusual situation in which (a/an) people is cold.","Usually, (a/an) clock is not melting, but there could be a highly unusual situation in which (a/an) clock is melting.","Usually, (a/an) ice cream is not melting, but there could be a highly unusual situation in which (a/an) ice cream is melting.",5_scalar_heat-set_extension_full_range,https://app.prolific.co/submissions/complete?cc=135DD3C8,Agree or disagree (run5_scalar_heat-set_extension_full_range-experiment_scalar-batch1-70-70),409230,9ce902bb-ff7e-42e3-b1af-b60d2aac1c01,2021-02-11 14:06:14,522.216,2021-02-11 13:01:04.933000,2021-02-11 13:09:47.149000,2.0,false,unusual,cold,people,../data/prolific_output/run5_scalar_heat-group_scalar_heat/qu70-s_qu3-batch1.csv
qu70-s_qu3-batch1.csv-2,2,NOT AVAILABLE,NOT AVAILABLE,393254ab-d116-4ce8-b686-bb7c17887d33,PROLIFIC,11-Feb-2021 14:08:16,1174,46572,48dc51b6-48f4-462a-8ecd-12786a77b88b,"Usually, (a/an) people is not cold, but there could be a highly unusual situation in which (a/an) people is cold.","Usually, (a/an) clock is not melting, but there could be a highly unusual situation in which (a/an) clock is melting.","Usually, (a/an) ice cream is not melting, but there could be a highly unusual situation in which (a/an) ice cream is melting.",5_scalar_heat-set_extension_full_range,https://app.prolific.co/submissions/complete?cc=135DD3C8,Agree or disagree (run5_scalar_heat-set_extension_full_range-experiment_scalar-batch1-70-70),409288,39c02272-1184-4701-9dca-e8a27285737c,2021-02-11 14:08:16,818.111,2021-02-11 13:05:51.212000,2021-02-11 13:19:29.323000,11.0,true,unusual,cold,people,../data/prolific_output/run5_scalar_heat-group_scalar_heat/qu70-s_qu3-batch1.csv
qu70-s_qu3-batch1.csv-2,2,NOT AVAILABLE,NOT AVAILABLE,93323109-435d-4f37-a41b-e4a720b53a81,PROLIFIC,11-Feb-2021 13:52:40,1174,46572,48dc51b6-48f4-462a-8ecd-12786a77b88b,"Usually, (a/an) people is not cold, but there could be a highly unusual situation in which (a/an) people is cold.","Usually, (a/an) clock is not melting, but there could be a highly unusual situation in which (a/an) clock is melting.","Usually, (a/an) ice cream is not melting, but there could be a highly unusual situation in which (a/an) ice cream is melting.",5_scalar_heat-set_extension_full_range,https://app.prolific.co/submissions/complete?cc=135DD3C8,Agree or disagree (run5_scalar_heat-set_extension_full_range-experiment_scalar-batch1-70-70),408831,1a256290-b3e6-4dee-a535-ff5ef1824046,2021-02-11 13:52:40,401.872,2021-02-11 12:49:55.451000,2021-02-11 12:56:37.323000,4.0,false,unusual,cold,people,../data/prolific_output/run5_scalar_heat-group_scalar_heat/qu70-s_qu3-batch1.csv
qu70-s_qu3-batch1.csv-2,2,NOT AVAILABLE,NOT AVAILABLE,5dc4ef01-5966-49da-b93c-8694d8e953c4,PROLIFIC,11-Feb-2021 13:44:29,1174,46572,48dc51b6-48f4-462a-8ecd-12786a77b88b,"Usually, (a/an) people is not cold, but there could be a highly unusual situation in which (a/an) people is cold.","Usually, (a/an) clock is not melting, but there could be a highly unusual situation in which (a/an) clock is melting.","Usually, (a/an) ice cream is not melting, but there could be a highly unusual situation in which (a/an) ice cream is melting.",5_scalar_heat-set_extension_full_range,https://app.prolific.co/submissions/complete?cc=135DD3C8,Agree or disagree (run5_scalar_heat-set_extension_full_range-experiment_scalar-batch1-70-70),408674,07fc143a-d6b8-4f33-82df-6b05705a456d,2021-02-11 13:44:29,443.921,2021-02-11 12:38:29.969000,2021-02-11 12:45:53.890000,2.0,false,unusual,cold,people,../data/prolific_output/run5_scalar_heat-group_scalar_heat/qu70-s_qu3-batch1.csv
qu70-s_qu3-batch1.csv-2,2,NOT AVAILABLE,NOT AVAILABLE,6591e696-4740-4846-875f-72b909d5e0c8,PROLIFIC,11-Feb-2021 14:16:57,1174,46572,48dc51b6-48f4-462a-8ecd-12786a77b88b,"Usually, (a/an) people is not cold, but there could be a highly unusual situation in which (a/an) people is cold.","Usually, (a/an) clock is not melting, but there could be a highly unusual situation in which (a/an) clock is melting.","Usually, (a/an) ice cream is not melting, but there could be a highly unusual situation in which (a/an) ice cream is melting.",5_scalar_heat-set_extension_full_range,https://app.prolific.co/submissions/complete?cc=135DD3C8,Agree or disagree (run5_scalar_heat-set_extension_full_range-experiment_scalar-batch1-70-70),409635,8067cd61-b8e3-4623-b0ce-cb9458289580,2021-02-11 14:16:57,562.557,2021-02-11 13:10:48.417000,2021-02-11 13:20:10.974000,9.0,true,unusual,cold,people,../data/prolific_output/run5_scalar_heat-group_scalar_heat/qu70-s_qu3-batch1.csv
qu70-s_qu3-batch1.csv-2,2,NOT AVAILABLE,NOT AVAILABLE,c2fac0e6-01c1-4b66-8685-a3cbaffce5ba,PROLIFIC,11-Feb-2021 14:30:36,1174,46572,48dc51b6-48f4-462a-8ecd-12786a77b88b,"Usually, (a/an) people is not cold, but there could be a highly unusual situation in which (a/an) people is cold.","Usually, (a/an) clock is not melting, but there could be a highly unusual situation in which (a/an) clock is melting.","Usually, (a/an) ice cream is not melting, but there could be a highly unusual situation in which (a/an) ice cream is melting.",5_scalar_heat-set_extension_full_range,https://app.prolific.co/submissions/complete?cc=135DD3C8,Agree or disagree (run5_scalar_heat-set_extension_full_range-experiment_scalar-batch1-70-70),409933,119a4b48-edd0-4917-b116-821db9037843,2021-02-11 14:30:36,425.954,2021-02-11 13:27:27.892000,2021-02-11 13:34:33.846000,5.0,false,unusual,cold,people,../data/prolific_output/run5_scalar_heat-group_scalar_heat/qu70-s_qu3-batch1.csv
qu70-s_qu3-batch1.csv-2,2,NOT AVAILABLE,NOT AVAILABLE,fa8a70d3-4a4f-439a-b049-c5af1ef4d008,PROLIFIC,11-Feb-2021 15:16:10,1174,46573,956a1719-44d1-42c5-ab7d-34f98f5ffff6,I think it is impossible for (a/an) people to be cold.,I think it is impossible for (a/an) steam to be solid.,I think it is impossible for (a/an) flame to be orange.,5_scalar_heat-set_extension_full_range,https://app.prolific.co/submissions/complete?cc=135DD3C8,Agree or disagree (run5_scalar_heat-set_extension_full_range-experiment_scalar-batch1-70-70),410544,4efbeaf4-ee59-432e-b175-386062f3768c,2021-02-11 15:16:10,347.665,2021-02-11 14:11:18.938000,2021-02-11 14:17:06.603000,3.0,false,impossible,cold,people,../data/prolific_output/run5_scalar_heat-group_scalar_heat/qu70-s_qu3-batch1.csv
qu70-s_qu3-batch1.csv-2,2,NOT AVAILABLE,NOT AVAILABLE,67616648-48b2-4c7c-847c-3cfe6d860951,PROLIFIC,11-Feb-2021 13:47:28,1174,46573,956a1719-44d1-42c5-ab7d-34f98f5ffff6,I think it is impossible for (a/an) people to be cold.,I think it is impossible for (a/an) steam to be solid.,I think it is impossible for (a/an) flame to be orange.,5_scalar_heat-set_extension_full_range,https://app.prolific.co/submissions/complete?cc=135DD3C8,Agree or disagree (run5_scalar_heat-set_extension_full_range-experiment_scalar-batch1-70-70),408727,cf98ab26-26dc-4202-92dd-d74c8833fa18,2021-02-11 13:47:28,949.262,2021-02-11 12:44:12.147000,2021-02-11 13:00:01.409000,33.0,false,impossible,cold,people,../data/prolific_output/run5_scalar_heat-group_scalar_heat/qu70-s_qu3-batch1.csv
qu70-s_qu3-batch1.csv-2,2,NOT AVAILABLE,NOT AVAILABLE,c5acc5c7-6592-4c17-a004-f364dd26d555,PROLIFIC,11-Feb-2021 14:29:25,1174,46573,956a1719-44d1-42c5-ab7d-34f98f5ffff6,I think it is impossible for (a/an) people to be cold.,I think it is impossible for (a/an) steam to be solid.,I think it is impossible for (a/an) flame to be orange.,5_scalar_heat-set_extension_full_range,https://app.prolific.co/submissions/complete?cc=135DD3C8,Agree or disagree (run5_scalar_heat-set_extension_full_range-experiment_scalar-batch1-70-70),409904,0e76c9eb-5f9e-4b75-8f88-43766a1be012,2021-02-11 14:29:25,865.556,2021-02-11 13:20:47.199000,2021-02-11 13:35:12.755000,3.0,false,impossible,cold,people,../data/prolific_output/run5_scalar_heat-group_scalar_heat/qu70-s_qu3-batch1.csv
qu70-s_qu3-batch1.csv-2,2,NOT AVAILABLE,NOT AVAILABLE,4143fee4-d4f0-4e3d-901d-91dbd47391f1,PROLIFIC,11-Feb-2021 14:05:43,1174,46573,956a1719-44d1-42c5-ab7d-34f98f5ffff6,I think it is impossible for (a/an) people to be cold.,I think it is impossible for (a/an) steam to be solid.,I think it is impossible for (a/an) flame to be orange.,5_scalar_heat-set_extension_full_range,https://app.prolific.co/submissions/complete?cc=135DD3C8,Agree or disagree (run5_scalar_heat-set_extension_full_range-experiment_scalar-batch1-70-70),409215,38f0185a-7922-465a-9210-3b6a2d302945,2021-02-11 14:05:43,522.216,2021-02-11 13:01:04.933000,2021-02-11 13:09:47.149000,5.0,true,impossible,cold,people,../data/prolific_output/run5_scalar_heat-group_scalar_heat/qu70-s_qu3-batch1.csv
qu70-s_qu3-batch1.csv-2,2,NOT AVAILABLE,NOT AVAILABLE,393254ab-d116-4ce8-b686-bb7c17887d33,PROLIFIC,11-Feb-2021 14:11:54,1174,46573,956a1719-44d1-42c5-ab7d-34f98f5ffff6,I think it is impossible for (a/an) people to be cold.,I think it is impossible for (a/an) steam to be solid.,I think it is impossible for (a/an) flame to be orange.,5_scalar_heat-set_extension_full_range,https://app.prolific.co/submissions/complete?cc=135DD3C8,Agree or disagree (run5_scalar_heat-set_extension_full_range-experiment_scalar-batch1-70-70),409424,b70b487f-07c4-4acf-b1af-665e6316f4b0,2021-02-11 14:11:54,818.111,2021-02-11 13:05:51.212000,2021-02-11 13:19:29.323000,6.0,false,impossible,cold,people,../data/prolific_output/run5_scalar_heat-group_scalar_heat/qu70-s_qu3-batch1.csv
qu70-s_qu3-batch1.csv-2,2,NOT AVAILABLE,NOT AVAILABLE,93323109-435d-4f37-a41b-e4a720b53a81,PROLIFIC,11-Feb-2021 13:55:09,1174,46573,956a1719-44d1-42c5-ab7d-34f98f5ffff6,I think it is impossible for (a/an) people to be cold.,I think it is impossible for (a/an) steam to be solid.,I think it is impossible for (a/an) flame to be orange.,5_scalar_heat-set_extension_full_range,https://app.prolific.co/submissions/complete?cc=135DD3C8,Agree or disagree (run5_scalar_heat-set_extension_full_range-experiment_scalar-batch1-70-70),408934,f549740c-c4ad-41ec-a930-377700f52f4c,2021-02-11 13:55:09,401.872,2021-02-11 12:49:55.451000,2021-02-11 12:56:37.323000,4.0,false,impossible,cold,people,../data/prolific_output/run5_scalar_heat-group_scalar_heat/qu70-s_qu3-batch1.csv
qu70-s_qu3-batch1.csv-2,2,NOT AVAILABLE,NOT AVAILABLE,5dc4ef01-5966-49da-b93c-8694d8e953c4,PROLIFIC,11-Feb-2021 13:42:01,1174,46573,956a1719-44d1-42c5-ab7d-34f98f5ffff6,I think it is impossible for (a/an) people to be cold.,I think it is impossible for (a/an) steam to be solid.,I think it is impossible for (a/an) flame to be orange.,5_scalar_heat-set_extension_full_range,https://app.prolific.co/submissions/complete?cc=135DD3C8,Agree or disagree (run5_scalar_heat-set_extension_full_range-experiment_scalar-batch1-70-70),408629,a26279be-d036-40bf-bf14-27f2194ceca5,2021-02-11 13:42:01,443.921,2021-02-11 12:38:29.969000,2021-02-11 12:45:53.890000,5.0,true,impossible,cold,people,../data/prolific_output/run5_scalar_heat-group_scalar_heat/qu70-s_qu3-batch1.csv
qu70-s_qu3-batch1.csv-2,2,NOT AVAILABLE,NOT AVAILABLE,6591e696-4740-4846-875f-72b909d5e0c8,PROLIFIC,11-Feb-2021 14:18:37,1174,46573,956a1719-44d1-42c5-ab7d-34f98f5ffff6,I think it is impossible for (a/an) people to be cold.,I think it is impossible for (a/an) steam to be solid.,I think it is impossible for (a/an) flame to be orange.,5_scalar_heat-set_extension_full_range,https://app.prolific.co/submissions/complete?cc=135DD3C8,Agree or disagree (run5_scalar_heat-set_extension_full_range-experiment_scalar-batch1-70-70),409717,e7cc5ca8-5777-4d1d-b127-a1a86912f91a,2021-02-11 14:18:37,562.557,2021-02-11 13:10:48.417000,2021-02-11 13:20:10.974000,5.0,false,impossible,cold,people,../data/prolific_output/run5_scalar_heat-group_scalar_heat/qu70-s_qu3-batch1.csv
qu70-s_qu3-batch1.csv-2,2,NOT AVAILABLE,NOT AVAILABLE,c2fac0e6-01c1-4b66-8685-a3cbaffce5ba,PROLIFIC,11-Feb-2021 14:34:11,1174,46573,956a1719-44d1-42c5-ab7d-34f98f5ffff6,I think it is impossible for (a/an) people to be cold.,I think it is impossible for (a/an) steam to be solid.,I think it is impossible for (a/an) flame to be orange.,5_scalar_heat-set_extension_full_range,https://app.prolific.co/submissions/complete?cc=135DD3C8,Agree or disagree (run5_scalar_heat-set_extension_full_range-experiment_scalar-batch1-70-70),410037,c1cb181e-93a5-4ece-bd63-165541927a45,2021-02-11 14:34:11,425.954,2021-02-11 13:27:27.892000,2021-02-11 13:34:33.846000,4.0,false,impossible,cold,people,../data/prolific_output/run5_scalar_heat-group_scalar_heat/qu70-s_qu3-batch1.csv
qu70-s_qu3-batch1.csv-2,2,NOT AVAILABLE,NOT AVAILABLE,fa8a70d3-4a4f-439a-b049-c5af1ef4d008,PROLIFIC,11-Feb-2021 15:13:19,1174,46574,2900ad0e-9589-44c0-bce7-8320e27fd066,"I think (a/an) people can be cold, but this is rare or uncommon.","I think (a/an) chocolate can be salty, but this is rare or uncommon.","I think (a/an) cherry can be salty, but this is rare or uncommon.",5_scalar_heat-set_extension_full_range,https://app.prolific.co/submissions/complete?cc=135DD3C8,Agree or disagree (run5_scalar_heat-set_extension_full_range-experiment_scalar-batch1-70-70),410500,baca568b-7674-45ae-9ec8-e3489512aee0,2021-02-11 15:13:19,347.665,2021-02-11 14:11:18.938000,2021-02-11 14:17:06.603000,3.0,false,rare,cold,people,../data/prolific_output/run5_scalar_heat-group_scalar_heat/qu70-s_qu3-batch1.csv
qu70-s_qu3-batch1.csv-2,2,NOT AVAILABLE,NOT AVAILABLE,67616648-48b2-4c7c-847c-3cfe6d860951,PROLIFIC,11-Feb-2021 13:57:39,1174,46574,2900ad0e-9589-44c0-bce7-8320e27fd066,"I think (a/an) people can be cold, but this is rare or uncommon.","I think (a/an) chocolate can be salty, but this is rare or uncommon.","I think (a/an) cherry can be salty, but this is rare or uncommon.",5_scalar_heat-set_extension_full_range,https://app.prolific.co/submissions/complete?cc=135DD3C8,Agree or disagree (run5_scalar_heat-set_extension_full_range-experiment_scalar-batch1-70-70),409033,097d1468-1c84-4e24-855d-79efd4c07e48,2021-02-11 13:57:39,949.262,2021-02-11 12:44:12.147000,2021-02-11 13:00:01.409000,5.0,true,rare,cold,people,../data/prolific_output/run5_scalar_heat-group_scalar_heat/qu70-s_qu3-batch1.csv
qu70-s_qu3-batch1.csv-2,2,NOT AVAILABLE,NOT AVAILABLE,c5acc5c7-6592-4c17-a004-f364dd26d555,PROLIFIC,11-Feb-2021 14:26:37,1174,46574,2900ad0e-9589-44c0-bce7-8320e27fd066,"I think (a/an) people can be cold, but this is rare or uncommon.","I think (a/an) chocolate can be salty, but this is rare or uncommon.","I think (a/an) cherry can be salty, but this is rare or uncommon.",5_scalar_heat-set_extension_full_range,https://app.prolific.co/submissions/complete?cc=135DD3C8,Agree or disagree (run5_scalar_heat-set_extension_full_range-experiment_scalar-batch1-70-70),409866,f2a324dd-de6b-4d22-9f05-46600f3dc2df,2021-02-11 14:26:37,865.556,2021-02-11 13:20:47.199000,2021-02-11 13:35:12.755000,3.0,true,rare,cold,people,../data/prolific_output/run5_scalar_heat-group_scalar_heat/qu70-s_qu3-batch1.csv
qu70-s_qu3-batch1.csv-2,2,NOT AVAILABLE,NOT AVAILABLE,4143fee4-d4f0-4e3d-901d-91dbd47391f1,PROLIFIC,11-Feb-2021 14:06:24,1174,46574,2900ad0e-9589-44c0-bce7-8320e27fd066,"I think (a/an) people can be cold, but this is rare or uncommon.","I think (a/an) chocolate can be salty, but this is rare or uncommon.","I think (a/an) cherry can be salty, but this is rare or uncommon.",5_scalar_heat-set_extension_full_range,https://app.prolific.co/submissions/complete?cc=135DD3C8,Agree or disagree (run5_scalar_heat-set_extension_full_range-experiment_scalar-batch1-70-70),409237,50c07947-4c22-4310-bb94-261f87ce2409,2021-02-11 14:06:24,522.216,2021-02-11 13:01:04.933000,2021-02-11 13:09:47.149000,2.0,false,rare,cold,people,../data/prolific_output/run5_scalar_heat-group_scalar_heat/qu70-s_qu3-batch1.csv
qu70-s_qu3-batch1.csv-2,2,NOT AVAILABLE,NOT AVAILABLE,393254ab-d116-4ce8-b686-bb7c17887d33,PROLIFIC,11-Feb-2021 14:14:41,1174,46574,2900ad0e-9589-44c0-bce7-8320e27fd066,"I think (a/an) people can be cold, but this is rare or uncommon.","I think (a/an) chocolate can be salty, but this is rare or uncommon.","I think (a/an) cherry can be salty, but this is rare or uncommon.",5_scalar_heat-set_extension_full_range,https://app.prolific.co/submissions/complete?cc=135DD3C8,Agree or disagree (run5_scalar_heat-set_extension_full_range-experiment_scalar-batch1-70-70),409516,d8b88f7b-3146-4ec0-a5ed-0271b45a0919,2021-02-11 14:14:41,818.111,2021-02-11 13:05:51.212000,2021-02-11 13:19:29.323000,6.0,false,rare,cold,people,../data/prolific_output/run5_scalar_heat-group_scalar_heat/qu70-s_qu3-batch1.csv
qu70-s_qu3-batch1.csv-2,2,NOT AVAILABLE,NOT AVAILABLE,93323109-435d-4f37-a41b-e4a720b53a81,PROLIFIC,11-Feb-2021 13:51:59,1174,46574,2900ad0e-9589-44c0-bce7-8320e27fd066,"I think (a/an) people can be cold, but this is rare or uncommon.","I think (a/an) chocolate can be salty, but this is rare or uncommon.","I think (a/an) cherry can be salty, but this is rare or uncommon.",5_scalar_heat-set_extension_full_range,https://app.prolific.co/submissions/complete?cc=135DD3C8,Agree or disagree (run5_scalar_heat-set_extension_full_range-experiment_scalar-batch1-70-70),408805,c2526f79-19bd-4f03-92ad-022f0911a1da,2021-02-11 13:51:59,401.872,2021-02-11 12:49:55.451000,2021-02-11 12:56:37.323000,2.0,false,rare,cold,people,../data/prolific_output/run5_scalar_heat-group_scalar_heat/qu70-s_qu3-batch1.csv
qu70-s_qu3-batch1.csv-2,2,NOT AVAILABLE,NOT AVAILABLE,5dc4ef01-5966-49da-b93c-8694d8e953c4,PROLIFIC,11-Feb-2021 13:44:05,1174,46574,2900ad0e-9589-44c0-bce7-8320e27fd066,"I think (a/an) people can be cold, but this is rare or uncommon.","I think (a/an) chocolate can be salty, but this is rare or uncommon.","I think (a/an) cherry can be salty, but this is rare or uncommon.",5_scalar_heat-set_extension_full_range,https://app.prolific.co/submissions/complete?cc=135DD3C8,Agree or disagree (run5_scalar_heat-set_extension_full_range-experiment_scalar-batch1-70-70),408664,99fb61a1-2530-4cf0-848a-14c4c5290c35,2021-02-11 13:44:05,443.921,2021-02-11 12:38:29.969000,2021-02-11 12:45:53.890000,2.0,false,rare,cold,people,../data/prolific_output/run5_scalar_heat-group_scalar_heat/qu70-s_qu3-batch1.csv
qu70-s_qu3-batch1.csv-2,2,NOT AVAILABLE,NOT AVAILABLE,6591e696-4740-4846-875f-72b909d5e0c8,PROLIFIC,11-Feb-2021 14:19:09,1174,46574,2900ad0e-9589-44c0-bce7-8320e27fd066,"I think (a/an) people can be cold, but this is rare or uncommon.","I think (a/an) chocolate can be salty, but this is rare or uncommon.","I think (a/an) cherry can be salty, but this is rare or uncommon.",5_scalar_heat-set_extension_full_range,https://app.prolific.co/submissions/complete?cc=135DD3C8,Agree or disagree (run5_scalar_heat-set_extension_full_range-experiment_scalar-batch1-70-70),409744,ecc7153b-cbbe-4601-8413-0269ca8a3cae,2021-02-11 14:19:09,562.557,2021-02-11 13:10:48.417000,2021-02-11 13:20:10.974000,11.0,false,rare,cold,people,../data/prolific_output/run5_scalar_heat-group_scalar_heat/qu70-s_qu3-batch1.csv
qu70-s_qu3-batch1.csv-2,2,NOT AVAILABLE,NOT AVAILABLE,c2fac0e6-01c1-4b66-8685-a3cbaffce5ba,PROLIFIC,11-Feb-2021 14:31:03,1174,46574,2900ad0e-9589-44c0-bce7-8320e27fd066,"I think (a/an) people can be cold, but this is rare or uncommon.","I think (a/an) chocolate can be salty, but this is rare or uncommon.","I think (a/an) cherry can be salty, but this is rare or uncommon.",5_scalar_heat-set_extension_full_range,https://app.prolific.co/submissions/complete?cc=135DD3C8,Agree or disagree (run5_scalar_heat-set_extension_full_range-experiment_scalar-batch1-70-70),409941,d7489c83-7734-4c52-b878-d5b56ce64eb7,2021-02-11 14:31:03,425.954,2021-02-11 13:27:27.892000,2021-02-11 13:34:33.846000,3.0,false,rare,cold,people,../data/prolific_output/run5_scalar_heat-group_scalar_heat/qu70-s_qu3-batch1.csv
qu70-s_qu3-batch1.csv-2,2,NOT AVAILABLE,NOT AVAILABLE,fa8a70d3-4a4f-439a-b049-c5af1ef4d008,PROLIFIC,11-Feb-2021 15:14:20,1174,46575,f60b1150-1290-4f27-9170-0e6d35897166,``Cold'' is one for the first things which come to mind when I hear ``people' because cold is one of the typical temperatures of (a/an) people'.,``Heavy'' is one for the first things which come to mind when I hear ``rock' because heavy is one of the typical qualities of (a/an) rock'.,``Green'' is one for the first things which come to mind when I hear ``raspberry' because green is one of the typical colors of (a/an) raspberry'.,5_scalar_heat-set_extension_full_range,https://app.prolific.co/submissions/complete?cc=135DD3C8,Agree or disagree (run5_scalar_heat-set_extension_full_range-experiment_scalar-batch1-70-70),410513,d97f0c0f-d022-4309-a2ed-971c5e3c6441,2021-02-11 15:14:20,347.665,2021-02-11 14:11:18.938000,2021-02-11 14:17:06.603000,6.0,true,typical_of_concept,cold,people,../data/prolific_output/run5_scalar_heat-group_scalar_heat/qu70-s_qu3-batch1.csv
qu70-s_qu3-batch1.csv-2,2,NOT AVAILABLE,NOT AVAILABLE,67616648-48b2-4c7c-847c-3cfe6d860951,PROLIFIC,11-Feb-2021 13:55:01,1174,46575,f60b1150-1290-4f27-9170-0e6d35897166,``Cold'' is one for the first things which come to mind when I hear ``people' because cold is one of the typical temperatures of (a/an) people'.,``Heavy'' is one for the first things which come to mind when I hear ``rock' because heavy is one of the typical qualities of (a/an) rock'.,``Green'' is one for the first things which come to mind when I hear ``raspberry' because green is one of the typical colors of (a/an) raspberry'.,5_scalar_heat-set_extension_full_range,https://app.prolific.co/submissions/complete?cc=135DD3C8,Agree or disagree (run5_scalar_heat-set_extension_full_range-experiment_scalar-batch1-70-70),408927,0b709ecb-1e45-45c5-a25c-b092cc491ce6,2021-02-11 13:55:01,949.262,2021-02-11 12:44:12.147000,2021-02-11 13:00:01.409000,4.0,false,typical_of_concept,cold,people,../data/prolific_output/run5_scalar_heat-group_scalar_heat/qu70-s_qu3-batch1.csv
qu70-s_qu3-batch1.csv-2,2,NOT AVAILABLE,NOT AVAILABLE,c5acc5c7-6592-4c17-a004-f364dd26d555,PROLIFIC,11-Feb-2021 14:33:15,1174,46575,f60b1150-1290-4f27-9170-0e6d35897166,``Cold'' is one for the first things which come to mind when I hear ``people' because cold is one of the typical temperatures of (a/an) people'.,``Heavy'' is one for the first things which come to mind when I hear ``rock' because heavy is one of the typical qualities of (a/an) rock'.,``Green'' is one for the first things which come to mind when I hear ``raspberry' because green is one of the typical colors of (a/an) raspberry'.,5_scalar_heat-set_extension_full_range,https://app.prolific.co/submissions/complete?cc=135DD3C8,Agree or disagree (run5_scalar_heat-set_extension_full_range-experiment_scalar-batch1-70-70),410005,19ac97ae-c467-44e6-af5b-f5b3e1c0bff7,2021-02-11 14:33:15,865.556,2021-02-11 13:20:47.199000,2021-02-11 13:35:12.755000,9.0,false,typical_of_concept,cold,people,../data/prolific_output/run5_scalar_heat-group_scalar_heat/qu70-s_qu3-batch1.csv
qu70-s_qu3-batch1.csv-2,2,NOT AVAILABLE,NOT AVAILABLE,4143fee4-d4f0-4e3d-901d-91dbd47391f1,PROLIFIC,11-Feb-2021 14:05:18,1174,46575,f60b1150-1290-4f27-9170-0e6d35897166,``Cold'' is one for the first things which come to mind when I hear ``people' because cold is one of the typical temperatures of (a/an) people'.,``Heavy'' is one for the first things which come to mind when I hear ``rock' because heavy is one of the typical qualities of (a/an) rock'.,``Green'' is one for the first things which come to mind when I hear ``raspberry' because green is one of the typical colors of (a/an) raspberry'.,5_scalar_heat-set_extension_full_range,https://app.prolific.co/submissions/complete?cc=135DD3C8,Agree or disagree (run5_scalar_heat-set_extension_full_range-experiment_scalar-batch1-70-70),409209,bebb4b1a-51a6-4e7d-adbe-b6cd6fb479d0,2021-02-11 14:05:18,522.216,2021-02-11 13:01:04.933000,2021-02-11 13:09:47.149000,3.0,false,typical_of_concept,cold,people,../data/prolific_output/run5_scalar_heat-group_scalar_heat/qu70-s_qu3-batch1.csv
qu70-s_qu3-batch1.csv-2,2,NOT AVAILABLE,NOT AVAILABLE,393254ab-d116-4ce8-b686-bb7c17887d33,PROLIFIC,11-Feb-2021 14:11:31,1174,46575,f60b1150-1290-4f27-9170-0e6d35897166,``Cold'' is one for the first things which come to mind when I hear ``people' because cold is one of the typical temperatures of (a/an) people'.,``Heavy'' is one for the first things which come to mind when I hear ``rock' because heavy is one of the typical qualities of (a/an) rock'.,``Green'' is one for the first things which come to mind when I hear ``raspberry' because green is one of the typical colors of (a/an) raspberry'.,5_scalar_heat-set_extension_full_range,https://app.prolific.co/submissions/complete?cc=135DD3C8,Agree or disagree (run5_scalar_heat-set_extension_full_range-experiment_scalar-batch1-70-70),409412,a01c7923-6f70-48cc-beea-cab13f000fc1,2021-02-11 14:11:31,818.111,2021-02-11 13:05:51.212000,2021-02-11 13:19:29.323000,3.0,false,typical_of_concept,cold,people,../data/prolific_output/run5_scalar_heat-group_scalar_heat/qu70-s_qu3-batch1.csv
qu70-s_qu3-batch1.csv-2,2,NOT AVAILABLE,NOT AVAILABLE,93323109-435d-4f37-a41b-e4a720b53a81,PROLIFIC,11-Feb-2021 13:55:46,1174,46575,f60b1150-1290-4f27-9170-0e6d35897166,``Cold'' is one for the first things which come to mind when I hear ``people' because cold is one of the typical temperatures of (a/an) people'.,``Heavy'' is one for the first things which come to mind when I hear ``rock' because heavy is one of the typical qualities of (a/an) rock'.,``Green'' is one for the first things which come to mind when I hear ``raspberry' because green is one of the typical colors of (a/an) raspberry'.,5_scalar_heat-set_extension_full_range,https://app.prolific.co/submissions/complete?cc=135DD3C8,Agree or disagree (run5_scalar_heat-set_extension_full_range-experiment_scalar-batch1-70-70),408956,e7630829-36d3-4204-851c-ff01d3d04619,2021-02-11 13:55:46,401.872,2021-02-11 12:49:55.451000,2021-02-11 12:56:37.323000,2.0,false,typical_of_concept,cold,people,../data/prolific_output/run5_scalar_heat-group_scalar_heat/qu70-s_qu3-batch1.csv
qu70-s_qu3-batch1.csv-2,2,NOT AVAILABLE,NOT AVAILABLE,5dc4ef01-5966-49da-b93c-8694d8e953c4,PROLIFIC,11-Feb-2021 13:43:06,1174,46575,f60b1150-1290-4f27-9170-0e6d35897166,``Cold'' is one for the first things which come to mind when I hear ``people' because cold is one of the typical temperatures of (a/an) people'.,``Heavy'' is one for the first things which come to mind when I hear ``rock' because heavy is one of the typical qualities of (a/an) rock'.,``Green'' is one for the first things which come to mind when I hear ``raspberry' because green is one of the typical colors of (a/an) raspberry'.,5_scalar_heat-set_extension_full_range,https://app.prolific.co/submissions/complete?cc=135DD3C8,Agree or disagree (run5_scalar_heat-set_extension_full_range-experiment_scalar-batch1-70-70),408647,c69946d5-085b-4a2b-8f1e-bcff767fbee8,2021-02-11 13:43:06,443.921,2021-02-11 12:38:29.969000,2021-02-11 12:45:53.890000,3.0,false,typical_of_concept,cold,people,../data/prolific_output/run5_scalar_heat-group_scalar_heat/qu70-s_qu3-batch1.csv
qu70-s_qu3-batch1.csv-2,2,NOT AVAILABLE,NOT AVAILABLE,6591e696-4740-4846-875f-72b909d5e0c8,PROLIFIC,11-Feb-2021 14:15:25,1174,46575,f60b1150-1290-4f27-9170-0e6d35897166,``Cold'' is one for the first things which come to mind when I hear ``people' because cold is one of the typical temperatures of (a/an) people'.,``Heavy'' is one for the first things which come to mind when I hear ``rock' because heavy is one of the typical qualities of (a/an) rock'.,``Green'' is one for the first things which come to mind when I hear ``raspberry' because green is one of the typical colors of (a/an) raspberry'.,5_scalar_heat-set_extension_full_range,https://app.prolific.co/submissions/complete?cc=135DD3C8,Agree or disagree (run5_scalar_heat-set_extension_full_range-experiment_scalar-batch1-70-70),409559,e64278c3-aea7-4464-ac23-ddd37d9c2f07,2021-02-11 14:15:25,562.557,2021-02-11 13:10:48.417000,2021-02-11 13:20:10.974000,3.0,false,typical_of_concept,cold,people,../data/prolific_output/run5_scalar_heat-group_scalar_heat/qu70-s_qu3-batch1.csv
qu70-s_qu3-batch1.csv-2,2,NOT AVAILABLE,NOT AVAILABLE,c2fac0e6-01c1-4b66-8685-a3cbaffce5ba,PROLIFIC,11-Feb-2021 14:31:06,1174,46575,f60b1150-1290-4f27-9170-0e6d35897166,``Cold'' is one for the first things which come to mind when I hear ``people' because cold is one of the typical temperatures of (a/an) people'.,``Heavy'' is one for the first things which come to mind when I hear ``rock' because heavy is one of the typical qualities of (a/an) rock'.,``Green'' is one for the first things which come to mind when I hear ``raspberry' because green is one of the typical colors of (a/an) raspberry'.,5_scalar_heat-set_extension_full_range,https://app.prolific.co/submissions/complete?cc=135DD3C8,Agree or disagree (run5_scalar_heat-set_extension_full_range-experiment_scalar-batch1-70-70),409942,b4a08882-b24f-442a-9971-51debd6fc136,2021-02-11 14:31:06,425.954,2021-02-11 13:27:27.892000,2021-02-11 13:34:33.846000,3.0,false,typical_of_concept,cold,people,../data/prolific_output/run5_scalar_heat-group_scalar_heat/qu70-s_qu3-batch1.csv
qu70-s_qu3-batch1.csv-2,2,NOT AVAILABLE,NOT AVAILABLE,fa8a70d3-4a4f-439a-b049-c5af1ef4d008,PROLIFIC,11-Feb-2021 15:16:19,1174,46576,ea424453-4e0d-4262-967b-bd3ade0d0948,I know that (a/an) people is cold as most or all other things similar to (a/an) people are cold. ,I know that (a/an) chocoloate_cake is sweet as most or all other things similar to (a/an) chocoloate_cake are sweet. ,I know that (a/an) table is transparent as most or all other things similar to (a/an) table are transparent. ,5_scalar_heat-set_extension_full_range,https://app.prolific.co/submissions/complete?cc=135DD3C8,Agree or disagree (run5_scalar_heat-set_extension_full_range-experiment_scalar-batch1-70-70),410547,86080de9-89d8-4549-b0ea-d72cf2a64baa,2021-02-11 15:16:19,347.665,2021-02-11 14:11:18.938000,2021-02-11 14:17:06.603000,3.0,false,implied_category,cold,people,../data/prolific_output/run5_scalar_heat-group_scalar_heat/qu70-s_qu3-batch1.csv
qu70-s_qu3-batch1.csv-2,2,NOT AVAILABLE,NOT AVAILABLE,67616648-48b2-4c7c-847c-3cfe6d860951,PROLIFIC,11-Feb-2021 13:57:18,1174,46576,ea424453-4e0d-4262-967b-bd3ade0d0948,I know that (a/an) people is cold as most or all other things similar to (a/an) people are cold. ,I know that (a/an) chocoloate_cake is sweet as most or all other things similar to (a/an) chocoloate_cake are sweet. ,I know that (a/an) table is transparent as most or all other things similar to (a/an) table are transparent. ,5_scalar_heat-set_extension_full_range,https://app.prolific.co/submissions/complete?cc=135DD3C8,Agree or disagree (run5_scalar_heat-set_extension_full_range-experiment_scalar-batch1-70-70),409017,8a3b911c-a2f0-414e-8fc1-4695b3cce9d5,2021-02-11 13:57:18,949.262,2021-02-11 12:44:12.147000,2021-02-11 13:00:01.409000,4.0,false,implied_category,cold,people,../data/prolific_output/run5_scalar_heat-group_scalar_heat/qu70-s_qu3-batch1.csv
qu70-s_qu3-batch1.csv-2,2,NOT AVAILABLE,NOT AVAILABLE,c5acc5c7-6592-4c17-a004-f364dd26d555,PROLIFIC,11-Feb-2021 14:25:03,1174,46576,ea424453-4e0d-4262-967b-bd3ade0d0948,I know that (a/an) people is cold as most or all other things similar to (a/an) people are cold. ,I know that (a/an) chocoloate_cake is sweet as most or all other things similar to (a/an) chocoloate_cake are sweet. ,I know that (a/an) table is transparent as most or all other things similar to (a/an) table are transparent. ,5_scalar_heat-set_extension_full_range,https://app.prolific.co/submissions/complete?cc=135DD3C8,Agree or disagree (run5_scalar_heat-set_extension_full_range-experiment_scalar-batch1-70-70),409847,7af4a2fc-cb53-4a4a-a14e-55ca421b8ad8,2021-02-11 14:25:03,865.556,2021-02-11 13:20:47.199000,2021-02-11 13:35:12.755000,5.0,false,implied_category,cold,people,../data/prolific_output/run5_scalar_heat-group_scalar_heat/qu70-s_qu3-batch1.csv
qu70-s_qu3-batch1.csv-2,2,NOT AVAILABLE,NOT AVAILABLE,4143fee4-d4f0-4e3d-901d-91dbd47391f1,PROLIFIC,11-Feb-2021 14:05:38,1174,46576,ea424453-4e0d-4262-967b-bd3ade0d0948,I know that (a/an) people is cold as most or all other things similar to (a/an) people are cold. ,I know that (a/an) chocoloate_cake is sweet as most or all other things similar to (a/an) chocoloate_cake are sweet. ,I know that (a/an) table is transparent as most or all other things similar to (a/an) table are transparent. ,5_scalar_heat-set_extension_full_range,https://app.prolific.co/submissions/complete?cc=135DD3C8,Agree or disagree (run5_scalar_heat-set_extension_full_range-experiment_scalar-batch1-70-70),409214,a5012abc-130a-4f02-8762-4becd406caa3,2021-02-11 14:05:38,522.216,2021-02-11 13:01:04.933000,2021-02-11 13:09:47.149000,2.0,false,implied_category,cold,people,../data/prolific_output/run5_scalar_heat-group_scalar_heat/qu70-s_qu3-batch1.csv
qu70-s_qu3-batch1.csv-2,2,NOT AVAILABLE,NOT AVAILABLE,393254ab-d116-4ce8-b686-bb7c17887d33,PROLIFIC,11-Feb-2021 14:10:35,1174,46576,ea424453-4e0d-4262-967b-bd3ade0d0948,I know that (a/an) people is cold as most or all other things similar to (a/an) people are cold. ,I know that (a/an) chocoloate_cake is sweet as most or all other things similar to (a/an) chocoloate_cake are sweet. ,I know that (a/an) table is transparent as most or all other things similar to (a/an) table are transparent. ,5_scalar_heat-set_extension_full_range,https://app.prolific.co/submissions/complete?cc=135DD3C8,Agree or disagree (run5_scalar_heat-set_extension_full_range-experiment_scalar-batch1-70-70),409381,09e16ec4-482e-456f-bb06-5c9d1ff489e1,2021-02-11 14:10:35,818.111,2021-02-11 13:05:51.212000,2021-02-11 13:19:29.323000,7.0,false,implied_category,cold,people,../data/prolific_output/run5_scalar_heat-group_scalar_heat/qu70-s_qu3-batch1.csv
qu70-s_qu3-batch1.csv-2,2,NOT AVAILABLE,NOT AVAILABLE,93323109-435d-4f37-a41b-e4a720b53a81,PROLIFIC,11-Feb-2021 13:54:38,1174,46576,ea424453-4e0d-4262-967b-bd3ade0d0948,I know that (a/an) people is cold as most or all other things similar to (a/an) people are cold. ,I know that (a/an) chocoloate_cake is sweet as most or all other things similar to (a/an) chocoloate_cake are sweet. ,I know that (a/an) table is transparent as most or all other things similar to (a/an) table are transparent. ,5_scalar_heat-set_extension_full_range,https://app.prolific.co/submissions/complete?cc=135DD3C8,Agree or disagree (run5_scalar_heat-set_extension_full_range-experiment_scalar-batch1-70-70),408913,7a478c03-e476-4928-8e19-ef872f1d07de,2021-02-11 13:54:38,401.872,2021-02-11 12:49:55.451000,2021-02-11 12:56:37.323000,3.0,false,implied_category,cold,people,../data/prolific_output/run5_scalar_heat-group_scalar_heat/qu70-s_qu3-batch1.csv
qu70-s_qu3-batch1.csv-2,2,NOT AVAILABLE,NOT AVAILABLE,5dc4ef01-5966-49da-b93c-8694d8e953c4,PROLIFIC,11-Feb-2021 13:44:49,1174,46576,ea424453-4e0d-4262-967b-bd3ade0d0948,I know that (a/an) people is cold as most or all other things similar to (a/an) people are cold. ,I know that (a/an) chocoloate_cake is sweet as most or all other things similar to (a/an) chocoloate_cake are sweet. ,I know that (a/an) table is transparent as most or all other things similar to (a/an) table are transparent. ,5_scalar_heat-set_extension_full_range,https://app.prolific.co/submissions/complete?cc=135DD3C8,Agree or disagree (run5_scalar_heat-set_extension_full_range-experiment_scalar-batch1-70-70),408683,d1bf14ad-ad95-49d5-acfb-8b1bfefbaad5,2021-02-11 13:44:49,443.921,2021-02-11 12:38:29.969000,2021-02-11 12:45:53.890000,7.0,false,implied_category,cold,people,../data/prolific_output/run5_scalar_heat-group_scalar_heat/qu70-s_qu3-batch1.csv
qu70-s_qu3-batch1.csv-2,2,NOT AVAILABLE,NOT AVAILABLE,6591e696-4740-4846-875f-72b909d5e0c8,PROLIFIC,11-Feb-2021 14:17:50,1174,46576,ea424453-4e0d-4262-967b-bd3ade0d0948,I know that (a/an) people is cold as most or all other things similar to (a/an) people are cold. ,I know that (a/an) chocoloate_cake is sweet as most or all other things similar to (a/an) chocoloate_cake are sweet. ,I know that (a/an) table is transparent as most or all other things similar to (a/an) table are transparent. ,5_scalar_heat-set_extension_full_range,https://app.prolific.co/submissions/complete?cc=135DD3C8,Agree or disagree (run5_scalar_heat-set_extension_full_range-experiment_scalar-batch1-70-70),409671,1b204c3f-48c6-406a-89c6-6ef59adc79e1,2021-02-11 14:17:50,562.557,2021-02-11 13:10:48.417000,2021-02-11 13:20:10.974000,6.0,false,implied_category,cold,people,../data/prolific_output/run5_scalar_heat-group_scalar_heat/qu70-s_qu3-batch1.csv
qu70-s_qu3-batch1.csv-2,2,NOT AVAILABLE,NOT AVAILABLE,c2fac0e6-01c1-4b66-8685-a3cbaffce5ba,PROLIFIC,11-Feb-2021 14:34:30,1174,46576,ea424453-4e0d-4262-967b-bd3ade0d0948,I know that (a/an) people is cold as most or all other things similar to (a/an) people are cold. ,I know that (a/an) chocoloate_cake is sweet as most or all other things similar to (a/an) chocoloate_cake are sweet. ,I know that (a/an) table is transparent as most or all other things similar to (a/an) table are transparent. ,5_scalar_heat-set_extension_full_range,https://app.prolific.co/submissions/complete?cc=135DD3C8,Agree or disagree (run5_scalar_heat-set_extension_full_range-experiment_scalar-batch1-70-70),410042,ab91a4fc-f688-430a-8924-651eb2de742e,2021-02-11 14:34:30,425.954,2021-02-11 13:27:27.892000,2021-02-11 13:34:33.846000,13.846,false,implied_category,cold,people,../data/prolific_output/run5_scalar_heat-group_scalar_heat/qu70-s_qu3-batch1.csv
qu70-s_qu3-batch1.csv-2,2,NOT AVAILABLE,NOT AVAILABLE,fa8a70d3-4a4f-439a-b049-c5af1ef4d008,PROLIFIC,11-Feb-2021 15:14:03,1174,46577,0d72b614-dd69-48fd-99ea-0775f37c9fdf,"You can find (a/an) people which is cold. (A/an) people is usually either cold, a bit more or less cold or the opposite of cold.","You can find (a/an) knife which is sharp. (A/an) knife is usually either sharp, a bit more or less sharp or the opposite of sharp.","You can find (a/an) substance which is solid. (A/an) substance is usually either solid, a bit more or less solid or the opposite of solid.",5_scalar_heat-set_extension_full_range,https://app.prolific.co/submissions/complete?cc=135DD3C8,Agree or disagree (run5_scalar_heat-set_extension_full_range-experiment_scalar-batch1-70-70),410510,d27cbdc4-d8ea-4556-a628-ab2108b297f2,2021-02-11 15:14:03,347.665,2021-02-11 14:11:18.938000,2021-02-11 14:17:06.603000,12.0,true,variability_open,cold,people,../data/prolific_output/run5_scalar_heat-group_scalar_heat/qu70-s_qu3-batch1.csv
qu70-s_qu3-batch1.csv-2,2,NOT AVAILABLE,NOT AVAILABLE,67616648-48b2-4c7c-847c-3cfe6d860951,PROLIFIC,11-Feb-2021 13:59:11,1174,46577,0d72b614-dd69-48fd-99ea-0775f37c9fdf,"You can find (a/an) people which is cold. (A/an) people is usually either cold, a bit more or less cold or the opposite of cold.","You can find (a/an) knife which is sharp. (A/an) knife is usually either sharp, a bit more or less sharp or the opposite of sharp.","You can find (a/an) substance which is solid. (A/an) substance is usually either solid, a bit more or less solid or the opposite of solid.",5_scalar_heat-set_extension_full_range,https://app.prolific.co/submissions/complete?cc=135DD3C8,Agree or disagree (run5_scalar_heat-set_extension_full_range-experiment_scalar-batch1-70-70),409098,629f304c-dcf6-4810-892e-351b8a900ba6,2021-02-11 13:59:11,949.262,2021-02-11 12:44:12.147000,2021-02-11 13:00:01.409000,9.0,false,variability_open,cold,people,../data/prolific_output/run5_scalar_heat-group_scalar_heat/qu70-s_qu3-batch1.csv
qu70-s_qu3-batch1.csv-2,2,NOT AVAILABLE,NOT AVAILABLE,c5acc5c7-6592-4c17-a004-f364dd26d555,PROLIFIC,11-Feb-2021 14:25:08,1174,46577,0d72b614-dd69-48fd-99ea-0775f37c9fdf,"You can find (a/an) people which is cold. (A/an) people is usually either cold, a bit more or less cold or the opposite of cold.","You can find (a/an) knife which is sharp. (A/an) knife is usually either sharp, a bit more or less sharp or the opposite of sharp.","You can find (a/an) substance which is solid. (A/an) substance is usually either solid, a bit more or less solid or the opposite of solid.",5_scalar_heat-set_extension_full_range,https://app.prolific.co/submissions/complete?cc=135DD3C8,Agree or disagree (run5_scalar_heat-set_extension_full_range-experiment_scalar-batch1-70-70),409849,7f1ff72e-d201-478c-a52d-2b8b95837d68,2021-02-11 14:25:08,865.556,2021-02-11 13:20:47.199000,2021-02-11 13:35:12.755000,5.0,true,variability_open,cold,people,../data/prolific_output/run5_scalar_heat-group_scalar_heat/qu70-s_qu3-batch1.csv
qu70-s_qu3-batch1.csv-2,2,NOT AVAILABLE,NOT AVAILABLE,4143fee4-d4f0-4e3d-901d-91dbd47391f1,PROLIFIC,11-Feb-2021 14:02:28,1174,46577,0d72b614-dd69-48fd-99ea-0775f37c9fdf,"You can find (a/an) people which is cold. (A/an) people is usually either cold, a bit more or less cold or the opposite of cold.","You can find (a/an) knife which is sharp. (A/an) knife is usually either sharp, a bit more or less sharp or the opposite of sharp.","You can find (a/an) substance which is solid. (A/an) substance is usually either solid, a bit more or less solid or the opposite of solid.",5_scalar_heat-set_extension_full_range,https://app.prolific.co/submissions/complete?cc=135DD3C8,Agree or disagree (run5_scalar_heat-set_extension_full_range-experiment_scalar-batch1-70-70),409176,9e3ad3a1-84f7-4b87-8848-fffbefe78eff,2021-02-11 14:02:28,522.216,2021-02-11 13:01:04.933000,2021-02-11 13:09:47.149000,12.0,false,variability_open,cold,people,../data/prolific_output/run5_scalar_heat-group_scalar_heat/qu70-s_qu3-batch1.csv
qu70-s_qu3-batch1.csv-2,2,NOT AVAILABLE,NOT AVAILABLE,393254ab-d116-4ce8-b686-bb7c17887d33,PROLIFIC,11-Feb-2021 14:15:18,1174,46577,0d72b614-dd69-48fd-99ea-0775f37c9fdf,"You can find (a/an) people which is cold. (A/an) people is usually either cold, a bit more or less cold or the opposite of cold.","You can find (a/an) knife which is sharp. (A/an) knife is usually either sharp, a bit more or less sharp or the opposite of sharp.","You can find (a/an) substance which is solid. (A/an) substance is usually either solid, a bit more or less solid or the opposite of solid.",5_scalar_heat-set_extension_full_range,https://app.prolific.co/submissions/complete?cc=135DD3C8,Agree or disagree (run5_scalar_heat-set_extension_full_range-experiment_scalar-batch1-70-70),409550,501ca595-903d-4b20-9cb2-2c639d646b8c,2021-02-11 14:15:18,818.111,2021-02-11 13:05:51.212000,2021-02-11 13:19:29.323000,8.0,true,variability_open,cold,people,../data/prolific_output/run5_scalar_heat-group_scalar_heat/qu70-s_qu3-batch1.csv
qu70-s_qu3-batch1.csv-2,2,NOT AVAILABLE,NOT AVAILABLE,93323109-435d-4f37-a41b-e4a720b53a81,PROLIFIC,11-Feb-2021 13:54:53,1174,46577,0d72b614-dd69-48fd-99ea-0775f37c9fdf,"You can find (a/an) people which is cold. (A/an) people is usually either cold, a bit more or less cold or the opposite of cold.","You can find (a/an) knife which is sharp. (A/an) knife is usually either sharp, a bit more or less sharp or the opposite of sharp.","You can find (a/an) substance which is solid. (A/an) substance is usually either solid, a bit more or less solid or the opposite of solid.",5_scalar_heat-set_extension_full_range,https://app.prolific.co/submissions/complete?cc=135DD3C8,Agree or disagree (run5_scalar_heat-set_extension_full_range-experiment_scalar-batch1-70-70),408922,b2866083-2383-4ca5-9190-3e0dbd001a2c,2021-02-11 13:54:53,401.872,2021-02-11 12:49:55.451000,2021-02-11 12:56:37.323000,11.0,true,variability_open,cold,people,../data/prolific_output/run5_scalar_heat-group_scalar_heat/qu70-s_qu3-batch1.csv
qu70-s_qu3-batch1.csv-2,2,NOT AVAILABLE,NOT AVAILABLE,5dc4ef01-5966-49da-b93c-8694d8e953c4,PROLIFIC,11-Feb-2021 13:42:27,1174,46577,0d72b614-dd69-48fd-99ea-0775f37c9fdf,"You can find (a/an) people which is cold. (A/an) people is usually either cold, a bit more or less cold or the opposite of cold.","You can find (a/an) knife which is sharp. (A/an) knife is usually either sharp, a bit more or less sharp or the opposite of sharp.","You can find (a/an) substance which is solid. (A/an) substance is usually either solid, a bit more or less solid or the opposite of solid.",5_scalar_heat-set_extension_full_range,https://app.prolific.co/submissions/complete?cc=135DD3C8,Agree or disagree (run5_scalar_heat-set_extension_full_range-experiment_scalar-batch1-70-70),408636,d9d2542b-244b-4bea-b691-3ce20e3ba9b8,2021-02-11 13:42:27,443.921,2021-02-11 12:38:29.969000,2021-02-11 12:45:53.890000,3.0,false,variability_open,cold,people,../data/prolific_output/run5_scalar_heat-group_scalar_heat/qu70-s_qu3-batch1.csv
qu70-s_qu3-batch1.csv-2,2,NOT AVAILABLE,NOT AVAILABLE,6591e696-4740-4846-875f-72b909d5e0c8,PROLIFIC,11-Feb-2021 14:17:58,1174,46577,0d72b614-dd69-48fd-99ea-0775f37c9fdf,"You can find (a/an) people which is cold. (A/an) people is usually either cold, a bit more or less cold or the opposite of cold.","You can find (a/an) knife which is sharp. (A/an) knife is usually either sharp, a bit more or less sharp or the opposite of sharp.","You can find (a/an) substance which is solid. (A/an) substance is usually either solid, a bit more or less solid or the opposite of solid.",5_scalar_heat-set_extension_full_range,https://app.prolific.co/submissions/complete?cc=135DD3C8,Agree or disagree (run5_scalar_heat-set_extension_full_range-experiment_scalar-batch1-70-70),409679,20b2b716-5aa8-4dd7-ba81-453490749668,2021-02-11 14:17:58,562.557,2021-02-11 13:10:48.417000,2021-02-11 13:20:10.974000,6.0,true,variability_open,cold,people,../data/prolific_output/run5_scalar_heat-group_scalar_heat/qu70-s_qu3-batch1.csv
qu70-s_qu3-batch1.csv-2,2,NOT AVAILABLE,NOT AVAILABLE,c2fac0e6-01c1-4b66-8685-a3cbaffce5ba,PROLIFIC,11-Feb-2021 14:32:29,1174,46577,0d72b614-dd69-48fd-99ea-0775f37c9fdf,"You can find (a/an) people which is cold. (A/an) people is usually either cold, a bit more or less cold or the opposite of cold.","You can find (a/an) knife which is sharp. (A/an) knife is usually either sharp, a bit more or less sharp or the opposite of sharp.","You can find (a/an) substance which is solid. (A/an) substance is usually either solid, a bit more or less solid or the opposite of solid.",5_scalar_heat-set_extension_full_range,https://app.prolific.co/submissions/complete?cc=135DD3C8,Agree or disagree (run5_scalar_heat-set_extension_full_range-experiment_scalar-batch1-70-70),409983,2d57a6d4-15be-4c89-92af-d6b8ad0807d0,2021-02-11 14:32:29,425.954,2021-02-11 13:27:27.892000,2021-02-11 13:34:33.846000,5.0,true,variability_open,cold,people,../data/prolific_output/run5_scalar_heat-group_scalar_heat/qu70-s_qu3-batch1.csv
qu70-s_qu3-batch1.csv-2,2,NOT AVAILABLE,NOT AVAILABLE,fa8a70d3-4a4f-439a-b049-c5af1ef4d008,PROLIFIC,11-Feb-2021 15:14:41,1174,46578,1b53f8b8-2e10-47f9-b0df-9bd8cb14a273,"I could say (a/an) people is cold, but I would most certainly not mean it literally.","I could say (a/an) anger is hot, but I would most certainly not mean it literally.
I could say (a/an) person is cold, but I would most certainly not mean it literally.
I could say (a/an) story is dark, but I would most certainly not mean it literally.","I could say (a/an) fire is hot, but I would most certainly not mean it literally.
I could say (a/an) stone is heavy, but I would most certainly not mean it literally.
I could say (a/an) argument is liquid, but I would most certainly not mean it literally.",5_scalar_heat-set_extension_full_range,https://app.prolific.co/submissions/complete?cc=135DD3C8,Agree or disagree (run5_scalar_heat-set_extension_full_range-experiment_scalar-batch1-70-70),410518,7257b743-0ede-48d2-b6bc-338c4e8765b2,2021-02-11 15:14:41,347.665,2021-02-11 14:11:18.938000,2021-02-11 14:17:06.603000,3.0,false,creative,cold,people,../data/prolific_output/run5_scalar_heat-group_scalar_heat/qu70-s_qu3-batch1.csv
qu70-s_qu3-batch1.csv-2,2,NOT AVAILABLE,NOT AVAILABLE,67616648-48b2-4c7c-847c-3cfe6d860951,PROLIFIC,11-Feb-2021 13:58:48,1174,46578,1b53f8b8-2e10-47f9-b0df-9bd8cb14a273,"I could say (a/an) people is cold, but I would most certainly not mean it literally.","I could say (a/an) anger is hot, but I would most certainly not mean it literally.
I could say (a/an) person is cold, but I would most certainly not mean it literally.
I could say (a/an) story is dark, but I would most certainly not mean it literally.","I could say (a/an) fire is hot, but I would most certainly not mean it literally.
I could say (a/an) stone is heavy, but I would most certainly not mean it literally.
I could say (a/an) argument is liquid, but I would most certainly not mean it literally.",5_scalar_heat-set_extension_full_range,https://app.prolific.co/submissions/complete?cc=135DD3C8,Agree or disagree (run5_scalar_heat-set_extension_full_range-experiment_scalar-batch1-70-70),409085,6a4b34a2-64fa-49db-87f4-516d248186c1,2021-02-11 13:58:48,949.262,2021-02-11 12:44:12.147000,2021-02-11 13:00:01.409000,14.0,false,creative,cold,people,../data/prolific_output/run5_scalar_heat-group_scalar_heat/qu70-s_qu3-batch1.csv
qu70-s_qu3-batch1.csv-2,2,NOT AVAILABLE,NOT AVAILABLE,c5acc5c7-6592-4c17-a004-f364dd26d555,PROLIFIC,11-Feb-2021 14:32:05,1174,46578,1b53f8b8-2e10-47f9-b0df-9bd8cb14a273,"I could say (a/an) people is cold, but I would most certainly not mean it literally.","I could say (a/an) anger is hot, but I would most certainly not mean it literally.
I could say (a/an) person is cold, but I would most certainly not mean it literally.
I could say (a/an) story is dark, but I would most certainly not mean it literally.","I could say (a/an) fire is hot, but I would most certainly not mean it literally.
I could say (a/an) stone is heavy, but I would most certainly not mean it literally.
I could say (a/an) argument is liquid, but I would most certainly not mean it literally.",5_scalar_heat-set_extension_full_range,https://app.prolific.co/submissions/complete?cc=135DD3C8,Agree or disagree (run5_scalar_heat-set_extension_full_range-experiment_scalar-batch1-70-70),409969,99d0ffd0-3074-4e74-8038-43487234d079,2021-02-11 14:32:05,865.556,2021-02-11 13:20:47.199000,2021-02-11 13:35:12.755000,6.0,true,creative,cold,people,../data/prolific_output/run5_scalar_heat-group_scalar_heat/qu70-s_qu3-batch1.csv
qu70-s_qu3-batch1.csv-2,2,NOT AVAILABLE,NOT AVAILABLE,4143fee4-d4f0-4e3d-901d-91dbd47391f1,PROLIFIC,11-Feb-2021 14:02:33,1174,46578,1b53f8b8-2e10-47f9-b0df-9bd8cb14a273,"I could say (a/an) people is cold, but I would most certainly not mean it literally.","I could say (a/an) anger is hot, but I would most certainly not mean it literally.
I could say (a/an) person is cold, but I would most certainly not mean it literally.
I could say (a/an) story is dark, but I would most certainly not mean it literally.","I could say (a/an) fire is hot, but I would most certainly not mean it literally.
I could say (a/an) stone is heavy, but I would most certainly not mean it literally.
I could say (a/an) argument is liquid, but I would most certainly not mean it literally.",5_scalar_heat-set_extension_full_range,https://app.prolific.co/submissions/complete?cc=135DD3C8,Agree or disagree (run5_scalar_heat-set_extension_full_range-experiment_scalar-batch1-70-70),409177,d4467831-7ddc-4cc6-b255-4fd491a15660,2021-02-11 14:02:33,522.216,2021-02-11 13:01:04.933000,2021-02-11 13:09:47.149000,5.0,true,creative,cold,people,../data/prolific_output/run5_scalar_heat-group_scalar_heat/qu70-s_qu3-batch1.csv
qu70-s_qu3-batch1.csv-2,2,NOT AVAILABLE,NOT AVAILABLE,393254ab-d116-4ce8-b686-bb7c17887d33,PROLIFIC,11-Feb-2021 14:17:41,1174,46578,1b53f8b8-2e10-47f9-b0df-9bd8cb14a273,"I could say (a/an) people is cold, but I would most certainly not mean it literally.","I could say (a/an) anger is hot, but I would most certainly not mean it literally.
I could say (a/an) person is cold, but I would most certainly not mean it literally.
I could say (a/an) story is dark, but I would most certainly not mean it literally.","I could say (a/an) fire is hot, but I would most certainly not mean it literally.
I could say (a/an) stone is heavy, but I would most certainly not mean it literally.
I could say (a/an) argument is liquid, but I would most certainly not mean it literally.",5_scalar_heat-set_extension_full_range,https://app.prolific.co/submissions/complete?cc=135DD3C8,Agree or disagree (run5_scalar_heat-set_extension_full_range-experiment_scalar-batch1-70-70),409665,726f6f66-5203-4f02-b13c-27ead1d0efa1,2021-02-11 14:17:41,818.111,2021-02-11 13:05:51.212000,2021-02-11 13:19:29.323000,5.0,false,creative,cold,people,../data/prolific_output/run5_scalar_heat-group_scalar_heat/qu70-s_qu3-batch1.csv
qu70-s_qu3-batch1.csv-2,2,NOT AVAILABLE,NOT AVAILABLE,93323109-435d-4f37-a41b-e4a720b53a81,PROLIFIC,11-Feb-2021 13:53:39,1174,46578,1b53f8b8-2e10-47f9-b0df-9bd8cb14a273,"I could say (a/an) people is cold, but I would most certainly not mean it literally.","I could say (a/an) anger is hot, but I would most certainly not mean it literally.
I could say (a/an) person is cold, but I would most certainly not mean it literally.
I could say (a/an) story is dark, but I would most certainly not mean it literally.","I could say (a/an) fire is hot, but I would most certainly not mean it literally.
I could say (a/an) stone is heavy, but I would most certainly not mean it literally.
I could say (a/an) argument is liquid, but I would most certainly not mean it literally.",5_scalar_heat-set_extension_full_range,https://app.prolific.co/submissions/complete?cc=135DD3C8,Agree or disagree (run5_scalar_heat-set_extension_full_range-experiment_scalar-batch1-70-70),408877,6ddeaa99-1610-41de-be3c-8a7cb82bb676,2021-02-11 13:53:39,401.872,2021-02-11 12:49:55.451000,2021-02-11 12:56:37.323000,5.0,false,creative,cold,people,../data/prolific_output/run5_scalar_heat-group_scalar_heat/qu70-s_qu3-batch1.csv
qu70-s_qu3-batch1.csv-2,2,NOT AVAILABLE,NOT AVAILABLE,5dc4ef01-5966-49da-b93c-8694d8e953c4,PROLIFIC,11-Feb-2021 13:43:57,1174,46578,1b53f8b8-2e10-47f9-b0df-9bd8cb14a273,"I could say (a/an) people is cold, but I would most certainly not mean it literally.","I could say (a/an) anger is hot, but I would most certainly not mean it literally.
I could say (a/an) person is cold, but I would most certainly not mean it literally.
I could say (a/an) story is dark, but I would most certainly not mean it literally.","I could say (a/an) fire is hot, but I would most certainly not mean it literally.
I could say (a/an) stone is heavy, but I would most certainly not mean it literally.
I could say (a/an) argument is liquid, but I would most certainly not mean it literally.",5_scalar_heat-set_extension_full_range,https://app.prolific.co/submissions/complete?cc=135DD3C8,Agree or disagree (run5_scalar_heat-set_extension_full_range-experiment_scalar-batch1-70-70),408660,41cf953d-3331-431d-98a8-c4fcfa042be0,2021-02-11 13:43:57,443.921,2021-02-11 12:38:29.969000,2021-02-11 12:45:53.890000,4.0,true,creative,cold,people,../data/prolific_output/run5_scalar_heat-group_scalar_heat/qu70-s_qu3-batch1.csv
qu70-s_qu3-batch1.csv-2,2,NOT AVAILABLE,NOT AVAILABLE,6591e696-4740-4846-875f-72b909d5e0c8,PROLIFIC,11-Feb-2021 14:16:10,1174,46578,1b53f8b8-2e10-47f9-b0df-9bd8cb14a273,"I could say (a/an) people is cold, but I would most certainly not mean it literally.","I could say (a/an) anger is hot, but I would most certainly not mean it literally.
I could say (a/an) person is cold, but I would most certainly not mean it literally.
I could say (a/an) story is dark, but I would most certainly not mean it literally.","I could say (a/an) fire is hot, but I would most certainly not mean it literally.
I could say (a/an) stone is heavy, but I would most certainly not mean it literally.
I could say (a/an) argument is liquid, but I would most certainly not mean it literally.",5_scalar_heat-set_extension_full_range,https://app.prolific.co/submissions/complete?cc=135DD3C8,Agree or disagree (run5_scalar_heat-set_extension_full_range-experiment_scalar-batch1-70-70),409604,7b2e50bb-3fae-481b-81a7-c2f20f5905a1,2021-02-11 14:16:10,562.557,2021-02-11 13:10:48.417000,2021-02-11 13:20:10.974000,2.0,true,creative,cold,people,../data/prolific_output/run5_scalar_heat-group_scalar_heat/qu70-s_qu3-batch1.csv
qu70-s_qu3-batch1.csv-2,2,NOT AVAILABLE,NOT AVAILABLE,c2fac0e6-01c1-4b66-8685-a3cbaffce5ba,PROLIFIC,11-Feb-2021 14:33:19,1174,46578,1b53f8b8-2e10-47f9-b0df-9bd8cb14a273,"I could say (a/an) people is cold, but I would most certainly not mean it literally.","I could say (a/an) anger is hot, but I would most certainly not mean it literally.
I could say (a/an) person is cold, but I would most certainly not mean it literally.
I could say (a/an) story is dark, but I would most certainly not mean it literally.","I could say (a/an) fire is hot, but I would most certainly not mean it literally.
I could say (a/an) stone is heavy, but I would most certainly not mean it literally.
I could say (a/an) argument is liquid, but I would most certainly not mean it literally.",5_scalar_heat-set_extension_full_range,https://app.prolific.co/submissions/complete?cc=135DD3C8,Agree or disagree (run5_scalar_heat-set_extension_full_range-experiment_scalar-batch1-70-70),410008,c89a373f-07c1-455a-ac53-2e2d925d94de,2021-02-11 14:33:19,425.954,2021-02-11 13:27:27.892000,2021-02-11 13:34:33.846000,4.0,false,creative,cold,people,../data/prolific_output/run5_scalar_heat-group_scalar_heat/qu70-s_qu3-batch1.csv
qu70-s_qu3-batch1.csv-2,2,NOT AVAILABLE,NOT AVAILABLE,fa8a70d3-4a4f-439a-b049-c5af1ef4d008,PROLIFIC,11-Feb-2021 15:15:57,1174,46579,6e04cdd5-359a-4b23-8165-5f795ef00e9a,You can find (a/an) people which is cold. (A/an) people is usually either cold or not cold. It cannot be a bit more or less cold.,You can find (a/an) substance which is solid. (A/an) substance is usually either solid or not solid. It cannot be a bit more or less solid.,You can find (a/an) cushion which is soft. (A/an) cushion is usually either soft or not soft. It cannot be a bit more or less soft.,5_scalar_heat-set_extension_full_range,https://app.prolific.co/submissions/complete?cc=135DD3C8,Agree or disagree (run5_scalar_heat-set_extension_full_range-experiment_scalar-batch1-70-70),410540,256a54f4-3cc7-4e32-8182-27f3f4df29ba,2021-02-11 15:15:57,347.665,2021-02-11 14:11:18.938000,2021-02-11 14:17:06.603000,6.0,false,variability_limited,cold,people,../data/prolific_output/run5_scalar_heat-group_scalar_heat/qu70-s_qu3-batch1.csv
qu70-s_qu3-batch1.csv-2,2,NOT AVAILABLE,NOT AVAILABLE,67616648-48b2-4c7c-847c-3cfe6d860951,PROLIFIC,11-Feb-2021 13:59:25,1174,46579,6e04cdd5-359a-4b23-8165-5f795ef00e9a,You can find (a/an) people which is cold. (A/an) people is usually either cold or not cold. It cannot be a bit more or less cold.,You can find (a/an) substance which is solid. (A/an) substance is usually either solid or not solid. It cannot be a bit more or less solid.,You can find (a/an) cushion which is soft. (A/an) cushion is usually either soft or not soft. It cannot be a bit more or less soft.,5_scalar_heat-set_extension_full_range,https://app.prolific.co/submissions/complete?cc=135DD3C8,Agree or disagree (run5_scalar_heat-set_extension_full_range-experiment_scalar-batch1-70-70),409109,7532a5ed-99b8-40d0-9afa-6ecdbeea29c6,2021-02-11 13:59:25,949.262,2021-02-11 12:44:12.147000,2021-02-11 13:00:01.409000,6.0,false,variability_limited,cold,people,../data/prolific_output/run5_scalar_heat-group_scalar_heat/qu70-s_qu3-batch1.csv
qu70-s_qu3-batch1.csv-2,2,NOT AVAILABLE,NOT AVAILABLE,c5acc5c7-6592-4c17-a004-f364dd26d555,PROLIFIC,11-Feb-2021 14:32:11,1174,46579,6e04cdd5-359a-4b23-8165-5f795ef00e9a,You can find (a/an) people which is cold. (A/an) people is usually either cold or not cold. It cannot be a bit more or less cold.,You can find (a/an) substance which is solid. (A/an) substance is usually either solid or not solid. It cannot be a bit more or less solid.,You can find (a/an) cushion which is soft. (A/an) cushion is usually either soft or not soft. It cannot be a bit more or less soft.,5_scalar_heat-set_extension_full_range,https://app.prolific.co/submissions/complete?cc=135DD3C8,Agree or disagree (run5_scalar_heat-set_extension_full_range-experiment_scalar-batch1-70-70),409975,f966f2e8-f17a-40e9-9606-1c7dd748f93a,2021-02-11 14:32:11,865.556,2021-02-11 13:20:47.199000,2021-02-11 13:35:12.755000,2.0,true,variability_limited,cold,people,../data/prolific_output/run5_scalar_heat-group_scalar_heat/qu70-s_qu3-batch1.csv
qu70-s_qu3-batch1.csv-2,2,NOT AVAILABLE,NOT AVAILABLE,4143fee4-d4f0-4e3d-901d-91dbd47391f1,PROLIFIC,11-Feb-2021 14:06:40,1174,46579,6e04cdd5-359a-4b23-8165-5f795ef00e9a,You can find (a/an) people which is cold. (A/an) people is usually either cold or not cold. It cannot be a bit more or less cold.,You can find (a/an) substance which is solid. (A/an) substance is usually either solid or not solid. It cannot be a bit more or less solid.,You can find (a/an) cushion which is soft. (A/an) cushion is usually either soft or not soft. It cannot be a bit more or less soft.,5_scalar_heat-set_extension_full_range,https://app.prolific.co/submissions/complete?cc=135DD3C8,Agree or disagree (run5_scalar_heat-set_extension_full_range-experiment_scalar-batch1-70-70),409244,e05591e1-d017-41cd-9d32-6235cc0a0adb,2021-02-11 14:06:40,522.216,2021-02-11 13:01:04.933000,2021-02-11 13:09:47.149000,14.0,false,variability_limited,cold,people,../data/prolific_output/run5_scalar_heat-group_scalar_heat/qu70-s_qu3-batch1.csv
qu70-s_qu3-batch1.csv-2,2,NOT AVAILABLE,NOT AVAILABLE,393254ab-d116-4ce8-b686-bb7c17887d33,PROLIFIC,11-Feb-2021 14:09:45,1174,46579,6e04cdd5-359a-4b23-8165-5f795ef00e9a,You can find (a/an) people which is cold. (A/an) people is usually either cold or not cold. It cannot be a bit more or less cold.,You can find (a/an) substance which is solid. (A/an) substance is usually either solid or not solid. It cannot be a bit more or less solid.,You can find (a/an) cushion which is soft. (A/an) cushion is usually either soft or not soft. It cannot be a bit more or less soft.,5_scalar_heat-set_extension_full_range,https://app.prolific.co/submissions/complete?cc=135DD3C8,Agree or disagree (run5_scalar_heat-set_extension_full_range-experiment_scalar-batch1-70-70),409350,89015b3f-affa-4959-b877-262bfd52ecf9,2021-02-11 14:09:45,818.111,2021-02-11 13:05:51.212000,2021-02-11 13:19:29.323000,20.0,false,variability_limited,cold,people,../data/prolific_output/run5_scalar_heat-group_scalar_heat/qu70-s_qu3-batch1.csv
qu70-s_qu3-batch1.csv-2,2,NOT AVAILABLE,NOT AVAILABLE,93323109-435d-4f37-a41b-e4a720b53a81,PROLIFIC,11-Feb-2021 13:53:09,1174,46579,6e04cdd5-359a-4b23-8165-5f795ef00e9a,You can find (a/an) people which is cold. (A/an) people is usually either cold or not cold. It cannot be a bit more or less cold.,You can find (a/an) substance which is solid. (A/an) substance is usually either solid or not solid. It cannot be a bit more or less solid.,You can find (a/an) cushion which is soft. (A/an) cushion is usually either soft or not soft. It cannot be a bit more or less soft.,5_scalar_heat-set_extension_full_range,https://app.prolific.co/submissions/complete?cc=135DD3C8,Agree or disagree (run5_scalar_heat-set_extension_full_range-experiment_scalar-batch1-70-70),408851,cba78c7b-f8bb-4c66-983e-164826aa7f34,2021-02-11 13:53:09,401.872,2021-02-11 12:49:55.451000,2021-02-11 12:56:37.323000,3.0,false,variability_limited,cold,people,../data/prolific_output/run5_scalar_heat-group_scalar_heat/qu70-s_qu3-batch1.csv
qu70-s_qu3-batch1.csv-2,2,NOT AVAILABLE,NOT AVAILABLE,5dc4ef01-5966-49da-b93c-8694d8e953c4,PROLIFIC,11-Feb-2021 13:42:41,1174,46579,6e04cdd5-359a-4b23-8165-5f795ef00e9a,You can find (a/an) people which is cold. (A/an) people is usually either cold or not cold. It cannot be a bit more or less cold.,You can find (a/an) substance which is solid. (A/an) substance is usually either solid or not solid. It cannot be a bit more or less solid.,You can find (a/an) cushion which is soft. (A/an) cushion is usually either soft or not soft. It cannot be a bit more or less soft.,5_scalar_heat-set_extension_full_range,https://app.prolific.co/submissions/complete?cc=135DD3C8,Agree or disagree (run5_scalar_heat-set_extension_full_range-experiment_scalar-batch1-70-70),408641,01462e47-aee4-4c6a-8761-d671461e6e11,2021-02-11 13:42:41,443.921,2021-02-11 12:38:29.969000,2021-02-11 12:45:53.890000,2.0,false,variability_limited,cold,people,../data/prolific_output/run5_scalar_heat-group_scalar_heat/qu70-s_qu3-batch1.csv
qu70-s_qu3-batch1.csv-2,2,NOT AVAILABLE,NOT AVAILABLE,6591e696-4740-4846-875f-72b909d5e0c8,PROLIFIC,11-Feb-2021 14:17:01,1174,46579,6e04cdd5-359a-4b23-8165-5f795ef00e9a,You can find (a/an) people which is cold. (A/an) people is usually either cold or not cold. It cannot be a bit more or less cold.,You can find (a/an) substance which is solid. (A/an) substance is usually either solid or not solid. It cannot be a bit more or less solid.,You can find (a/an) cushion which is soft. (A/an) cushion is usually either soft or not soft. It cannot be a bit more or less soft.,5_scalar_heat-set_extension_full_range,https://app.prolific.co/submissions/complete?cc=135DD3C8,Agree or disagree (run5_scalar_heat-set_extension_full_range-experiment_scalar-batch1-70-70),409638,f88b1501-9e76-4d5b-b25e-a57c08d5e909,2021-02-11 14:17:01,562.557,2021-02-11 13:10:48.417000,2021-02-11 13:20:10.974000,4.0,false,variability_limited,cold,people,../data/prolific_output/run5_scalar_heat-group_scalar_heat/qu70-s_qu3-batch1.csv
qu70-s_qu3-batch1.csv-2,2,NOT AVAILABLE,NOT AVAILABLE,c2fac0e6-01c1-4b66-8685-a3cbaffce5ba,PROLIFIC,11-Feb-2021 14:30:04,1174,46579,6e04cdd5-359a-4b23-8165-5f795ef00e9a,You can find (a/an) people which is cold. (A/an) people is usually either cold or not cold. It cannot be a bit more or less cold.,You can find (a/an) substance which is solid. (A/an) substance is usually either solid or not solid. It cannot be a bit more or less solid.,You can find (a/an) cushion which is soft. (A/an) cushion is usually either soft or not soft. It cannot be a bit more or less soft.,5_scalar_heat-set_extension_full_range,https://app.prolific.co/submissions/complete?cc=135DD3C8,Agree or disagree (run5_scalar_heat-set_extension_full_range-experiment_scalar-batch1-70-70),409925,d82a40d0-68ab-4d7f-b4a3-19340a437c5a,2021-02-11 14:30:04,425.954,2021-02-11 13:27:27.892000,2021-02-11 13:34:33.846000,7.0,false,variability_limited,cold,people,../data/prolific_output/run5_scalar_heat-group_scalar_heat/qu70-s_qu3-batch1.csv
qu70-s_qu3-batch1.csv-2,2,NOT AVAILABLE,NOT AVAILABLE,fa8a70d3-4a4f-439a-b049-c5af1ef4d008,PROLIFIC,11-Feb-2021 15:16:13,1174,46580,9ee6a9cc-0856-4f1d-b262-2eb7ba21af2d,I know that being cold is necessary for many things (a/an) people does or is used for. ,I know that being pointy is necessary for many things (a/an) needle does or is used for. ,I know that being white is necessary for many things (a/an) t-shirt does or is used for. ,5_scalar_heat-set_extension_full_range,https://app.prolific.co/submissions/complete?cc=135DD3C8,Agree or disagree (run5_scalar_heat-set_extension_full_range-experiment_scalar-batch1-70-70),410545,cb5d8515-7ae7-4843-a1ff-264780548811,2021-02-11 15:16:13,347.665,2021-02-11 14:11:18.938000,2021-02-11 14:17:06.603000,3.0,false,affording_activity,cold,people,../data/prolific_output/run5_scalar_heat-group_scalar_heat/qu70-s_qu3-batch1.csv
qu70-s_qu3-batch1.csv-2,2,NOT AVAILABLE,NOT AVAILABLE,67616648-48b2-4c7c-847c-3cfe6d860951,PROLIFIC,11-Feb-2021 13:55:58,1174,46580,9ee6a9cc-0856-4f1d-b262-2eb7ba21af2d,I know that being cold is necessary for many things (a/an) people does or is used for. ,I know that being pointy is necessary for many things (a/an) needle does or is used for. ,I know that being white is necessary for many things (a/an) t-shirt does or is used for. ,5_scalar_heat-set_extension_full_range,https://app.prolific.co/submissions/complete?cc=135DD3C8,Agree or disagree (run5_scalar_heat-set_extension_full_range-experiment_scalar-batch1-70-70),408964,9a7c071b-c3f4-4f3d-8474-880d070c6b65,2021-02-11 13:55:58,949.262,2021-02-11 12:44:12.147000,2021-02-11 13:00:01.409000,6.0,false,affording_activity,cold,people,../data/prolific_output/run5_scalar_heat-group_scalar_heat/qu70-s_qu3-batch1.csv
qu70-s_qu3-batch1.csv-2,2,NOT AVAILABLE,NOT AVAILABLE,c5acc5c7-6592-4c17-a004-f364dd26d555,PROLIFIC,11-Feb-2021 14:32:51,1174,46580,9ee6a9cc-0856-4f1d-b262-2eb7ba21af2d,I know that being cold is necessary for many things (a/an) people does or is used for. ,I know that being pointy is necessary for many things (a/an) needle does or is used for. ,I know that being white is necessary for many things (a/an) t-shirt does or is used for. ,5_scalar_heat-set_extension_full_range,https://app.prolific.co/submissions/complete?cc=135DD3C8,Agree or disagree (run5_scalar_heat-set_extension_full_range-experiment_scalar-batch1-70-70),409993,eee197e9-65c1-4241-ab21-b15ccb0f6ec5,2021-02-11 14:32:51,865.556,2021-02-11 13:20:47.199000,2021-02-11 13:35:12.755000,12.0,false,affording_activity,cold,people,../data/prolific_output/run5_scalar_heat-group_scalar_heat/qu70-s_qu3-batch1.csv
qu70-s_qu3-batch1.csv-2,2,NOT AVAILABLE,NOT AVAILABLE,4143fee4-d4f0-4e3d-901d-91dbd47391f1,PROLIFIC,11-Feb-2021 14:06:47,1174,46580,9ee6a9cc-0856-4f1d-b262-2eb7ba21af2d,I know that being cold is necessary for many things (a/an) people does or is used for. ,I know that being pointy is necessary for many things (a/an) needle does or is used for. ,I know that being white is necessary for many things (a/an) t-shirt does or is used for. ,5_scalar_heat-set_extension_full_range,https://app.prolific.co/submissions/complete?cc=135DD3C8,Agree or disagree (run5_scalar_heat-set_extension_full_range-experiment_scalar-batch1-70-70),409248,45616f61-996d-48b8-80a3-8bc6a50fb92d,2021-02-11 14:06:47,522.216,2021-02-11 13:01:04.933000,2021-02-11 13:09:47.149000,2.0,false,affording_activity,cold,people,../data/prolific_output/run5_scalar_heat-group_scalar_heat/qu70-s_qu3-batch1.csv
qu70-s_qu3-batch1.csv-2,2,NOT AVAILABLE,NOT AVAILABLE,393254ab-d116-4ce8-b686-bb7c17887d33,PROLIFIC,11-Feb-2021 14:18:30,1174,46580,9ee6a9cc-0856-4f1d-b262-2eb7ba21af2d,I know that being cold is necessary for many things (a/an) people does or is used for. ,I know that being pointy is necessary for many things (a/an) needle does or is used for. ,I know that being white is necessary for many things (a/an) t-shirt does or is used for. ,5_scalar_heat-set_extension_full_range,https://app.prolific.co/submissions/complete?cc=135DD3C8,Agree or disagree (run5_scalar_heat-set_extension_full_range-experiment_scalar-batch1-70-70),409711,2d9ad7fc-363c-492a-97ef-3d7104b26956,2021-02-11 14:18:30,818.111,2021-02-11 13:05:51.212000,2021-02-11 13:19:29.323000,6.0,false,affording_activity,cold,people,../data/prolific_output/run5_scalar_heat-group_scalar_heat/qu70-s_qu3-batch1.csv
qu70-s_qu3-batch1.csv-2,2,NOT AVAILABLE,NOT AVAILABLE,93323109-435d-4f37-a41b-e4a720b53a81,PROLIFIC,11-Feb-2021 13:51:39,1174,46580,9ee6a9cc-0856-4f1d-b262-2eb7ba21af2d,I know that being cold is necessary for many things (a/an) people does or is used for. ,I know that being pointy is necessary for many things (a/an) needle does or is used for. ,I know that being white is necessary for many things (a/an) t-shirt does or is used for. ,5_scalar_heat-set_extension_full_range,https://app.prolific.co/submissions/complete?cc=135DD3C8,Agree or disagree (run5_scalar_heat-set_extension_full_range-experiment_scalar-batch1-70-70),408795,cd8a9ce4-ac8e-4d93-b1d1-8664df59d600,2021-02-11 13:51:39,401.872,2021-02-11 12:49:55.451000,2021-02-11 12:56:37.323000,4.0,false,affording_activity,cold,people,../data/prolific_output/run5_scalar_heat-group_scalar_heat/qu70-s_qu3-batch1.csv
qu70-s_qu3-batch1.csv-2,2,NOT AVAILABLE,NOT AVAILABLE,5dc4ef01-5966-49da-b93c-8694d8e953c4,PROLIFIC,11-Feb-2021 13:38:53,1174,46580,9ee6a9cc-0856-4f1d-b262-2eb7ba21af2d,I know that being cold is necessary for many things (a/an) people does or is used for. ,I know that being pointy is necessary for many things (a/an) needle does or is used for. ,I know that being white is necessary for many things (a/an) t-shirt does or is used for. ,5_scalar_heat-set_extension_full_range,https://app.prolific.co/submissions/complete?cc=135DD3C8,Agree or disagree (run5_scalar_heat-set_extension_full_range-experiment_scalar-batch1-70-70),408606,2d2c3afa-5c88-4987-aadb-65e05ee7a664,2021-02-11 13:38:53,443.921,2021-02-11 12:38:29.969000,2021-02-11 12:45:53.890000,23.031,false,affording_activity,cold,people,../data/prolific_output/run5_scalar_heat-group_scalar_heat/qu70-s_qu3-batch1.csv
qu70-s_qu3-batch1.csv-2,2,NOT AVAILABLE,NOT AVAILABLE,6591e696-4740-4846-875f-72b909d5e0c8,PROLIFIC,11-Feb-2021 14:19:37,1174,46580,9ee6a9cc-0856-4f1d-b262-2eb7ba21af2d,I know that being cold is necessary for many things (a/an) people does or is used for. ,I know that being pointy is necessary for many things (a/an) needle does or is used for. ,I know that being white is necessary for many things (a/an) t-shirt does or is used for. ,5_scalar_heat-set_extension_full_range,https://app.prolific.co/submissions/complete?cc=135DD3C8,Agree or disagree (run5_scalar_heat-set_extension_full_range-experiment_scalar-batch1-70-70),409757,36c3fc74-3932-4393-b72f-cbf144a5a594,2021-02-11 14:19:37,562.557,2021-02-11 13:10:48.417000,2021-02-11 13:20:10.974000,5.0,false,affording_activity,cold,people,../data/prolific_output/run5_scalar_heat-group_scalar_heat/qu70-s_qu3-batch1.csv
qu70-s_qu3-batch1.csv-2,2,NOT AVAILABLE,NOT AVAILABLE,c2fac0e6-01c1-4b66-8685-a3cbaffce5ba,PROLIFIC,11-Feb-2021 14:33:40,1174,46580,9ee6a9cc-0856-4f1d-b262-2eb7ba21af2d,I know that being cold is necessary for many things (a/an) people does or is used for. ,I know that being pointy is necessary for many things (a/an) needle does or is used for. ,I know that being white is necessary for many things (a/an) t-shirt does or is used for. ,5_scalar_heat-set_extension_full_range,https://app.prolific.co/submissions/complete?cc=135DD3C8,Agree or disagree (run5_scalar_heat-set_extension_full_range-experiment_scalar-batch1-70-70),410020,434ee50d-12d3-46bf-92a5-87c64347b47f,2021-02-11 14:33:40,425.954,2021-02-11 13:27:27.892000,2021-02-11 13:34:33.846000,3.0,false,affording_activity,cold,people,../data/prolific_output/run5_scalar_heat-group_scalar_heat/qu70-s_qu3-batch1.csv
qu70-s_qu3-batch1.csv-2,2,NOT AVAILABLE,NOT AVAILABLE,fa8a70d3-4a4f-439a-b049-c5af1ef4d008,PROLIFIC,11-Feb-2021 15:14:38,1174,46582,test10_false,I know that (a/an) cake can build/be used for building as most or all other things similar to (a/an) cake build. ,I know that (a/an) dog can breathe/be used for breathing as most or all other things similar to (a/an) dog breathe. ,I know that (a/an) cat can meow/be used for meowing as most or all other things similar to (a/an) cat meow. ,5_scalar_heat-set_extension_full_range,https://app.prolific.co/submissions/complete?cc=135DD3C8,Agree or disagree (run5_scalar_heat-set_extension_full_range-experiment_scalar-batch1-70-70),410517,5d2d4933-ad26-4469-9790-937fc7220a5d,2021-02-11 15:14:38,347.665,2021-02-11 14:11:18.938000,2021-02-11 14:17:06.603000,8.0,false,implied_category,build,cake,../data/prolific_output/run5_scalar_heat-group_scalar_heat/qu70-s_qu3-batch1.csv
qu70-s_qu3-batch1.csv-2,2,NOT AVAILABLE,NOT AVAILABLE,67616648-48b2-4c7c-847c-3cfe6d860951,PROLIFIC,11-Feb-2021 13:55:45,1174,46582,test10_false,I know that (a/an) cake can build/be used for building as most or all other things similar to (a/an) cake build. ,I know that (a/an) dog can breathe/be used for breathing as most or all other things similar to (a/an) dog breathe. ,I know that (a/an) cat can meow/be used for meowing as most or all other things similar to (a/an) cat meow. ,5_scalar_heat-set_extension_full_range,https://app.prolific.co/submissions/complete?cc=135DD3C8,Agree or disagree (run5_scalar_heat-set_extension_full_range-experiment_scalar-batch1-70-70),408955,585b1ca8-ce4d-4262-8f6f-612cf98eb41d,2021-02-11 13:55:45,949.262,2021-02-11 12:44:12.147000,2021-02-11 13:00:01.409000,25.0,false,implied_category,build,cake,../data/prolific_output/run5_scalar_heat-group_scalar_heat/qu70-s_qu3-batch1.csv
qu70-s_qu3-batch1.csv-2,2,NOT AVAILABLE,NOT AVAILABLE,c5acc5c7-6592-4c17-a004-f364dd26d555,PROLIFIC,11-Feb-2021 14:35:06,1174,46582,test10_false,I know that (a/an) cake can build/be used for building as most or all other things similar to (a/an) cake build. ,I know that (a/an) dog can breathe/be used for breathing as most or all other things similar to (a/an) dog breathe. ,I know that (a/an) cat can meow/be used for meowing as most or all other things similar to (a/an) cat meow. ,5_scalar_heat-set_extension_full_range,https://app.prolific.co/submissions/complete?cc=135DD3C8,Agree or disagree (run5_scalar_heat-set_extension_full_range-experiment_scalar-batch1-70-70),410049,0774b24e-cb07-4569-ae39-7ea7de38541b,2021-02-11 14:35:06,865.556,2021-02-11 13:20:47.199000,2021-02-11 13:35:12.755000,8.0,false,implied_category,build,cake,../data/prolific_output/run5_scalar_heat-group_scalar_heat/qu70-s_qu3-batch1.csv
qu70-s_qu3-batch1.csv-2,2,NOT AVAILABLE,NOT AVAILABLE,4143fee4-d4f0-4e3d-901d-91dbd47391f1,PROLIFIC,11-Feb-2021 14:04:07,1174,46582,test10_false,I know that (a/an) cake can build/be used for building as most or all other things similar to (a/an) cake build. ,I know that (a/an) dog can breathe/be used for breathing as most or all other things similar to (a/an) dog breathe. ,I know that (a/an) cat can meow/be used for meowing as most or all other things similar to (a/an) cat meow. ,5_scalar_heat-set_extension_full_range,https://app.prolific.co/submissions/complete?cc=135DD3C8,Agree or disagree (run5_scalar_heat-set_extension_full_range-experiment_scalar-batch1-70-70),409203,0aeae1c3-86b9-413c-80ec-3aa2cd083445,2021-02-11 14:04:07,522.216,2021-02-11 13:01:04.933000,2021-02-11 13:09:47.149000,5.0,false,implied_category,build,cake,../data/prolific_output/run5_scalar_heat-group_scalar_heat/qu70-s_qu3-batch1.csv
qu70-s_qu3-batch1.csv-2,2,NOT AVAILABLE,NOT AVAILABLE,393254ab-d116-4ce8-b686-bb7c17887d33,PROLIFIC,11-Feb-2021 14:09:04,1174,46582,test10_false,I know that (a/an) cake can build/be used for building as most or all other things similar to (a/an) cake build. ,I know that (a/an) dog can breathe/be used for breathing as most or all other things similar to (a/an) dog breathe. ,I know that (a/an) cat can meow/be used for meowing as most or all other things similar to (a/an) cat meow. ,5_scalar_heat-set_extension_full_range,https://app.prolific.co/submissions/complete?cc=135DD3C8,Agree or disagree (run5_scalar_heat-set_extension_full_range-experiment_scalar-batch1-70-70),409314,456f5a4a-4174-4253-9f06-b254a6a6a6f9,2021-02-11 14:09:04,818.111,2021-02-11 13:05:51.212000,2021-02-11 13:19:29.323000,6.0,false,implied_category,build,cake,../data/prolific_output/run5_scalar_heat-group_scalar_heat/qu70-s_qu3-batch1.csv
qu70-s_qu3-batch1.csv-2,2,NOT AVAILABLE,NOT AVAILABLE,93323109-435d-4f37-a41b-e4a720b53a81,PROLIFIC,11-Feb-2021 13:53:13,1174,46582,test10_false,I know that (a/an) cake can build/be used for building as most or all other things similar to (a/an) cake build. ,I know that (a/an) dog can breathe/be used for breathing as most or all other things similar to (a/an) dog breathe. ,I know that (a/an) cat can meow/be used for meowing as most or all other things similar to (a/an) cat meow. ,5_scalar_heat-set_extension_full_range,https://app.prolific.co/submissions/complete?cc=135DD3C8,Agree or disagree (run5_scalar_heat-set_extension_full_range-experiment_scalar-batch1-70-70),408854,3a86b66c-3b10-48c8-be30-abbde30375dd,2021-02-11 13:53:13,401.872,2021-02-11 12:49:55.451000,2021-02-11 12:56:37.323000,4.0,false,implied_category,build,cake,../data/prolific_output/run5_scalar_heat-group_scalar_heat/qu70-s_qu3-batch1.csv
qu70-s_qu3-batch1.csv-2,2,NOT AVAILABLE,NOT AVAILABLE,5dc4ef01-5966-49da-b93c-8694d8e953c4,PROLIFIC,11-Feb-2021 13:41:44,1174,46582,test10_false,I know that (a/an) cake can build/be used for building as most or all other things similar to (a/an) cake build. ,I know that (a/an) dog can breathe/be used for breathing as most or all other things similar to (a/an) dog breathe. ,I know that (a/an) cat can meow/be used for meowing as most or all other things similar to (a/an) cat meow. ,5_scalar_heat-set_extension_full_range,https://app.prolific.co/submissions/complete?cc=135DD3C8,Agree or disagree (run5_scalar_heat-set_extension_full_range-experiment_scalar-batch1-70-70),408624,32e294c1-ae80-4e64-a46b-8d687b106864,2021-02-11 13:41:44,443.921,2021-02-11 12:38:29.969000,2021-02-11 12:45:53.890000,4.0,false,implied_category,build,cake,../data/prolific_output/run5_scalar_heat-group_scalar_heat/qu70-s_qu3-batch1.csv
qu70-s_qu3-batch1.csv-2,2,NOT AVAILABLE,NOT AVAILABLE,6591e696-4740-4846-875f-72b909d5e0c8,PROLIFIC,11-Feb-2021 14:17:40,1174,46582,test10_false,I know that (a/an) cake can build/be used for building as most or all other things similar to (a/an) cake build. ,I know that (a/an) dog can breathe/be used for breathing as most or all other things similar to (a/an) dog breathe. ,I know that (a/an) cat can meow/be used for meowing as most or all other things similar to (a/an) cat meow. ,5_scalar_heat-set_extension_full_range,https://app.prolific.co/submissions/complete?cc=135DD3C8,Agree or disagree (run5_scalar_heat-set_extension_full_range-experiment_scalar-batch1-70-70),409663,d0837fca-564a-4c05-ad95-1681876ba296,2021-02-11 14:17:40,562.557,2021-02-11 13:10:48.417000,2021-02-11 13:20:10.974000,9.0,false,implied_category,build,cake,../data/prolific_output/run5_scalar_heat-group_scalar_heat/qu70-s_qu3-batch1.csv
qu70-s_qu3-batch1.csv-2,2,NOT AVAILABLE,NOT AVAILABLE,c2fac0e6-01c1-4b66-8685-a3cbaffce5ba,PROLIFIC,11-Feb-2021 14:32:06,1174,46582,test10_false,I know that (a/an) cake can build/be used for building as most or all other things similar to (a/an) cake build. ,I know that (a/an) dog can breathe/be used for breathing as most or all other things similar to (a/an) dog breathe. ,I know that (a/an) cat can meow/be used for meowing as most or all other things similar to (a/an) cat meow. ,5_scalar_heat-set_extension_full_range,https://app.prolific.co/submissions/complete?cc=135DD3C8,Agree or disagree (run5_scalar_heat-set_extension_full_range-experiment_scalar-batch1-70-70),409970,1b4c74f2-a081-4fac-a051-bc06217a2ab5,2021-02-11 14:32:06,425.954,2021-02-11 13:27:27.892000,2021-02-11 13:34:33.846000,11.0,false,implied_category,build,cake,../data/prolific_output/run5_scalar_heat-group_scalar_heat/qu70-s_qu3-batch1.csv
qu70-s_qu3-batch1.csv-3,3,NOT AVAILABLE,NOT AVAILABLE,d2716620-0f6b-4985-8f7a-496de72c4edf,PROLIFIC,11-Feb-2021 14:22:59,1175,46643,test13_true,I know that being loud is necessary for many things (a/an) siren does or is used for. ,I know that being sharp is necessary for many things (a/an) razor does or is used for. ,I know that being colorful is necessary for many things (a/an) dress does or is used for. ,5_scalar_heat-set_extension_full_range,https://app.prolific.co/submissions/complete?cc=135DD3C8,Agree or disagree (run5_scalar_heat-set_extension_full_range-experiment_scalar-batch1-70-70),409814,725eaad6-7697-43f2-b033-7c2e93ae53b8,2021-02-11 14:22:59,637.11,2021-02-11 13:12:57.882000,2021-02-11 13:23:34.992000,8.0,true,affording_activity,loud,siren,../data/prolific_output/run5_scalar_heat-group_scalar_heat/qu70-s_qu3-batch1.csv
qu70-s_qu3-batch1.csv-3,3,NOT AVAILABLE,NOT AVAILABLE,dac5112b-e90f-43d3-81c2-3642f5b6e2f9,PROLIFIC,11-Feb-2021 14:13:11,1175,46643,test13_true,I know that being loud is necessary for many things (a/an) siren does or is used for. ,I know that being sharp is necessary for many things (a/an) razor does or is used for. ,I know that being colorful is necessary for many things (a/an) dress does or is used for. ,5_scalar_heat-set_extension_full_range,https://app.prolific.co/submissions/complete?cc=135DD3C8,Agree or disagree (run5_scalar_heat-set_extension_full_range-experiment_scalar-batch1-70-70),409470,6ec421d4-d6a2-4bab-942f-735cd5d7e234,2021-02-11 14:13:11,432.345,2021-02-11 13:06:47.662000,2021-02-11 13:14:00.007000,2.0,true,affording_activity,loud,siren,../data/prolific_output/run5_scalar_heat-group_scalar_heat/qu70-s_qu3-batch1.csv
qu70-s_qu3-batch1.csv-3,3,NOT AVAILABLE,NOT AVAILABLE,c86c92f5-934b-4073-b69b-aa1a3a830dc3,PROLIFIC,11-Feb-2021 14:24:08,1175,46643,test13_true,I know that being loud is necessary for many things (a/an) siren does or is used for. ,I know that being sharp is necessary for many things (a/an) razor does or is used for. ,I know that being colorful is necessary for many things (a/an) dress does or is used for. ,5_scalar_heat-set_extension_full_range,https://app.prolific.co/submissions/complete?cc=135DD3C8,Agree or disagree (run5_scalar_heat-set_extension_full_range-experiment_scalar-batch1-70-70),409832,44cc7fa5-d9bc-42fe-bc0f-b3b626518b27,2021-02-11 14:24:08,1299.53,2021-02-11 13:03:43.109000,2021-02-11 13:25:22.639000,4.0,true,affording_activity,loud,siren,../data/prolific_output/run5_scalar_heat-group_scalar_heat/qu70-s_qu3-batch1.csv
qu70-s_qu3-batch1.csv-3,3,NOT AVAILABLE,NOT AVAILABLE,965f4ff2-bcc0-4ec5-91f4-5904025dc272,PROLIFIC,11-Feb-2021 14:51:59,1175,46643,test13_true,I know that being loud is necessary for many things (a/an) siren does or is used for. ,I know that being sharp is necessary for many things (a/an) razor does or is used for. ,I know that being colorful is necessary for many things (a/an) dress does or is used for. ,5_scalar_heat-set_extension_full_range,https://app.prolific.co/submissions/complete?cc=135DD3C8,Agree or disagree (run5_scalar_heat-set_extension_full_range-experiment_scalar-batch1-70-70),410248,2b94157b-35ad-4fdc-8e57-4eb33effcf27,2021-02-11 14:51:59,285.593,2021-02-11 13:50:20.301000,2021-02-11 13:55:05.894000,3.0,true,affording_activity,loud,siren,../data/prolific_output/run5_scalar_heat-group_scalar_heat/qu70-s_qu3-batch1.csv
qu70-s_qu3-batch1.csv-3,3,NOT AVAILABLE,NOT AVAILABLE,34e021b9-d47d-4dd4-bc71-ddc5ab813ce2,PROLIFIC,11-Feb-2021 13:53:15,1175,46643,test13_true,I know that being loud is necessary for many things (a/an) siren does or is used for. ,I know that being sharp is necessary for many things (a/an) razor does or is used for. ,I know that being colorful is necessary for many things (a/an) dress does or is used for. ,5_scalar_heat-set_extension_full_range,https://app.prolific.co/submissions/complete?cc=135DD3C8,Agree or disagree (run5_scalar_heat-set_extension_full_range-experiment_scalar-batch1-70-70),408856,79d1aeda-0575-41c4-a02c-55d751a19b0e,2021-02-11 13:53:15,541.406,2021-02-11 12:51:21.531000,2021-02-11 13:00:22.937000,9.0,true,affording_activity,loud,siren,../data/prolific_output/run5_scalar_heat-group_scalar_heat/qu70-s_qu3-batch1.csv
qu70-s_qu3-batch1.csv-3,3,NOT AVAILABLE,NOT AVAILABLE,6d3579fa-979b-4f40-8e61-d17b09d60808,PROLIFIC,11-Feb-2021 14:29:05,1175,46643,test13_true,I know that being loud is necessary for many things (a/an) siren does or is used for. ,I know that being sharp is necessary for many things (a/an) razor does or is used for. ,I know that being colorful is necessary for many things (a/an) dress does or is used for. ,5_scalar_heat-set_extension_full_range,https://app.prolific.co/submissions/complete?cc=135DD3C8,Agree or disagree (run5_scalar_heat-set_extension_full_range-experiment_scalar-batch1-70-70),409891,2f54a61e-221c-47d5-bfd9-1cf05ee60007,2021-02-11 14:29:05,1192.435,2021-02-11 13:22:48.051000,2021-02-11 13:42:40.486000,3.0,true,affording_activity,loud,siren,../data/prolific_output/run5_scalar_heat-group_scalar_heat/qu70-s_qu3-batch1.csv
qu70-s_qu3-batch1.csv-3,3,NOT AVAILABLE,NOT AVAILABLE,cdbc1fee-804e-441b-89d3-98ac0ac8ce4d,PROLIFIC,11-Feb-2021 13:47:24,1175,46643,test13_true,I know that being loud is necessary for many things (a/an) siren does or is used for. ,I know that being sharp is necessary for many things (a/an) razor does or is used for. ,I know that being colorful is necessary for many things (a/an) dress does or is used for. ,5_scalar_heat-set_extension_full_range,https://app.prolific.co/submissions/complete?cc=135DD3C8,Agree or disagree (run5_scalar_heat-set_extension_full_range-experiment_scalar-batch1-70-70),408726,f6c7f6f4-b592-4248-9cd0-a768e15db821,2021-02-11 13:47:24,397.434,2021-02-11 12:42:36.412000,2021-02-11 12:49:13.846000,2.0,true,affording_activity,loud,siren,../data/prolific_output/run5_scalar_heat-group_scalar_heat/qu70-s_qu3-batch1.csv
qu70-s_qu3-batch1.csv-3,3,NOT AVAILABLE,NOT AVAILABLE,3dad7290-5e89-4340-9c49-15454b8ca9bf,PROLIFIC,11-Feb-2021 15:21:49,1175,46643,test13_true,I know that being loud is necessary for many things (a/an) siren does or is used for. ,I know that being sharp is necessary for many things (a/an) razor does or is used for. ,I know that being colorful is necessary for many things (a/an) dress does or is used for. ,5_scalar_heat-set_extension_full_range,https://app.prolific.co/submissions/complete?cc=135DD3C8,Agree or disagree (run5_scalar_heat-set_extension_full_range-experiment_scalar-batch1-70-70),410565,51771804-338b-48e0-8680-99b5fa04572c,2021-02-11 15:21:49,338.556,2021-02-11 14:20:14.112000,2021-02-11 14:25:52.668000,5.0,true,affording_activity,loud,siren,../data/prolific_output/run5_scalar_heat-group_scalar_heat/qu70-s_qu3-batch1.csv
qu70-s_qu3-batch1.csv-3,3,NOT AVAILABLE,NOT AVAILABLE,d2716620-0f6b-4985-8f7a-496de72c4edf,PROLIFIC,11-Feb-2021 14:13:55,1175,46644,test4_true,``Liquid'' is one for the first things which come to mind when I hear ``water' because liquid is one of the typical states of (a/an) water'.,``Bitter'' is one for the first things which come to mind when I hear ``coffee' because bitter is one of the typical tastes of (a/an) coffee'.,``Salty'' is one for the first things which come to mind when I hear ``beer' because salty is one of the typical tastes of (a/an) beer'.,5_scalar_heat-set_extension_full_range,https://app.prolific.co/submissions/complete?cc=135DD3C8,Agree or disagree (run5_scalar_heat-set_extension_full_range-experiment_scalar-batch1-70-70),409486,2e2505c3-1282-47f3-835f-265c3c17a61c,2021-02-11 14:13:55,637.11,2021-02-11 13:12:57.882000,2021-02-11 13:23:34.992000,6.0,true,typical_of_concept,liquid,water,../data/prolific_output/run5_scalar_heat-group_scalar_heat/qu70-s_qu3-batch1.csv
qu70-s_qu3-batch1.csv-3,3,NOT AVAILABLE,NOT AVAILABLE,dac5112b-e90f-43d3-81c2-3642f5b6e2f9,PROLIFIC,11-Feb-2021 14:10:12,1175,46644,test4_true,``Liquid'' is one for the first things which come to mind when I hear ``water' because liquid is one of the typical states of (a/an) water'.,``Bitter'' is one for the first things which come to mind when I hear ``coffee' because bitter is one of the typical tastes of (a/an) coffee'.,``Salty'' is one for the first things which come to mind when I hear ``beer' because salty is one of the typical tastes of (a/an) beer'.,5_scalar_heat-set_extension_full_range,https://app.prolific.co/submissions/complete?cc=135DD3C8,Agree or disagree (run5_scalar_heat-set_extension_full_range-experiment_scalar-batch1-70-70),409364,675bab9b-3ee8-429e-82b5-97eb56e1bd77,2021-02-11 14:10:12,432.345,2021-02-11 13:06:47.662000,2021-02-11 13:14:00.007000,3.0,true,typical_of_concept,liquid,water,../data/prolific_output/run5_scalar_heat-group_scalar_heat/qu70-s_qu3-batch1.csv
qu70-s_qu3-batch1.csv-3,3,NOT AVAILABLE,NOT AVAILABLE,c86c92f5-934b-4073-b69b-aa1a3a830dc3,PROLIFIC,11-Feb-2021 14:04:20,1175,46644,test4_true,``Liquid'' is one for the first things which come to mind when I hear ``water' because liquid is one of the typical states of (a/an) water'.,``Bitter'' is one for the first things which come to mind when I hear ``coffee' because bitter is one of the typical tastes of (a/an) coffee'.,``Salty'' is one for the first things which come to mind when I hear ``beer' because salty is one of the typical tastes of (a/an) beer'.,5_scalar_heat-set_extension_full_range,https://app.prolific.co/submissions/complete?cc=135DD3C8,Agree or disagree (run5_scalar_heat-set_extension_full_range-experiment_scalar-batch1-70-70),409205,3759800b-ab5f-4887-b145-fa5a9ebd8f74,2021-02-11 14:04:20,1299.53,2021-02-11 13:03:43.109000,2021-02-11 13:25:22.639000,36.891,true,typical_of_concept,liquid,water,../data/prolific_output/run5_scalar_heat-group_scalar_heat/qu70-s_qu3-batch1.csv
qu70-s_qu3-batch1.csv-3,3,NOT AVAILABLE,NOT AVAILABLE,965f4ff2-bcc0-4ec5-91f4-5904025dc272,PROLIFIC,11-Feb-2021 14:54:24,1175,46644,test4_true,``Liquid'' is one for the first things which come to mind when I hear ``water' because liquid is one of the typical states of (a/an) water'.,``Bitter'' is one for the first things which come to mind when I hear ``coffee' because bitter is one of the typical tastes of (a/an) coffee'.,``Salty'' is one for the first things which come to mind when I hear ``beer' because salty is one of the typical tastes of (a/an) beer'.,5_scalar_heat-set_extension_full_range,https://app.prolific.co/submissions/complete?cc=135DD3C8,Agree or disagree (run5_scalar_heat-set_extension_full_range-experiment_scalar-batch1-70-70),410316,029d5637-9b37-47c8-9642-7245dcae1577,2021-02-11 14:54:24,285.593,2021-02-11 13:50:20.301000,2021-02-11 13:55:05.894000,1.0,true,typical_of_concept,liquid,water,../data/prolific_output/run5_scalar_heat-group_scalar_heat/qu70-s_qu3-batch1.csv
qu70-s_qu3-batch1.csv-3,3,NOT AVAILABLE,NOT AVAILABLE,34e021b9-d47d-4dd4-bc71-ddc5ab813ce2,PROLIFIC,11-Feb-2021 13:54:54,1175,46644,test4_true,``Liquid'' is one for the first things which come to mind when I hear ``water' because liquid is one of the typical states of (a/an) water'.,``Bitter'' is one for the first things which come to mind when I hear ``coffee' because bitter is one of the typical tastes of (a/an) coffee'.,``Salty'' is one for the first things which come to mind when I hear ``beer' because salty is one of the typical tastes of (a/an) beer'.,5_scalar_heat-set_extension_full_range,https://app.prolific.co/submissions/complete?cc=135DD3C8,Agree or disagree (run5_scalar_heat-set_extension_full_range-experiment_scalar-batch1-70-70),408923,9423b7a4-f569-41f4-bc58-2f62730c6043,2021-02-11 13:54:54,541.406,2021-02-11 12:51:21.531000,2021-02-11 13:00:22.937000,5.0,true,typical_of_concept,liquid,water,../data/prolific_output/run5_scalar_heat-group_scalar_heat/qu70-s_qu3-batch1.csv
qu70-s_qu3-batch1.csv-3,3,NOT AVAILABLE,NOT AVAILABLE,6d3579fa-979b-4f40-8e61-d17b09d60808,PROLIFIC,11-Feb-2021 14:24:10,1175,46644,test4_true,``Liquid'' is one for the first things which come to mind when I hear ``water' because liquid is one of the typical states of (a/an) water'.,``Bitter'' is one for the first things which come to mind when I hear ``coffee' because bitter is one of the typical tastes of (a/an) coffee'.,``Salty'' is one for the first things which come to mind when I hear ``beer' because salty is one of the typical tastes of (a/an) beer'.,5_scalar_heat-set_extension_full_range,https://app.prolific.co/submissions/complete?cc=135DD3C8,Agree or disagree (run5_scalar_heat-set_extension_full_range-experiment_scalar-batch1-70-70),409833,87d1be07-2d4e-475d-9552-57fb1a253d8d,2021-02-11 14:24:10,1192.435,2021-02-11 13:22:48.051000,2021-02-11 13:42:40.486000,2.0,true,typical_of_concept,liquid,water,../data/prolific_output/run5_scalar_heat-group_scalar_heat/qu70-s_qu3-batch1.csv
qu70-s_qu3-batch1.csv-3,3,NOT AVAILABLE,NOT AVAILABLE,cdbc1fee-804e-441b-89d3-98ac0ac8ce4d,PROLIFIC,11-Feb-2021 13:46:41,1175,46644,test4_true,``Liquid'' is one for the first things which come to mind when I hear ``water' because liquid is one of the typical states of (a/an) water'.,``Bitter'' is one for the first things which come to mind when I hear ``coffee' because bitter is one of the typical tastes of (a/an) coffee'.,``Salty'' is one for the first things which come to mind when I hear ``beer' because salty is one of the typical tastes of (a/an) beer'.,5_scalar_heat-set_extension_full_range,https://app.prolific.co/submissions/complete?cc=135DD3C8,Agree or disagree (run5_scalar_heat-set_extension_full_range-experiment_scalar-batch1-70-70),408718,33cb5546-c5f8-42ba-93c4-79a3fd75a84d,2021-02-11 13:46:41,397.434,2021-02-11 12:42:36.412000,2021-02-11 12:49:13.846000,8.0,true,typical_of_concept,liquid,water,../data/prolific_output/run5_scalar_heat-group_scalar_heat/qu70-s_qu3-batch1.csv
qu70-s_qu3-batch1.csv-3,3,NOT AVAILABLE,NOT AVAILABLE,3dad7290-5e89-4340-9c49-15454b8ca9bf,PROLIFIC,11-Feb-2021 15:21:10,1175,46644,test4_true,``Liquid'' is one for the first things which come to mind when I hear ``water' because liquid is one of the typical states of (a/an) water'.,``Bitter'' is one for the first things which come to mind when I hear ``coffee' because bitter is one of the typical tastes of (a/an) coffee'.,``Salty'' is one for the first things which come to mind when I hear ``beer' because salty is one of the typical tastes of (a/an) beer'.,5_scalar_heat-set_extension_full_range,https://app.prolific.co/submissions/complete?cc=135DD3C8,Agree or disagree (run5_scalar_heat-set_extension_full_range-experiment_scalar-batch1-70-70),410561,ba85291e-cc2c-46a3-9804-22416cb4dca9,2021-02-11 15:21:10,338.556,2021-02-11 14:20:14.112000,2021-02-11 14:25:52.668000,6.0,true,typical_of_concept,liquid,water,../data/prolific_output/run5_scalar_heat-group_scalar_heat/qu70-s_qu3-batch1.csv
qu70-s_qu3-batch1.csv-3,3,NOT AVAILABLE,NOT AVAILABLE,d2716620-0f6b-4985-8f7a-496de72c4edf,PROLIFIC,11-Feb-2021 14:20:17,1175,46583,3e1fa951-1bf3-4b50-9c12-2fdab7a082ef,I know that (a/an) chocolate is cold as most or all other things similar to (a/an) chocolate are cold. ,I know that (a/an) chocoloate_cake is sweet as most or all other things similar to (a/an) chocoloate_cake are sweet. ,I know that (a/an) table is transparent as most or all other things similar to (a/an) table are transparent. ,5_scalar_heat-set_extension_full_range,https://app.prolific.co/submissions/complete?cc=135DD3C8,Agree or disagree (run5_scalar_heat-set_extension_full_range-experiment_scalar-batch1-70-70),409778,22c35743-438a-4cf6-8547-81dffa67352a,2021-02-11 14:20:17,637.11,2021-02-11 13:12:57.882000,2021-02-11 13:23:34.992000,6.0,false,implied_category,cold,chocolate,../data/prolific_output/run5_scalar_heat-group_scalar_heat/qu70-s_qu3-batch1.csv
qu70-s_qu3-batch1.csv-3,3,NOT AVAILABLE,NOT AVAILABLE,dac5112b-e90f-43d3-81c2-3642f5b6e2f9,PROLIFIC,11-Feb-2021 14:09:42,1175,46583,3e1fa951-1bf3-4b50-9c12-2fdab7a082ef,I know that (a/an) chocolate is cold as most or all other things similar to (a/an) chocolate are cold. ,I know that (a/an) chocoloate_cake is sweet as most or all other things similar to (a/an) chocoloate_cake are sweet. ,I know that (a/an) table is transparent as most or all other things similar to (a/an) table are transparent. ,5_scalar_heat-set_extension_full_range,https://app.prolific.co/submissions/complete?cc=135DD3C8,Agree or disagree (run5_scalar_heat-set_extension_full_range-experiment_scalar-batch1-70-70),409345,60ba3017-708c-4d4b-b164-55be6e09ac42,2021-02-11 14:09:42,432.345,2021-02-11 13:06:47.662000,2021-02-11 13:14:00.007000,4.0,false,implied_category,cold,chocolate,../data/prolific_output/run5_scalar_heat-group_scalar_heat/qu70-s_qu3-batch1.csv
qu70-s_qu3-batch1.csv-3,3,NOT AVAILABLE,NOT AVAILABLE,c86c92f5-934b-4073-b69b-aa1a3a830dc3,PROLIFIC,11-Feb-2021 14:10:51,1175,46583,3e1fa951-1bf3-4b50-9c12-2fdab7a082ef,I know that (a/an) chocolate is cold as most or all other things similar to (a/an) chocolate are cold. ,I know that (a/an) chocoloate_cake is sweet as most or all other things similar to (a/an) chocoloate_cake are sweet. ,I know that (a/an) table is transparent as most or all other things similar to (a/an) table are transparent. ,5_scalar_heat-set_extension_full_range,https://app.prolific.co/submissions/complete?cc=135DD3C8,Agree or disagree (run5_scalar_heat-set_extension_full_range-experiment_scalar-batch1-70-70),409390,edd9a967-ad13-44dc-855f-1468236d620e,2021-02-11 14:10:51,1299.53,2021-02-11 13:03:43.109000,2021-02-11 13:25:22.639000,39.0,true,implied_category,cold,chocolate,../data/prolific_output/run5_scalar_heat-group_scalar_heat/qu70-s_qu3-batch1.csv
qu70-s_qu3-batch1.csv-3,3,NOT AVAILABLE,NOT AVAILABLE,965f4ff2-bcc0-4ec5-91f4-5904025dc272,PROLIFIC,11-Feb-2021 14:53:26,1175,46583,3e1fa951-1bf3-4b50-9c12-2fdab7a082ef,I know that (a/an) chocolate is cold as most or all other things similar to (a/an) chocolate are cold. ,I know that (a/an) chocoloate_cake is sweet as most or all other things similar to (a/an) chocoloate_cake are sweet. ,I know that (a/an) table is transparent as most or all other things similar to (a/an) table are transparent. ,5_scalar_heat-set_extension_full_range,https://app.prolific.co/submissions/complete?cc=135DD3C8,Agree or disagree (run5_scalar_heat-set_extension_full_range-experiment_scalar-batch1-70-70),410282,54ec5767-fd29-4f8d-9788-23ac1fec1655,2021-02-11 14:53:26,285.593,2021-02-11 13:50:20.301000,2021-02-11 13:55:05.894000,5.0,false,implied_category,cold,chocolate,../data/prolific_output/run5_scalar_heat-group_scalar_heat/qu70-s_qu3-batch1.csv
qu70-s_qu3-batch1.csv-3,3,NOT AVAILABLE,NOT AVAILABLE,34e021b9-d47d-4dd4-bc71-ddc5ab813ce2,PROLIFIC,11-Feb-2021 13:53:06,1175,46583,3e1fa951-1bf3-4b50-9c12-2fdab7a082ef,I know that (a/an) chocolate is cold as most or all other things similar to (a/an) chocolate are cold. ,I know that (a/an) chocoloate_cake is sweet as most or all other things similar to (a/an) chocoloate_cake are sweet. ,I know that (a/an) table is transparent as most or all other things similar to (a/an) table are transparent. ,5_scalar_heat-set_extension_full_range,https://app.prolific.co/submissions/complete?cc=135DD3C8,Agree or disagree (run5_scalar_heat-set_extension_full_range-experiment_scalar-batch1-70-70),408848,e5fdb405-95c3-4c7a-9d3f-59fe0a6a94e8,2021-02-11 13:53:06,541.406,2021-02-11 12:51:21.531000,2021-02-11 13:00:22.937000,13.0,false,implied_category,cold,chocolate,../data/prolific_output/run5_scalar_heat-group_scalar_heat/qu70-s_qu3-batch1.csv
qu70-s_qu3-batch1.csv-3,3,NOT AVAILABLE,NOT AVAILABLE,6d3579fa-979b-4f40-8e61-d17b09d60808,PROLIFIC,11-Feb-2021 14:26:36,1175,46583,3e1fa951-1bf3-4b50-9c12-2fdab7a082ef,I know that (a/an) chocolate is cold as most or all other things similar to (a/an) chocolate are cold. ,I know that (a/an) chocoloate_cake is sweet as most or all other things similar to (a/an) chocoloate_cake are sweet. ,I know that (a/an) table is transparent as most or all other things similar to (a/an) table are transparent. ,5_scalar_heat-set_extension_full_range,https://app.prolific.co/submissions/complete?cc=135DD3C8,Agree or disagree (run5_scalar_heat-set_extension_full_range-experiment_scalar-batch1-70-70),409865,e3ad6c48-3f98-49f6-8e4a-9ff4716e999a,2021-02-11 14:26:36,1192.435,2021-02-11 13:22:48.051000,2021-02-11 13:42:40.486000,4.0,false,implied_category,cold,chocolate,../data/prolific_output/run5_scalar_heat-group_scalar_heat/qu70-s_qu3-batch1.csv
qu70-s_qu3-batch1.csv-3,3,NOT AVAILABLE,NOT AVAILABLE,cdbc1fee-804e-441b-89d3-98ac0ac8ce4d,PROLIFIC,11-Feb-2021 13:47:18,1175,46583,3e1fa951-1bf3-4b50-9c12-2fdab7a082ef,I know that (a/an) chocolate is cold as most or all other things similar to (a/an) chocolate are cold. ,I know that (a/an) chocoloate_cake is sweet as most or all other things similar to (a/an) chocoloate_cake are sweet. ,I know that (a/an) table is transparent as most or all other things similar to (a/an) table are transparent. ,5_scalar_heat-set_extension_full_range,https://app.prolific.co/submissions/complete?cc=135DD3C8,Agree or disagree (run5_scalar_heat-set_extension_full_range-experiment_scalar-batch1-70-70),408724,31d950c1-d157-49b2-91e6-ff0c164ce424,2021-02-11 13:47:18,397.434,2021-02-11 12:42:36.412000,2021-02-11 12:49:13.846000,3.0,false,implied_category,cold,chocolate,../data/prolific_output/run5_scalar_heat-group_scalar_heat/qu70-s_qu3-batch1.csv
qu70-s_qu3-batch1.csv-3,3,NOT AVAILABLE,NOT AVAILABLE,3dad7290-5e89-4340-9c49-15454b8ca9bf,PROLIFIC,11-Feb-2021 15:23:12,1175,46583,3e1fa951-1bf3-4b50-9c12-2fdab7a082ef,I know that (a/an) chocolate is cold as most or all other things similar to (a/an) chocolate are cold. ,I know that (a/an) chocoloate_cake is sweet as most or all other things similar to (a/an) chocoloate_cake are sweet. ,I know that (a/an) table is transparent as most or all other things similar to (a/an) table are transparent. ,5_scalar_heat-set_extension_full_range,https://app.prolific.co/submissions/complete?cc=135DD3C8,Agree or disagree (run5_scalar_heat-set_extension_full_range-experiment_scalar-batch1-70-70),410582,3214ac92-062b-436c-82ec-4d19a1ac6b95,2021-02-11 15:23:12,338.556,2021-02-11 14:20:14.112000,2021-02-11 14:25:52.668000,3.0,false,implied_category,cold,chocolate,../data/prolific_output/run5_scalar_heat-group_scalar_heat/qu70-s_qu3-batch1.csv
qu70-s_qu3-batch1.csv-3,3,NOT AVAILABLE,NOT AVAILABLE,d2716620-0f6b-4985-8f7a-496de72c4edf,PROLIFIC,11-Feb-2021 14:21:57,1175,46584,ec0f3eca-3669-4b1d-ad64-51356944bbb4,"You can find (a/an) chocolate which is cold. (A/an) chocolate is usually either cold, a bit more or less cold or the opposite of cold.","You can find (a/an) soup which is salty. (A/an) soup is usually either salty, a bit more or less salty or the opposite of salty.","You can find (a/an) strawberry which is salty. (A/an) strawberry is usually either salty, a bit more or less salty or the opposite of salty.",5_scalar_heat-set_extension_full_range,https://app.prolific.co/submissions/complete?cc=135DD3C8,Agree or disagree (run5_scalar_heat-set_extension_full_range-experiment_scalar-batch1-70-70),409802,a8147edb-7367-400b-b395-7d88f345baae,2021-02-11 14:21:57,637.11,2021-02-11 13:12:57.882000,2021-02-11 13:23:34.992000,7.0,false,variability_open,cold,chocolate,../data/prolific_output/run5_scalar_heat-group_scalar_heat/qu70-s_qu3-batch1.csv
qu70-s_qu3-batch1.csv-3,3,NOT AVAILABLE,NOT AVAILABLE,dac5112b-e90f-43d3-81c2-3642f5b6e2f9,PROLIFIC,11-Feb-2021 14:09:27,1175,46584,ec0f3eca-3669-4b1d-ad64-51356944bbb4,"You can find (a/an) chocolate which is cold. (A/an) chocolate is usually either cold, a bit more or less cold or the opposite of cold.","You can find (a/an) soup which is salty. (A/an) soup is usually either salty, a bit more or less salty or the opposite of salty.","You can find (a/an) strawberry which is salty. (A/an) strawberry is usually either salty, a bit more or less salty or the opposite of salty.",5_scalar_heat-set_extension_full_range,https://app.prolific.co/submissions/complete?cc=135DD3C8,Agree or disagree (run5_scalar_heat-set_extension_full_range-experiment_scalar-batch1-70-70),409331,a1d74e94-2bc9-41cf-ab22-20b0f99df365,2021-02-11 14:09:27,432.345,2021-02-11 13:06:47.662000,2021-02-11 13:14:00.007000,5.0,true,variability_open,cold,chocolate,../data/prolific_output/run5_scalar_heat-group_scalar_heat/qu70-s_qu3-batch1.csv
qu70-s_qu3-batch1.csv-3,3,NOT AVAILABLE,NOT AVAILABLE,c86c92f5-934b-4073-b69b-aa1a3a830dc3,PROLIFIC,11-Feb-2021 14:13:17,1175,46584,ec0f3eca-3669-4b1d-ad64-51356944bbb4,"You can find (a/an) chocolate which is cold. (A/an) chocolate is usually either cold, a bit more or less cold or the opposite of cold.","You can find (a/an) soup which is salty. (A/an) soup is usually either salty, a bit more or less salty or the opposite of salty.","You can find (a/an) strawberry which is salty. (A/an) strawberry is usually either salty, a bit more or less salty or the opposite of salty.",5_scalar_heat-set_extension_full_range,https://app.prolific.co/submissions/complete?cc=135DD3C8,Agree or disagree (run5_scalar_heat-set_extension_full_range-experiment_scalar-batch1-70-70),409473,9e651078-5daf-4fb3-9aaf-7b1347c8137c,2021-02-11 14:13:17,1299.53,2021-02-11 13:03:43.109000,2021-02-11 13:25:22.639000,42.0,true,variability_open,cold,chocolate,../data/prolific_output/run5_scalar_heat-group_scalar_heat/qu70-s_qu3-batch1.csv
qu70-s_qu3-batch1.csv-3,3,NOT AVAILABLE,NOT AVAILABLE,965f4ff2-bcc0-4ec5-91f4-5904025dc272,PROLIFIC,11-Feb-2021 14:52:05,1175,46584,ec0f3eca-3669-4b1d-ad64-51356944bbb4,"You can find (a/an) chocolate which is cold. (A/an) chocolate is usually either cold, a bit more or less cold or the opposite of cold.","You can find (a/an) soup which is salty. (A/an) soup is usually either salty, a bit more or less salty or the opposite of salty.","You can find (a/an) strawberry which is salty. (A/an) strawberry is usually either salty, a bit more or less salty or the opposite of salty.",5_scalar_heat-set_extension_full_range,https://app.prolific.co/submissions/complete?cc=135DD3C8,Agree or disagree (run5_scalar_heat-set_extension_full_range-experiment_scalar-batch1-70-70),410250,e5cc5352-9e56-4f83-b5cf-87ae8707e3c3,2021-02-11 14:52:05,285.593,2021-02-11 13:50:20.301000,2021-02-11 13:55:05.894000,4.0,false,variability_open,cold,chocolate,../data/prolific_output/run5_scalar_heat-group_scalar_heat/qu70-s_qu3-batch1.csv
qu70-s_qu3-batch1.csv-3,3,NOT AVAILABLE,NOT AVAILABLE,34e021b9-d47d-4dd4-bc71-ddc5ab813ce2,PROLIFIC,11-Feb-2021 13:51:48,1175,46584,ec0f3eca-3669-4b1d-ad64-51356944bbb4,"You can find (a/an) chocolate which is cold. (A/an) chocolate is usually either cold, a bit more or less cold or the opposite of cold.","You can find (a/an) soup which is salty. (A/an) soup is usually either salty, a bit more or less salty or the opposite of salty.","You can find (a/an) strawberry which is salty. (A/an) strawberry is usually either salty, a bit more or less salty or the opposite of salty.",5_scalar_heat-set_extension_full_range,https://app.prolific.co/submissions/complete?cc=135DD3C8,Agree or disagree (run5_scalar_heat-set_extension_full_range-experiment_scalar-batch1-70-70),408799,eade0253-fd32-4de3-a400-9836960a4e3f,2021-02-11 13:51:48,541.406,2021-02-11 12:51:21.531000,2021-02-11 13:00:22.937000,26.469,false,variability_open,cold,chocolate,../data/prolific_output/run5_scalar_heat-group_scalar_heat/qu70-s_qu3-batch1.csv
qu70-s_qu3-batch1.csv-3,3,NOT AVAILABLE,NOT AVAILABLE,6d3579fa-979b-4f40-8e61-d17b09d60808,PROLIFIC,11-Feb-2021 14:26:32,1175,46584,ec0f3eca-3669-4b1d-ad64-51356944bbb4,"You can find (a/an) chocolate which is cold. (A/an) chocolate is usually either cold, a bit more or less cold or the opposite of cold.","You can find (a/an) soup which is salty. (A/an) soup is usually either salty, a bit more or less salty or the opposite of salty.","You can find (a/an) strawberry which is salty. (A/an) strawberry is usually either salty, a bit more or less salty or the opposite of salty.",5_scalar_heat-set_extension_full_range,https://app.prolific.co/submissions/complete?cc=135DD3C8,Agree or disagree (run5_scalar_heat-set_extension_full_range-experiment_scalar-batch1-70-70),409863,059a852b-1d86-48b7-8300-6de63de1453c,2021-02-11 14:26:32,1192.435,2021-02-11 13:22:48.051000,2021-02-11 13:42:40.486000,104.0,true,variability_open,cold,chocolate,../data/prolific_output/run5_scalar_heat-group_scalar_heat/qu70-s_qu3-batch1.csv
qu70-s_qu3-batch1.csv-3,3,NOT AVAILABLE,NOT AVAILABLE,cdbc1fee-804e-441b-89d3-98ac0ac8ce4d,PROLIFIC,11-Feb-2021 13:46:58,1175,46584,ec0f3eca-3669-4b1d-ad64-51356944bbb4,"You can find (a/an) chocolate which is cold. (A/an) chocolate is usually either cold, a bit more or less cold or the opposite of cold.","You can find (a/an) soup which is salty. (A/an) soup is usually either salty, a bit more or less salty or the opposite of salty.","You can find (a/an) strawberry which is salty. (A/an) strawberry is usually either salty, a bit more or less salty or the opposite of salty.",5_scalar_heat-set_extension_full_range,https://app.prolific.co/submissions/complete?cc=135DD3C8,Agree or disagree (run5_scalar_heat-set_extension_full_range-experiment_scalar-batch1-70-70),408721,00be4a39-e85a-4226-8180-75b6b88acf65,2021-02-11 13:46:58,397.434,2021-02-11 12:42:36.412000,2021-02-11 12:49:13.846000,5.0,true,variability_open,cold,chocolate,../data/prolific_output/run5_scalar_heat-group_scalar_heat/qu70-s_qu3-batch1.csv
qu70-s_qu3-batch1.csv-3,3,NOT AVAILABLE,NOT AVAILABLE,3dad7290-5e89-4340-9c49-15454b8ca9bf,PROLIFIC,11-Feb-2021 15:24:39,1175,46584,ec0f3eca-3669-4b1d-ad64-51356944bbb4,"You can find (a/an) chocolate which is cold. (A/an) chocolate is usually either cold, a bit more or less cold or the opposite of cold.","You can find (a/an) soup which is salty. (A/an) soup is usually either salty, a bit more or less salty or the opposite of salty.","You can find (a/an) strawberry which is salty. (A/an) strawberry is usually either salty, a bit more or less salty or the opposite of salty.",5_scalar_heat-set_extension_full_range,https://app.prolific.co/submissions/complete?cc=135DD3C8,Agree or disagree (run5_scalar_heat-set_extension_full_range-experiment_scalar-batch1-70-70),410601,8ed2007d-0cba-4b23-a3f2-7c17131cc44a,2021-02-11 15:24:39,338.556,2021-02-11 14:20:14.112000,2021-02-11 14:25:52.668000,11.0,false,variability_open,cold,chocolate,../data/prolific_output/run5_scalar_heat-group_scalar_heat/qu70-s_qu3-batch1.csv
qu70-s_qu3-batch1.csv-3,3,NOT AVAILABLE,NOT AVAILABLE,d2716620-0f6b-4985-8f7a-496de72c4edf,PROLIFIC,11-Feb-2021 14:13:41,1175,46585,00528aa8-8aff-4a40-b53c-ce172ad7c3c3,I think it is impossible for (a/an) chocolate to be cold.,I think it is impossible for (a/an) flame to be frozen.,I think it is impossible for (a/an) book to be light.,5_scalar_heat-set_extension_full_range,https://app.prolific.co/submissions/complete?cc=135DD3C8,Agree or disagree (run5_scalar_heat-set_extension_full_range-experiment_scalar-batch1-70-70),409481,b9d376b0-fe54-49e9-a77c-a75f4fc23b5d,2021-02-11 14:13:41,637.11,2021-02-11 13:12:57.882000,2021-02-11 13:23:34.992000,43.118,false,impossible,cold,chocolate,../data/prolific_output/run5_scalar_heat-group_scalar_heat/qu70-s_qu3-batch1.csv
qu70-s_qu3-batch1.csv-3,3,NOT AVAILABLE,NOT AVAILABLE,dac5112b-e90f-43d3-81c2-3642f5b6e2f9,PROLIFIC,11-Feb-2021 14:09:51,1175,46585,00528aa8-8aff-4a40-b53c-ce172ad7c3c3,I think it is impossible for (a/an) chocolate to be cold.,I think it is impossible for (a/an) flame to be frozen.,I think it is impossible for (a/an) book to be light.,5_scalar_heat-set_extension_full_range,https://app.prolific.co/submissions/complete?cc=135DD3C8,Agree or disagree (run5_scalar_heat-set_extension_full_range-experiment_scalar-batch1-70-70),409356,116912e7-96d9-4baf-8fc2-fec13e5db1d7,2021-02-11 14:09:51,432.345,2021-02-11 13:06:47.662000,2021-02-11 13:14:00.007000,2.0,false,impossible,cold,chocolate,../data/prolific_output/run5_scalar_heat-group_scalar_heat/qu70-s_qu3-batch1.csv
qu70-s_qu3-batch1.csv-3,3,NOT AVAILABLE,NOT AVAILABLE,c86c92f5-934b-4073-b69b-aa1a3a830dc3,PROLIFIC,11-Feb-2021 14:24:04,1175,46585,00528aa8-8aff-4a40-b53c-ce172ad7c3c3,I think it is impossible for (a/an) chocolate to be cold.,I think it is impossible for (a/an) flame to be frozen.,I think it is impossible for (a/an) book to be light.,5_scalar_heat-set_extension_full_range,https://app.prolific.co/submissions/complete?cc=135DD3C8,Agree or disagree (run5_scalar_heat-set_extension_full_range-experiment_scalar-batch1-70-70),409830,a3766cad-3c51-4d1d-854c-f2df97d15a2e,2021-02-11 14:24:04,1299.53,2021-02-11 13:03:43.109000,2021-02-11 13:25:22.639000,12.0,false,impossible,cold,chocolate,../data/prolific_output/run5_scalar_heat-group_scalar_heat/qu70-s_qu3-batch1.csv
qu70-s_qu3-batch1.csv-3,3,NOT AVAILABLE,NOT AVAILABLE,965f4ff2-bcc0-4ec5-91f4-5904025dc272,PROLIFIC,11-Feb-2021 14:51:41,1175,46585,00528aa8-8aff-4a40-b53c-ce172ad7c3c3,I think it is impossible for (a/an) chocolate to be cold.,I think it is impossible for (a/an) flame to be frozen.,I think it is impossible for (a/an) book to be light.,5_scalar_heat-set_extension_full_range,https://app.prolific.co/submissions/complete?cc=135DD3C8,Agree or disagree (run5_scalar_heat-set_extension_full_range-experiment_scalar-batch1-70-70),410244,44b128c4-cab3-4414-9839-96ef0f2bcbb9,2021-02-11 14:51:41,285.593,2021-02-11 13:50:20.301000,2021-02-11 13:55:05.894000,80.699,false,impossible,cold,chocolate,../data/prolific_output/run5_scalar_heat-group_scalar_heat/qu70-s_qu3-batch1.csv
qu70-s_qu3-batch1.csv-3,3,NOT AVAILABLE,NOT AVAILABLE,34e021b9-d47d-4dd4-bc71-ddc5ab813ce2,PROLIFIC,11-Feb-2021 13:57:57,1175,46585,00528aa8-8aff-4a40-b53c-ce172ad7c3c3,I think it is impossible for (a/an) chocolate to be cold.,I think it is impossible for (a/an) flame to be frozen.,I think it is impossible for (a/an) book to be light.,5_scalar_heat-set_extension_full_range,https://app.prolific.co/submissions/complete?cc=135DD3C8,Agree or disagree (run5_scalar_heat-set_extension_full_range-experiment_scalar-batch1-70-70),409050,b7326f66-78f6-4751-867d-b923a2725cd7,2021-02-11 13:57:57,541.406,2021-02-11 12:51:21.531000,2021-02-11 13:00:22.937000,2.0,false,impossible,cold,chocolate,../data/prolific_output/run5_scalar_heat-group_scalar_heat/qu70-s_qu3-batch1.csv
qu70-s_qu3-batch1.csv-3,3,NOT AVAILABLE,NOT AVAILABLE,6d3579fa-979b-4f40-8e61-d17b09d60808,PROLIFIC,11-Feb-2021 14:29:25,1175,46585,00528aa8-8aff-4a40-b53c-ce172ad7c3c3,I think it is impossible for (a/an) chocolate to be cold.,I think it is impossible for (a/an) flame to be frozen.,I think it is impossible for (a/an) book to be light.,5_scalar_heat-set_extension_full_range,https://app.prolific.co/submissions/complete?cc=135DD3C8,Agree or disagree (run5_scalar_heat-set_extension_full_range-experiment_scalar-batch1-70-70),409905,84869302-3fb0-41d3-8fef-c288420fac5e,2021-02-11 14:29:25,1192.435,2021-02-11 13:22:48.051000,2021-02-11 13:42:40.486000,3.0,false,impossible,cold,chocolate,../data/prolific_output/run5_scalar_heat-group_scalar_heat/qu70-s_qu3-batch1.csv
qu70-s_qu3-batch1.csv-3,3,NOT AVAILABLE,NOT AVAILABLE,cdbc1fee-804e-441b-89d3-98ac0ac8ce4d,PROLIFIC,11-Feb-2021 13:43:55,1175,46585,00528aa8-8aff-4a40-b53c-ce172ad7c3c3,I think it is impossible for (a/an) chocolate to be cold.,I think it is impossible for (a/an) flame to be frozen.,I think it is impossible for (a/an) book to be light.,5_scalar_heat-set_extension_full_range,https://app.prolific.co/submissions/complete?cc=135DD3C8,Agree or disagree (run5_scalar_heat-set_extension_full_range-experiment_scalar-batch1-70-70),408659,c865efa4-c007-49ac-89f7-d937699fd7d4,2021-02-11 13:43:55,397.434,2021-02-11 12:42:36.412000,2021-02-11 12:49:13.846000,4.0,false,impossible,cold,chocolate,../data/prolific_output/run5_scalar_heat-group_scalar_heat/qu70-s_qu3-batch1.csv
qu70-s_qu3-batch1.csv-3,3,NOT AVAILABLE,NOT AVAILABLE,3dad7290-5e89-4340-9c49-15454b8ca9bf,PROLIFIC,11-Feb-2021 15:24:24,1175,46585,00528aa8-8aff-4a40-b53c-ce172ad7c3c3,I think it is impossible for (a/an) chocolate to be cold.,I think it is impossible for (a/an) flame to be frozen.,I think it is impossible for (a/an) book to be light.,5_scalar_heat-set_extension_full_range,https://app.prolific.co/submissions/complete?cc=135DD3C8,Agree or disagree (run5_scalar_heat-set_extension_full_range-experiment_scalar-batch1-70-70),410598,42c35ec4-c16e-4e31-a55f-db8882cbcff1,2021-02-11 15:24:24,338.556,2021-02-11 14:20:14.112000,2021-02-11 14:25:52.668000,3.0,false,impossible,cold,chocolate,../data/prolific_output/run5_scalar_heat-group_scalar_heat/qu70-s_qu3-batch1.csv
qu70-s_qu3-batch1.csv-3,3,NOT AVAILABLE,NOT AVAILABLE,d2716620-0f6b-4985-8f7a-496de72c4edf,PROLIFIC,11-Feb-2021 14:15:24,1175,46586,9663579c-860c-474a-9439-b06ce8770fe5,"I think (a/an) chocolate can be cold, but this is rare or uncommon.","I think (a/an) cake can be spicy, but this is rare or uncommon.","I think (a/an) window can be transparent, but this is rare or uncommon.",5_scalar_heat-set_extension_full_range,https://app.prolific.co/submissions/complete?cc=135DD3C8,Agree or disagree (run5_scalar_heat-set_extension_full_range-experiment_scalar-batch1-70-70),409558,7d8419a6-ea8b-433b-8e33-e6642ad38930,2021-02-11 14:15:24,637.11,2021-02-11 13:12:57.882000,2021-02-11 13:23:34.992000,6.0,false,rare,cold,chocolate,../data/prolific_output/run5_scalar_heat-group_scalar_heat/qu70-s_qu3-batch1.csv
qu70-s_qu3-batch1.csv-3,3,NOT AVAILABLE,NOT AVAILABLE,dac5112b-e90f-43d3-81c2-3642f5b6e2f9,PROLIFIC,11-Feb-2021 14:12:10,1175,46586,9663579c-860c-474a-9439-b06ce8770fe5,"I think (a/an) chocolate can be cold, but this is rare or uncommon.","I think (a/an) cake can be spicy, but this is rare or uncommon.","I think (a/an) window can be transparent, but this is rare or uncommon.",5_scalar_heat-set_extension_full_range,https://app.prolific.co/submissions/complete?cc=135DD3C8,Agree or disagree (run5_scalar_heat-set_extension_full_range-experiment_scalar-batch1-70-70),409435,473b754e-3b02-4b27-af5b-ad5ce096873f,2021-02-11 14:12:10,432.345,2021-02-11 13:06:47.662000,2021-02-11 13:14:00.007000,2.0,false,rare,cold,chocolate,../data/prolific_output/run5_scalar_heat-group_scalar_heat/qu70-s_qu3-batch1.csv
qu70-s_qu3-batch1.csv-3,3,NOT AVAILABLE,NOT AVAILABLE,c86c92f5-934b-4073-b69b-aa1a3a830dc3,PROLIFIC,11-Feb-2021 14:08:47,1175,46586,9663579c-860c-474a-9439-b06ce8770fe5,"I think (a/an) chocolate can be cold, but this is rare or uncommon.","I think (a/an) cake can be spicy, but this is rare or uncommon.","I think (a/an) window can be transparent, but this is rare or uncommon.",5_scalar_heat-set_extension_full_range,https://app.prolific.co/submissions/complete?cc=135DD3C8,Agree or disagree (run5_scalar_heat-set_extension_full_range-experiment_scalar-batch1-70-70),409301,dd2f21bc-00d0-4ac1-9a16-eca7a72ef85c,2021-02-11 14:08:47,1299.53,2021-02-11 13:03:43.109000,2021-02-11 13:25:22.639000,16.0,false,rare,cold,chocolate,../data/prolific_output/run5_scalar_heat-group_scalar_heat/qu70-s_qu3-batch1.csv
qu70-s_qu3-batch1.csv-3,3,NOT AVAILABLE,NOT AVAILABLE,965f4ff2-bcc0-4ec5-91f4-5904025dc272,PROLIFIC,11-Feb-2021 14:52:50,1175,46586,9663579c-860c-474a-9439-b06ce8770fe5,"I think (a/an) chocolate can be cold, but this is rare or uncommon.","I think (a/an) cake can be spicy, but this is rare or uncommon.","I think (a/an) window can be transparent, but this is rare or uncommon.",5_scalar_heat-set_extension_full_range,https://app.prolific.co/submissions/complete?cc=135DD3C8,Agree or disagree (run5_scalar_heat-set_extension_full_range-experiment_scalar-batch1-70-70),410267,8b73f7b8-8f70-47a5-9de4-aeb463f2449c,2021-02-11 14:52:50,285.593,2021-02-11 13:50:20.301000,2021-02-11 13:55:05.894000,2.0,true,rare,cold,chocolate,../data/prolific_output/run5_scalar_heat-group_scalar_heat/qu70-s_qu3-batch1.csv
qu70-s_qu3-batch1.csv-3,3,NOT AVAILABLE,NOT AVAILABLE,34e021b9-d47d-4dd4-bc71-ddc5ab813ce2,PROLIFIC,11-Feb-2021 13:57:00,1175,46586,9663579c-860c-474a-9439-b06ce8770fe5,"I think (a/an) chocolate can be cold, but this is rare or uncommon.","I think (a/an) cake can be spicy, but this is rare or uncommon.","I think (a/an) window can be transparent, but this is rare or uncommon.",5_scalar_heat-set_extension_full_range,https://app.prolific.co/submissions/complete?cc=135DD3C8,Agree or disagree (run5_scalar_heat-set_extension_full_range-experiment_scalar-batch1-70-70),409003,a69ebba4-866b-41ec-86ff-fc75007e36f3,2021-02-11 13:57:00,541.406,2021-02-11 12:51:21.531000,2021-02-11 13:00:22.937000,3.0,true,rare,cold,chocolate,../data/prolific_output/run5_scalar_heat-group_scalar_heat/qu70-s_qu3-batch1.csv
qu70-s_qu3-batch1.csv-3,3,NOT AVAILABLE,NOT AVAILABLE,6d3579fa-979b-4f40-8e61-d17b09d60808,PROLIFIC,11-Feb-2021 14:24:16,1175,46586,9663579c-860c-474a-9439-b06ce8770fe5,"I think (a/an) chocolate can be cold, but this is rare or uncommon.","I think (a/an) cake can be spicy, but this is rare or uncommon.","I think (a/an) window can be transparent, but this is rare or uncommon.",5_scalar_heat-set_extension_full_range,https://app.prolific.co/submissions/complete?cc=135DD3C8,Agree or disagree (run5_scalar_heat-set_extension_full_range-experiment_scalar-batch1-70-70),409836,039f36f8-0533-485d-b9a2-03dea977cd83,2021-02-11 14:24:16,1192.435,2021-02-11 13:22:48.051000,2021-02-11 13:42:40.486000,3.0,false,rare,cold,chocolate,../data/prolific_output/run5_scalar_heat-group_scalar_heat/qu70-s_qu3-batch1.csv
qu70-s_qu3-batch1.csv-3,3,NOT AVAILABLE,NOT AVAILABLE,cdbc1fee-804e-441b-89d3-98ac0ac8ce4d,PROLIFIC,11-Feb-2021 13:45:15,1175,46586,9663579c-860c-474a-9439-b06ce8770fe5,"I think (a/an) chocolate can be cold, but this is rare or uncommon.","I think (a/an) cake can be spicy, but this is rare or uncommon.","I think (a/an) window can be transparent, but this is rare or uncommon.",5_scalar_heat-set_extension_full_range,https://app.prolific.co/submissions/complete?cc=135DD3C8,Agree or disagree (run5_scalar_heat-set_extension_full_range-experiment_scalar-batch1-70-70),408693,bbcba0ca-d246-40cd-9ea7-dcf4a51d5312,2021-02-11 13:45:15,397.434,2021-02-11 12:42:36.412000,2021-02-11 12:49:13.846000,3.0,false,rare,cold,chocolate,../data/prolific_output/run5_scalar_heat-group_scalar_heat/qu70-s_qu3-batch1.csv
qu70-s_qu3-batch1.csv-3,3,NOT AVAILABLE,NOT AVAILABLE,3dad7290-5e89-4340-9c49-15454b8ca9bf,PROLIFIC,11-Feb-2021 15:21:14,1175,46586,9663579c-860c-474a-9439-b06ce8770fe5,"I think (a/an) chocolate can be cold, but this is rare or uncommon.","I think (a/an) cake can be spicy, but this is rare or uncommon.","I think (a/an) window can be transparent, but this is rare or uncommon.",5_scalar_heat-set_extension_full_range,https://app.prolific.co/submissions/complete?cc=135DD3C8,Agree or disagree (run5_scalar_heat-set_extension_full_range-experiment_scalar-batch1-70-70),410562,12519ded-3561-40fd-a011-6044f48c5295,2021-02-11 15:21:14,338.556,2021-02-11 14:20:14.112000,2021-02-11 14:25:52.668000,4.0,true,rare,cold,chocolate,../data/prolific_output/run5_scalar_heat-group_scalar_heat/qu70-s_qu3-batch1.csv
qu70-s_qu3-batch1.csv-3,3,NOT AVAILABLE,NOT AVAILABLE,d2716620-0f6b-4985-8f7a-496de72c4edf,PROLIFIC,11-Feb-2021 14:13:49,1175,46587,012b464f-55ff-470e-a78f-2c2e8a4a3a36,``Cold'' is one for the first things which come to mind when I hear ``chocolate' because cold is one of the typical temperatures of (a/an) chocolate'.,``Heavy'' is one for the first things which come to mind when I hear ``rock' because heavy is one of the typical qualities of (a/an) rock'.,``Bright'' is one for the first things which come to mind when I hear ``mug' because bright is one of the typical appearances of (a/an) mug'.,5_scalar_heat-set_extension_full_range,https://app.prolific.co/submissions/complete?cc=135DD3C8,Agree or disagree (run5_scalar_heat-set_extension_full_range-experiment_scalar-batch1-70-70),409483,cb37f64a-1f24-49b4-8137-f42b32ff03f7,2021-02-11 14:13:49,637.11,2021-02-11 13:12:57.882000,2021-02-11 13:23:34.992000,8.0,false,typical_of_concept,cold,chocolate,../data/prolific_output/run5_scalar_heat-group_scalar_heat/qu70-s_qu3-batch1.csv
qu70-s_qu3-batch1.csv-3,3,NOT AVAILABLE,NOT AVAILABLE,dac5112b-e90f-43d3-81c2-3642f5b6e2f9,PROLIFIC,11-Feb-2021 14:09:34,1175,46587,012b464f-55ff-470e-a78f-2c2e8a4a3a36,``Cold'' is one for the first things which come to mind when I hear ``chocolate' because cold is one of the typical temperatures of (a/an) chocolate'.,``Heavy'' is one for the first things which come to mind when I hear ``rock' because heavy is one of the typical qualities of (a/an) rock'.,``Bright'' is one for the first things which come to mind when I hear ``mug' because bright is one of the typical appearances of (a/an) mug'.,5_scalar_heat-set_extension_full_range,https://app.prolific.co/submissions/complete?cc=135DD3C8,Agree or disagree (run5_scalar_heat-set_extension_full_range-experiment_scalar-batch1-70-70),409338,19ee3897-b10d-4672-bd10-0346c40514d9,2021-02-11 14:09:34,432.345,2021-02-11 13:06:47.662000,2021-02-11 13:14:00.007000,2.0,false,typical_of_concept,cold,chocolate,../data/prolific_output/run5_scalar_heat-group_scalar_heat/qu70-s_qu3-batch1.csv
qu70-s_qu3-batch1.csv-3,3,NOT AVAILABLE,NOT AVAILABLE,c86c92f5-934b-4073-b69b-aa1a3a830dc3,PROLIFIC,11-Feb-2021 14:23:47,1175,46587,012b464f-55ff-470e-a78f-2c2e8a4a3a36,``Cold'' is one for the first things which come to mind when I hear ``chocolate' because cold is one of the typical temperatures of (a/an) chocolate'.,``Heavy'' is one for the first things which come to mind when I hear ``rock' because heavy is one of the typical qualities of (a/an) rock'.,``Bright'' is one for the first things which come to mind when I hear ``mug' because bright is one of the typical appearances of (a/an) mug'.,5_scalar_heat-set_extension_full_range,https://app.prolific.co/submissions/complete?cc=135DD3C8,Agree or disagree (run5_scalar_heat-set_extension_full_range-experiment_scalar-batch1-70-70),409828,16b24fa8-592a-46c1-b85d-6d58ff615d33,2021-02-11 14:23:47,1299.53,2021-02-11 13:03:43.109000,2021-02-11 13:25:22.639000,6.0,false,typical_of_concept,cold,chocolate,../data/prolific_output/run5_scalar_heat-group_scalar_heat/qu70-s_qu3-batch1.csv
qu70-s_qu3-batch1.csv-3,3,NOT AVAILABLE,NOT AVAILABLE,965f4ff2-bcc0-4ec5-91f4-5904025dc272,PROLIFIC,11-Feb-2021 14:54:44,1175,46587,012b464f-55ff-470e-a78f-2c2e8a4a3a36,``Cold'' is one for the first things which come to mind when I hear ``chocolate' because cold is one of the typical temperatures of (a/an) chocolate'.,``Heavy'' is one for the first things which come to mind when I hear ``rock' because heavy is one of the typical qualities of (a/an) rock'.,``Bright'' is one for the first things which come to mind when I hear ``mug' because bright is one of the typical appearances of (a/an) mug'.,5_scalar_heat-set_extension_full_range,https://app.prolific.co/submissions/complete?cc=135DD3C8,Agree or disagree (run5_scalar_heat-set_extension_full_range-experiment_scalar-batch1-70-70),410332,704ec8db-6d25-47b5-9074-7ce604078093,2021-02-11 14:54:44,285.593,2021-02-11 13:50:20.301000,2021-02-11 13:55:05.894000,3.0,false,typical_of_concept,cold,chocolate,../data/prolific_output/run5_scalar_heat-group_scalar_heat/qu70-s_qu3-batch1.csv
qu70-s_qu3-batch1.csv-3,3,NOT AVAILABLE,NOT AVAILABLE,34e021b9-d47d-4dd4-bc71-ddc5ab813ce2,PROLIFIC,11-Feb-2021 13:58:03,1175,46587,012b464f-55ff-470e-a78f-2c2e8a4a3a36,``Cold'' is one for the first things which come to mind when I hear ``chocolate' because cold is one of the typical temperatures of (a/an) chocolate'.,``Heavy'' is one for the first things which come to mind when I hear ``rock' because heavy is one of the typical qualities of (a/an) rock'.,``Bright'' is one for the first things which come to mind when I hear ``mug' because bright is one of the typical appearances of (a/an) mug'.,5_scalar_heat-set_extension_full_range,https://app.prolific.co/submissions/complete?cc=135DD3C8,Agree or disagree (run5_scalar_heat-set_extension_full_range-experiment_scalar-batch1-70-70),409055,9feb542b-7af2-4159-8e31-0311a5b26be0,2021-02-11 13:58:03,541.406,2021-02-11 12:51:21.531000,2021-02-11 13:00:22.937000,6.0,false,typical_of_concept,cold,chocolate,../data/prolific_output/run5_scalar_heat-group_scalar_heat/qu70-s_qu3-batch1.csv
qu70-s_qu3-batch1.csv-3,3,NOT AVAILABLE,NOT AVAILABLE,6d3579fa-979b-4f40-8e61-d17b09d60808,PROLIFIC,11-Feb-2021 14:31:54,1175,46587,012b464f-55ff-470e-a78f-2c2e8a4a3a36,``Cold'' is one for the first things which come to mind when I hear ``chocolate' because cold is one of the typical temperatures of (a/an) chocolate'.,``Heavy'' is one for the first things which come to mind when I hear ``rock' because heavy is one of the typical qualities of (a/an) rock'.,``Bright'' is one for the first things which come to mind when I hear ``mug' because bright is one of the typical appearances of (a/an) mug'.,5_scalar_heat-set_extension_full_range,https://app.prolific.co/submissions/complete?cc=135DD3C8,Agree or disagree (run5_scalar_heat-set_extension_full_range-experiment_scalar-batch1-70-70),409960,7aeb2f40-72f3-4d54-9705-f7500821445f,2021-02-11 14:31:54,1192.435,2021-02-11 13:22:48.051000,2021-02-11 13:42:40.486000,4.0,false,typical_of_concept,cold,chocolate,../data/prolific_output/run5_scalar_heat-group_scalar_heat/qu70-s_qu3-batch1.csv
qu70-s_qu3-batch1.csv-3,3,NOT AVAILABLE,NOT AVAILABLE,cdbc1fee-804e-441b-89d3-98ac0ac8ce4d,PROLIFIC,11-Feb-2021 13:48:50,1175,46587,012b464f-55ff-470e-a78f-2c2e8a4a3a36,``Cold'' is one for the first things which come to mind when I hear ``chocolate' because cold is one of the typical temperatures of (a/an) chocolate'.,``Heavy'' is one for the first things which come to mind when I hear ``rock' because heavy is one of the typical qualities of (a/an) rock'.,``Bright'' is one for the first things which come to mind when I hear ``mug' because bright is one of the typical appearances of (a/an) mug'.,5_scalar_heat-set_extension_full_range,https://app.prolific.co/submissions/complete?cc=135DD3C8,Agree or disagree (run5_scalar_heat-set_extension_full_range-experiment_scalar-batch1-70-70),408745,d19b2350-2480-4681-92c8-2e088fbce153,2021-02-11 13:48:50,397.434,2021-02-11 12:42:36.412000,2021-02-11 12:49:13.846000,3.0,false,typical_of_concept,cold,chocolate,../data/prolific_output/run5_scalar_heat-group_scalar_heat/qu70-s_qu3-batch1.csv
qu70-s_qu3-batch1.csv-3,3,NOT AVAILABLE,NOT AVAILABLE,3dad7290-5e89-4340-9c49-15454b8ca9bf,PROLIFIC,11-Feb-2021 15:22:50,1175,46587,012b464f-55ff-470e-a78f-2c2e8a4a3a36,``Cold'' is one for the first things which come to mind when I hear ``chocolate' because cold is one of the typical temperatures of (a/an) chocolate'.,``Heavy'' is one for the first things which come to mind when I hear ``rock' because heavy is one of the typical qualities of (a/an) rock'.,``Bright'' is one for the first things which come to mind when I hear ``mug' because bright is one of the typical appearances of (a/an) mug'.,5_scalar_heat-set_extension_full_range,https://app.prolific.co/submissions/complete?cc=135DD3C8,Agree or disagree (run5_scalar_heat-set_extension_full_range-experiment_scalar-batch1-70-70),410577,a94b3386-2408-4c4c-938b-7a34ae7c0404,2021-02-11 15:22:50,338.556,2021-02-11 14:20:14.112000,2021-02-11 14:25:52.668000,3.0,false,typical_of_concept,cold,chocolate,../data/prolific_output/run5_scalar_heat-group_scalar_heat/qu70-s_qu3-batch1.csv
qu70-s_qu3-batch1.csv-3,3,NOT AVAILABLE,NOT AVAILABLE,d2716620-0f6b-4985-8f7a-496de72c4edf,PROLIFIC,11-Feb-2021 14:22:45,1175,46588,be7b2f41-2bf0-418f-8ef9-376756204d89,"Usually, (a/an) chocolate is not cold, but there could be a highly unusual situation in which (a/an) chocolate is cold.","Usually, (a/an) table is not furry, but there could be a highly unusual situation in which (a/an) table is furry.","Usually, (a/an) cat is not furry, but there could be a highly unusual situation in which (a/an) cat is furry.",5_scalar_heat-set_extension_full_range,https://app.prolific.co/submissions/complete?cc=135DD3C8,Agree or disagree (run5_scalar_heat-set_extension_full_range-experiment_scalar-batch1-70-70),409810,741d6d29-ed0a-4c54-8249-ac24820b820e,2021-02-11 14:22:45,637.11,2021-02-11 13:12:57.882000,2021-02-11 13:23:34.992000,7.0,false,unusual,cold,chocolate,../data/prolific_output/run5_scalar_heat-group_scalar_heat/qu70-s_qu3-batch1.csv
qu70-s_qu3-batch1.csv-3,3,NOT AVAILABLE,NOT AVAILABLE,dac5112b-e90f-43d3-81c2-3642f5b6e2f9,PROLIFIC,11-Feb-2021 14:09:49,1175,46588,be7b2f41-2bf0-418f-8ef9-376756204d89,"Usually, (a/an) chocolate is not cold, but there could be a highly unusual situation in which (a/an) chocolate is cold.","Usually, (a/an) table is not furry, but there could be a highly unusual situation in which (a/an) table is furry.","Usually, (a/an) cat is not furry, but there could be a highly unusual situation in which (a/an) cat is furry.",5_scalar_heat-set_extension_full_range,https://app.prolific.co/submissions/complete?cc=135DD3C8,Agree or disagree (run5_scalar_heat-set_extension_full_range-experiment_scalar-batch1-70-70),409354,4308f9bf-bbea-4e05-a021-81dda101b073,2021-02-11 14:09:49,432.345,2021-02-11 13:06:47.662000,2021-02-11 13:14:00.007000,2.0,false,unusual,cold,chocolate,../data/prolific_output/run5_scalar_heat-group_scalar_heat/qu70-s_qu3-batch1.csv
qu70-s_qu3-batch1.csv-3,3,NOT AVAILABLE,NOT AVAILABLE,c86c92f5-934b-4073-b69b-aa1a3a830dc3,PROLIFIC,11-Feb-2021 14:09:36,1175,46588,be7b2f41-2bf0-418f-8ef9-376756204d89,"Usually, (a/an) chocolate is not cold, but there could be a highly unusual situation in which (a/an) chocolate is cold.","Usually, (a/an) table is not furry, but there could be a highly unusual situation in which (a/an) table is furry.","Usually, (a/an) cat is not furry, but there could be a highly unusual situation in which (a/an) cat is furry.",5_scalar_heat-set_extension_full_range,https://app.prolific.co/submissions/complete?cc=135DD3C8,Agree or disagree (run5_scalar_heat-set_extension_full_range-experiment_scalar-batch1-70-70),409339,9c3a72c3-60f8-40db-9679-ddae2bcb779a,2021-02-11 14:09:36,1299.53,2021-02-11 13:03:43.109000,2021-02-11 13:25:22.639000,9.0,false,unusual,cold,chocolate,../data/prolific_output/run5_scalar_heat-group_scalar_heat/qu70-s_qu3-batch1.csv
qu70-s_qu3-batch1.csv-3,3,NOT AVAILABLE,NOT AVAILABLE,965f4ff2-bcc0-4ec5-91f4-5904025dc272,PROLIFIC,11-Feb-2021 14:52:14,1175,46588,be7b2f41-2bf0-418f-8ef9-376756204d89,"Usually, (a/an) chocolate is not cold, but there could be a highly unusual situation in which (a/an) chocolate is cold.","Usually, (a/an) table is not furry, but there could be a highly unusual situation in which (a/an) table is furry.","Usually, (a/an) cat is not furry, but there could be a highly unusual situation in which (a/an) cat is furry.",5_scalar_heat-set_extension_full_range,https://app.prolific.co/submissions/complete?cc=135DD3C8,Agree or disagree (run5_scalar_heat-set_extension_full_range-experiment_scalar-batch1-70-70),410254,2f774955-2cbb-4f52-a64b-9542c3e0bde7,2021-02-11 14:52:14,285.593,2021-02-11 13:50:20.301000,2021-02-11 13:55:05.894000,2.0,true,unusual,cold,chocolate,../data/prolific_output/run5_scalar_heat-group_scalar_heat/qu70-s_qu3-batch1.csv
qu70-s_qu3-batch1.csv-3,3,NOT AVAILABLE,NOT AVAILABLE,34e021b9-d47d-4dd4-bc71-ddc5ab813ce2,PROLIFIC,11-Feb-2021 13:54:44,1175,46588,be7b2f41-2bf0-418f-8ef9-376756204d89,"Usually, (a/an) chocolate is not cold, but there could be a highly unusual situation in which (a/an) chocolate is cold.","Usually, (a/an) table is not furry, but there could be a highly unusual situation in which (a/an) table is furry.","Usually, (a/an) cat is not furry, but there could be a highly unusual situation in which (a/an) cat is furry.",5_scalar_heat-set_extension_full_range,https://app.prolific.co/submissions/complete?cc=135DD3C8,Agree or disagree (run5_scalar_heat-set_extension_full_range-experiment_scalar-batch1-70-70),408917,5c9d1cd2-c88e-4a0f-87a8-1b612a99ffba,2021-02-11 13:54:44,541.406,2021-02-11 12:51:21.531000,2021-02-11 13:00:22.937000,8.0,true,unusual,cold,chocolate,../data/prolific_output/run5_scalar_heat-group_scalar_heat/qu70-s_qu3-batch1.csv
qu70-s_qu3-batch1.csv-3,3,NOT AVAILABLE,NOT AVAILABLE,6d3579fa-979b-4f40-8e61-d17b09d60808,PROLIFIC,11-Feb-2021 14:37:09,1175,46588,be7b2f41-2bf0-418f-8ef9-376756204d89,"Usually, (a/an) chocolate is not cold, but there could be a highly unusual situation in which (a/an) chocolate is cold.","Usually, (a/an) table is not furry, but there could be a highly unusual situation in which (a/an) table is furry.","Usually, (a/an) cat is not furry, but there could be a highly unusual situation in which (a/an) cat is furry.",5_scalar_heat-set_extension_full_range,https://app.prolific.co/submissions/complete?cc=135DD3C8,Agree or disagree (run5_scalar_heat-set_extension_full_range-experiment_scalar-batch1-70-70),410060,528a1004-9c8b-4805-afce-1efd379e823f,2021-02-11 14:37:09,1192.435,2021-02-11 13:22:48.051000,2021-02-11 13:42:40.486000,106.0,true,unusual,cold,chocolate,../data/prolific_output/run5_scalar_heat-group_scalar_heat/qu70-s_qu3-batch1.csv
qu70-s_qu3-batch1.csv-3,3,NOT AVAILABLE,NOT AVAILABLE,cdbc1fee-804e-441b-89d3-98ac0ac8ce4d,PROLIFIC,11-Feb-2021 13:44:46,1175,46588,be7b2f41-2bf0-418f-8ef9-376756204d89,"Usually, (a/an) chocolate is not cold, but there could be a highly unusual situation in which (a/an) chocolate is cold.","Usually, (a/an) table is not furry, but there could be a highly unusual situation in which (a/an) table is furry.","Usually, (a/an) cat is not furry, but there could be a highly unusual situation in which (a/an) cat is furry.",5_scalar_heat-set_extension_full_range,https://app.prolific.co/submissions/complete?cc=135DD3C8,Agree or disagree (run5_scalar_heat-set_extension_full_range-experiment_scalar-batch1-70-70),408682,add4532a-733e-4390-9b82-b489b3ae0f3c,2021-02-11 13:44:46,397.434,2021-02-11 12:42:36.412000,2021-02-11 12:49:13.846000,5.0,false,unusual,cold,chocolate,../data/prolific_output/run5_scalar_heat-group_scalar_heat/qu70-s_qu3-batch1.csv
qu70-s_qu3-batch1.csv-3,3,NOT AVAILABLE,NOT AVAILABLE,3dad7290-5e89-4340-9c49-15454b8ca9bf,PROLIFIC,11-Feb-2021 15:25:04,1175,46588,be7b2f41-2bf0-418f-8ef9-376756204d89,"Usually, (a/an) chocolate is not cold, but there could be a highly unusual situation in which (a/an) chocolate is cold.","Usually, (a/an) table is not furry, but there could be a highly unusual situation in which (a/an) table is furry.","Usually, (a/an) cat is not furry, but there could be a highly unusual situation in which (a/an) cat is furry.",5_scalar_heat-set_extension_full_range,https://app.prolific.co/submissions/complete?cc=135DD3C8,Agree or disagree (run5_scalar_heat-set_extension_full_range-experiment_scalar-batch1-70-70),410607,73b95f09-aca0-4d99-9e64-c381fabcccc6,2021-02-11 15:25:04,338.556,2021-02-11 14:20:14.112000,2021-02-11 14:25:52.668000,7.0,true,unusual,cold,chocolate,../data/prolific_output/run5_scalar_heat-group_scalar_heat/qu70-s_qu3-batch1.csv
qu70-s_qu3-batch1.csv-3,3,NOT AVAILABLE,NOT AVAILABLE,d2716620-0f6b-4985-8f7a-496de72c4edf,PROLIFIC,11-Feb-2021 14:14:47,1175,46589,45809195-9f24-4f16-86a9-e6c7da51bf67,You can find (a/an) chocolate which is cold. (A/an) chocolate is usually either cold or not cold. It cannot be a bit more or less cold.,You can find (a/an) substance which is liquid. (A/an) substance is usually either liquid or not liquid. It cannot be a bit more or less liquid.,You can find (a/an) knife which is sharp. (A/an) knife is usually either sharp or not sharp. It cannot be a bit more or less sharp.,5_scalar_heat-set_extension_full_range,https://app.prolific.co/submissions/complete?cc=135DD3C8,Agree or disagree (run5_scalar_heat-set_extension_full_range-experiment_scalar-batch1-70-70),409521,2d839573-8075-43b5-a0e2-de89fab7ba0c,2021-02-11 14:14:47,637.11,2021-02-11 13:12:57.882000,2021-02-11 13:23:34.992000,16.0,true,variability_limited,cold,chocolate,../data/prolific_output/run5_scalar_heat-group_scalar_heat/qu70-s_qu3-batch1.csv
qu70-s_qu3-batch1.csv-3,3,NOT AVAILABLE,NOT AVAILABLE,dac5112b-e90f-43d3-81c2-3642f5b6e2f9,PROLIFIC,11-Feb-2021 14:09:38,1175,46589,45809195-9f24-4f16-86a9-e6c7da51bf67,You can find (a/an) chocolate which is cold. (A/an) chocolate is usually either cold or not cold. It cannot be a bit more or less cold.,You can find (a/an) substance which is liquid. (A/an) substance is usually either liquid or not liquid. It cannot be a bit more or less liquid.,You can find (a/an) knife which is sharp. (A/an) knife is usually either sharp or not sharp. It cannot be a bit more or less sharp.,5_scalar_heat-set_extension_full_range,https://app.prolific.co/submissions/complete?cc=135DD3C8,Agree or disagree (run5_scalar_heat-set_extension_full_range-experiment_scalar-batch1-70-70),409342,58fc6391-1400-406e-991e-846ce69342b8,2021-02-11 14:09:38,432.345,2021-02-11 13:06:47.662000,2021-02-11 13:14:00.007000,4.0,false,variability_limited,cold,chocolate,../data/prolific_output/run5_scalar_heat-group_scalar_heat/qu70-s_qu3-batch1.csv
qu70-s_qu3-batch1.csv-3,3,NOT AVAILABLE,NOT AVAILABLE,c86c92f5-934b-4073-b69b-aa1a3a830dc3,PROLIFIC,11-Feb-2021 14:17:05,1175,46589,45809195-9f24-4f16-86a9-e6c7da51bf67,You can find (a/an) chocolate which is cold. (A/an) chocolate is usually either cold or not cold. It cannot be a bit more or less cold.,You can find (a/an) substance which is liquid. (A/an) substance is usually either liquid or not liquid. It cannot be a bit more or less liquid.,You can find (a/an) knife which is sharp. (A/an) knife is usually either sharp or not sharp. It cannot be a bit more or less sharp.,5_scalar_heat-set_extension_full_range,https://app.prolific.co/submissions/complete?cc=135DD3C8,Agree or disagree (run5_scalar_heat-set_extension_full_range-experiment_scalar-batch1-70-70),409640,4fc491bc-9a03-4f0b-96e6-5f7e785a8e43,2021-02-11 14:17:05,1299.53,2021-02-11 13:03:43.109000,2021-02-11 13:25:22.639000,81.0,false,variability_limited,cold,chocolate,../data/prolific_output/run5_scalar_heat-group_scalar_heat/qu70-s_qu3-batch1.csv
qu70-s_qu3-batch1.csv-3,3,NOT AVAILABLE,NOT AVAILABLE,965f4ff2-bcc0-4ec5-91f4-5904025dc272,PROLIFIC,11-Feb-2021 14:55:00,1175,46589,45809195-9f24-4f16-86a9-e6c7da51bf67,You can find (a/an) chocolate which is cold. (A/an) chocolate is usually either cold or not cold. It cannot be a bit more or less cold.,You can find (a/an) substance which is liquid. (A/an) substance is usually either liquid or not liquid. It cannot be a bit more or less liquid.,You can find (a/an) knife which is sharp. (A/an) knife is usually either sharp or not sharp. It cannot be a bit more or less sharp.,5_scalar_heat-set_extension_full_range,https://app.prolific.co/submissions/complete?cc=135DD3C8,Agree or disagree (run5_scalar_heat-set_extension_full_range-experiment_scalar-batch1-70-70),410347,0694020f-4b03-4b40-a375-026d6d149bb4,2021-02-11 14:55:00,285.593,2021-02-11 13:50:20.301000,2021-02-11 13:55:05.894000,2.0,false,variability_limited,cold,chocolate,../data/prolific_output/run5_scalar_heat-group_scalar_heat/qu70-s_qu3-batch1.csv
qu70-s_qu3-batch1.csv-3,3,NOT AVAILABLE,NOT AVAILABLE,34e021b9-d47d-4dd4-bc71-ddc5ab813ce2,PROLIFIC,11-Feb-2021 13:54:49,1175,46589,45809195-9f24-4f16-86a9-e6c7da51bf67,You can find (a/an) chocolate which is cold. (A/an) chocolate is usually either cold or not cold. It cannot be a bit more or less cold.,You can find (a/an) substance which is liquid. (A/an) substance is usually either liquid or not liquid. It cannot be a bit more or less liquid.,You can find (a/an) knife which is sharp. (A/an) knife is usually either sharp or not sharp. It cannot be a bit more or less sharp.,5_scalar_heat-set_extension_full_range,https://app.prolific.co/submissions/complete?cc=135DD3C8,Agree or disagree (run5_scalar_heat-set_extension_full_range-experiment_scalar-batch1-70-70),408920,07944e62-3b4f-488c-bbbb-2787d84e2516,2021-02-11 13:54:49,541.406,2021-02-11 12:51:21.531000,2021-02-11 13:00:22.937000,5.0,false,variability_limited,cold,chocolate,../data/prolific_output/run5_scalar_heat-group_scalar_heat/qu70-s_qu3-batch1.csv
qu70-s_qu3-batch1.csv-3,3,NOT AVAILABLE,NOT AVAILABLE,6d3579fa-979b-4f40-8e61-d17b09d60808,PROLIFIC,11-Feb-2021 14:41:24,1175,46589,45809195-9f24-4f16-86a9-e6c7da51bf67,You can find (a/an) chocolate which is cold. (A/an) chocolate is usually either cold or not cold. It cannot be a bit more or less cold.,You can find (a/an) substance which is liquid. (A/an) substance is usually either liquid or not liquid. It cannot be a bit more or less liquid.,You can find (a/an) knife which is sharp. (A/an) knife is usually either sharp or not sharp. It cannot be a bit more or less sharp.,5_scalar_heat-set_extension_full_range,https://app.prolific.co/submissions/complete?cc=135DD3C8,Agree or disagree (run5_scalar_heat-set_extension_full_range-experiment_scalar-batch1-70-70),410114,efe21497-be6a-4b65-bb47-75f32d437c78,2021-02-11 14:41:24,1192.435,2021-02-11 13:22:48.051000,2021-02-11 13:42:40.486000,4.0,false,variability_limited,cold,chocolate,../data/prolific_output/run5_scalar_heat-group_scalar_heat/qu70-s_qu3-batch1.csv
qu70-s_qu3-batch1.csv-3,3,NOT AVAILABLE,NOT AVAILABLE,cdbc1fee-804e-441b-89d3-98ac0ac8ce4d,PROLIFIC,11-Feb-2021 13:45:35,1175,46589,45809195-9f24-4f16-86a9-e6c7da51bf67,You can find (a/an) chocolate which is cold. (A/an) chocolate is usually either cold or not cold. It cannot be a bit more or less cold.,You can find (a/an) substance which is liquid. (A/an) substance is usually either liquid or not liquid. It cannot be a bit more or less liquid.,You can find (a/an) knife which is sharp. (A/an) knife is usually either sharp or not sharp. It cannot be a bit more or less sharp.,5_scalar_heat-set_extension_full_range,https://app.prolific.co/submissions/complete?cc=135DD3C8,Agree or disagree (run5_scalar_heat-set_extension_full_range-experiment_scalar-batch1-70-70),408698,12f0af66-175a-4121-a678-af7ff34300b5,2021-02-11 13:45:35,397.434,2021-02-11 12:42:36.412000,2021-02-11 12:49:13.846000,6.0,false,variability_limited,cold,chocolate,../data/prolific_output/run5_scalar_heat-group_scalar_heat/qu70-s_qu3-batch1.csv
qu70-s_qu3-batch1.csv-3,3,NOT AVAILABLE,NOT AVAILABLE,3dad7290-5e89-4340-9c49-15454b8ca9bf,PROLIFIC,11-Feb-2021 15:25:22,1175,46589,45809195-9f24-4f16-86a9-e6c7da51bf67,You can find (a/an) chocolate which is cold. (A/an) chocolate is usually either cold or not cold. It cannot be a bit more or less cold.,You can find (a/an) substance which is liquid. (A/an) substance is usually either liquid or not liquid. It cannot be a bit more or less liquid.,You can find (a/an) knife which is sharp. (A/an) knife is usually either sharp or not sharp. It cannot be a bit more or less sharp.,5_scalar_heat-set_extension_full_range,https://app.prolific.co/submissions/complete?cc=135DD3C8,Agree or disagree (run5_scalar_heat-set_extension_full_range-experiment_scalar-batch1-70-70),410612,b61a7eb7-89cd-4324-9346-fa81a4bd39eb,2021-02-11 15:25:22,338.556,2021-02-11 14:20:14.112000,2021-02-11 14:25:52.668000,5.0,false,variability_limited,cold,chocolate,../data/prolific_output/run5_scalar_heat-group_scalar_heat/qu70-s_qu3-batch1.csv
qu70-s_qu3-batch1.csv-3,3,NOT AVAILABLE,NOT AVAILABLE,d2716620-0f6b-4985-8f7a-496de72c4edf,PROLIFIC,11-Feb-2021 14:20:05,1175,46590,867dfd02-09e4-477d-8f86-cb4652bceb9b,"I could say (a/an) chocolate is cold, but I would most certainly not mean it literally.","I could say (a/an) anger is hot, but I would most certainly not mean it literally.
I could say (a/an) person is cold, but I would most certainly not mean it literally.
I could say (a/an) story is dark, but I would most certainly not mean it literally.","I could say (a/an) fire is hot, but I would most certainly not mean it literally.
I could say (a/an) stone is heavy, but I would most certainly not mean it literally.
I could say (a/an) argument is liquid, but I would most certainly not mean it literally.",5_scalar_heat-set_extension_full_range,https://app.prolific.co/submissions/complete?cc=135DD3C8,Agree or disagree (run5_scalar_heat-set_extension_full_range-experiment_scalar-batch1-70-70),409771,e3ec891c-3841-4ab6-a1fe-40fa20ff3d04,2021-02-11 14:20:05,637.11,2021-02-11 13:12:57.882000,2021-02-11 13:23:34.992000,6.0,false,creative,cold,chocolate,../data/prolific_output/run5_scalar_heat-group_scalar_heat/qu70-s_qu3-batch1.csv
qu70-s_qu3-batch1.csv-3,3,NOT AVAILABLE,NOT AVAILABLE,dac5112b-e90f-43d3-81c2-3642f5b6e2f9,PROLIFIC,11-Feb-2021 14:10:04,1175,46590,867dfd02-09e4-477d-8f86-cb4652bceb9b,"I could say (a/an) chocolate is cold, but I would most certainly not mean it literally.","I could say (a/an) anger is hot, but I would most certainly not mean it literally.
I could say (a/an) person is cold, but I would most certainly not mean it literally.
I could say (a/an) story is dark, but I would most certainly not mean it literally.","I could say (a/an) fire is hot, but I would most certainly not mean it literally.
I could say (a/an) stone is heavy, but I would most certainly not mean it literally.
I could say (a/an) argument is liquid, but I would most certainly not mean it literally.",5_scalar_heat-set_extension_full_range,https://app.prolific.co/submissions/complete?cc=135DD3C8,Agree or disagree (run5_scalar_heat-set_extension_full_range-experiment_scalar-batch1-70-70),409360,305313a0-db1d-4fa4-b487-a7964bab7edc,2021-02-11 14:10:04,432.345,2021-02-11 13:06:47.662000,2021-02-11 13:14:00.007000,2.0,false,creative,cold,chocolate,../data/prolific_output/run5_scalar_heat-group_scalar_heat/qu70-s_qu3-batch1.csv
qu70-s_qu3-batch1.csv-3,3,NOT AVAILABLE,NOT AVAILABLE,c86c92f5-934b-4073-b69b-aa1a3a830dc3,PROLIFIC,11-Feb-2021 14:12:35,1175,46590,867dfd02-09e4-477d-8f86-cb4652bceb9b,"I could say (a/an) chocolate is cold, but I would most certainly not mean it literally.","I could say (a/an) anger is hot, but I would most certainly not mean it literally.
I could say (a/an) person is cold, but I would most certainly not mean it literally.
I could say (a/an) story is dark, but I would most certainly not mean it literally.","I could say (a/an) fire is hot, but I would most certainly not mean it literally.
I could say (a/an) stone is heavy, but I would most certainly not mean it literally.
I could say (a/an) argument is liquid, but I would most certainly not mean it literally.",5_scalar_heat-set_extension_full_range,https://app.prolific.co/submissions/complete?cc=135DD3C8,Agree or disagree (run5_scalar_heat-set_extension_full_range-experiment_scalar-batch1-70-70),409446,33016c91-29b9-4ce1-bce7-2d4b9f9e9c78,2021-02-11 14:12:35,1299.53,2021-02-11 13:03:43.109000,2021-02-11 13:25:22.639000,49.0,false,creative,cold,chocolate,../data/prolific_output/run5_scalar_heat-group_scalar_heat/qu70-s_qu3-batch1.csv
qu70-s_qu3-batch1.csv-3,3,NOT AVAILABLE,NOT AVAILABLE,965f4ff2-bcc0-4ec5-91f4-5904025dc272,PROLIFIC,11-Feb-2021 14:54:09,1175,46590,867dfd02-09e4-477d-8f86-cb4652bceb9b,"I could say (a/an) chocolate is cold, but I would most certainly not mean it literally.","I could say (a/an) anger is hot, but I would most certainly not mean it literally.
I could say (a/an) person is cold, but I would most certainly not mean it literally.
I could say (a/an) story is dark, but I would most certainly not mean it literally.","I could say (a/an) fire is hot, but I would most certainly not mean it literally.
I could say (a/an) stone is heavy, but I would most certainly not mean it literally.
I could say (a/an) argument is liquid, but I would most certainly not mean it literally.",5_scalar_heat-set_extension_full_range,https://app.prolific.co/submissions/complete?cc=135DD3C8,Agree or disagree (run5_scalar_heat-set_extension_full_range-experiment_scalar-batch1-70-70),410304,c9510c2f-7635-4af5-b1d3-2f1012fab33b,2021-02-11 14:54:09,285.593,2021-02-11 13:50:20.301000,2021-02-11 13:55:05.894000,3.0,false,creative,cold,chocolate,../data/prolific_output/run5_scalar_heat-group_scalar_heat/qu70-s_qu3-batch1.csv
qu70-s_qu3-batch1.csv-3,3,NOT AVAILABLE,NOT AVAILABLE,34e021b9-d47d-4dd4-bc71-ddc5ab813ce2,PROLIFIC,11-Feb-2021 13:59:34,1175,46590,867dfd02-09e4-477d-8f86-cb4652bceb9b,"I could say (a/an) chocolate is cold, but I would most certainly not mean it literally.","I could say (a/an) anger is hot, but I would most certainly not mean it literally.
I could say (a/an) person is cold, but I would most certainly not mean it literally.
I could say (a/an) story is dark, but I would most certainly not mean it literally.","I could say (a/an) fire is hot, but I would most certainly not mean it literally.
I could say (a/an) stone is heavy, but I would most certainly not mean it literally.
I could say (a/an) argument is liquid, but I would most certainly not mean it literally.",5_scalar_heat-set_extension_full_range,https://app.prolific.co/submissions/complete?cc=135DD3C8,Agree or disagree (run5_scalar_heat-set_extension_full_range-experiment_scalar-batch1-70-70),409114,cddafb3b-1745-487d-8b85-cee95d8275e1,2021-02-11 13:59:34,541.406,2021-02-11 12:51:21.531000,2021-02-11 13:00:22.937000,5.0,false,creative,cold,chocolate,../data/prolific_output/run5_scalar_heat-group_scalar_heat/qu70-s_qu3-batch1.csv
qu70-s_qu3-batch1.csv-3,3,NOT AVAILABLE,NOT AVAILABLE,6d3579fa-979b-4f40-8e61-d17b09d60808,PROLIFIC,11-Feb-2021 14:31:56,1175,46590,867dfd02-09e4-477d-8f86-cb4652bceb9b,"I could say (a/an) chocolate is cold, but I would most certainly not mean it literally.","I could say (a/an) anger is hot, but I would most certainly not mean it literally.
I could say (a/an) person is cold, but I would most certainly not mean it literally.
I could say (a/an) story is dark, but I would most certainly not mean it literally.","I could say (a/an) fire is hot, but I would most certainly not mean it literally.
I could say (a/an) stone is heavy, but I would most certainly not mean it literally.
I could say (a/an) argument is liquid, but I would most certainly not mean it literally.",5_scalar_heat-set_extension_full_range,https://app.prolific.co/submissions/complete?cc=135DD3C8,Agree or disagree (run5_scalar_heat-set_extension_full_range-experiment_scalar-batch1-70-70),409962,2266e473-626c-490d-897d-b877f7c206f9,2021-02-11 14:31:56,1192.435,2021-02-11 13:22:48.051000,2021-02-11 13:42:40.486000,2.0,false,creative,cold,chocolate,../data/prolific_output/run5_scalar_heat-group_scalar_heat/qu70-s_qu3-batch1.csv
qu70-s_qu3-batch1.csv-3,3,NOT AVAILABLE,NOT AVAILABLE,cdbc1fee-804e-441b-89d3-98ac0ac8ce4d,PROLIFIC,11-Feb-2021 13:44:41,1175,46590,867dfd02-09e4-477d-8f86-cb4652bceb9b,"I could say (a/an) chocolate is cold, but I would most certainly not mean it literally.","I could say (a/an) anger is hot, but I would most certainly not mean it literally.
I could say (a/an) person is cold, but I would most certainly not mean it literally.
I could say (a/an) story is dark, but I would most certainly not mean it literally.","I could say (a/an) fire is hot, but I would most certainly not mean it literally.
I could say (a/an) stone is heavy, but I would most certainly not mean it literally.
I could say (a/an) argument is liquid, but I would most certainly not mean it literally.",5_scalar_heat-set_extension_full_range,https://app.prolific.co/submissions/complete?cc=135DD3C8,Agree or disagree (run5_scalar_heat-set_extension_full_range-experiment_scalar-batch1-70-70),408680,2db67009-5bcf-4652-b277-8c122ee6760e,2021-02-11 13:44:41,397.434,2021-02-11 12:42:36.412000,2021-02-11 12:49:13.846000,3.0,false,creative,cold,chocolate,../data/prolific_output/run5_scalar_heat-group_scalar_heat/qu70-s_qu3-batch1.csv
qu70-s_qu3-batch1.csv-3,3,NOT AVAILABLE,NOT AVAILABLE,3dad7290-5e89-4340-9c49-15454b8ca9bf,PROLIFIC,11-Feb-2021 15:25:44,1175,46590,867dfd02-09e4-477d-8f86-cb4652bceb9b,"I could say (a/an) chocolate is cold, but I would most certainly not mean it literally.","I could say (a/an) anger is hot, but I would most certainly not mean it literally.
I could say (a/an) person is cold, but I would most certainly not mean it literally.
I could say (a/an) story is dark, but I would most certainly not mean it literally.","I could say (a/an) fire is hot, but I would most certainly not mean it literally.
I could say (a/an) stone is heavy, but I would most certainly not mean it literally.
I could say (a/an) argument is liquid, but I would most certainly not mean it literally.",5_scalar_heat-set_extension_full_range,https://app.prolific.co/submissions/complete?cc=135DD3C8,Agree or disagree (run5_scalar_heat-set_extension_full_range-experiment_scalar-batch1-70-70),410618,75816f84-1be7-41c4-bc7d-cfbd73ce4d96,2021-02-11 15:25:44,338.556,2021-02-11 14:20:14.112000,2021-02-11 14:25:52.668000,2.0,false,creative,cold,chocolate,../data/prolific_output/run5_scalar_heat-group_scalar_heat/qu70-s_qu3-batch1.csv
qu70-s_qu3-batch1.csv-3,3,NOT AVAILABLE,NOT AVAILABLE,d2716620-0f6b-4985-8f7a-496de72c4edf,PROLIFIC,11-Feb-2021 14:18:12,1175,46591,ce191169-0cf3-45b5-82da-5c687e08f68f,I know that being cold is necessary for many things (a/an) chocolate does or is used for. ,I know that being pointy is necessary for many things (a/an) needle does or is used for. ,I know that being white is necessary for many things (a/an) t-shirt does or is used for. ,5_scalar_heat-set_extension_full_range,https://app.prolific.co/submissions/complete?cc=135DD3C8,Agree or disagree (run5_scalar_heat-set_extension_full_range-experiment_scalar-batch1-70-70),409694,2eaf0b6a-89a8-4da5-ae51-857d23fa818e,2021-02-11 14:18:12,637.11,2021-02-11 13:12:57.882000,2021-02-11 13:23:34.992000,7.0,true,affording_activity,cold,chocolate,../data/prolific_output/run5_scalar_heat-group_scalar_heat/qu70-s_qu3-batch1.csv
qu70-s_qu3-batch1.csv-3,3,NOT AVAILABLE,NOT AVAILABLE,dac5112b-e90f-43d3-81c2-3642f5b6e2f9,PROLIFIC,11-Feb-2021 14:12:52,1175,46591,ce191169-0cf3-45b5-82da-5c687e08f68f,I know that being cold is necessary for many things (a/an) chocolate does or is used for. ,I know that being pointy is necessary for many things (a/an) needle does or is used for. ,I know that being white is necessary for many things (a/an) t-shirt does or is used for. ,5_scalar_heat-set_extension_full_range,https://app.prolific.co/submissions/complete?cc=135DD3C8,Agree or disagree (run5_scalar_heat-set_extension_full_range-experiment_scalar-batch1-70-70),409459,47256bb3-573c-44d5-9a29-cc722e64dbd6,2021-02-11 14:12:52,432.345,2021-02-11 13:06:47.662000,2021-02-11 13:14:00.007000,2.0,false,affording_activity,cold,chocolate,../data/prolific_output/run5_scalar_heat-group_scalar_heat/qu70-s_qu3-batch1.csv
qu70-s_qu3-batch1.csv-3,3,NOT AVAILABLE,NOT AVAILABLE,c86c92f5-934b-4073-b69b-aa1a3a830dc3,PROLIFIC,11-Feb-2021 14:23:10,1175,46591,ce191169-0cf3-45b5-82da-5c687e08f68f,I know that being cold is necessary for many things (a/an) chocolate does or is used for. ,I know that being pointy is necessary for many things (a/an) needle does or is used for. ,I know that being white is necessary for many things (a/an) t-shirt does or is used for. ,5_scalar_heat-set_extension_full_range,https://app.prolific.co/submissions/complete?cc=135DD3C8,Agree or disagree (run5_scalar_heat-set_extension_full_range-experiment_scalar-batch1-70-70),409817,0ff76846-ded8-4357-b17b-9b0f428a61b0,2021-02-11 14:23:10,1299.53,2021-02-11 13:03:43.109000,2021-02-11 13:25:22.639000,19.0,false,affording_activity,cold,chocolate,../data/prolific_output/run5_scalar_heat-group_scalar_heat/qu70-s_qu3-batch1.csv
qu70-s_qu3-batch1.csv-3,3,NOT AVAILABLE,NOT AVAILABLE,965f4ff2-bcc0-4ec5-91f4-5904025dc272,PROLIFIC,11-Feb-2021 14:54:26,1175,46591,ce191169-0cf3-45b5-82da-5c687e08f68f,I know that being cold is necessary for many things (a/an) chocolate does or is used for. ,I know that being pointy is necessary for many things (a/an) needle does or is used for. ,I know that being white is necessary for many things (a/an) t-shirt does or is used for. ,5_scalar_heat-set_extension_full_range,https://app.prolific.co/submissions/complete?cc=135DD3C8,Agree or disagree (run5_scalar_heat-set_extension_full_range-experiment_scalar-batch1-70-70),410317,7adc13a8-446a-42ae-98b8-6f076a1caf8a,2021-02-11 14:54:26,285.593,2021-02-11 13:50:20.301000,2021-02-11 13:55:05.894000,2.0,false,affording_activity,cold,chocolate,../data/prolific_output/run5_scalar_heat-group_scalar_heat/qu70-s_qu3-batch1.csv
qu70-s_qu3-batch1.csv-3,3,NOT AVAILABLE,NOT AVAILABLE,34e021b9-d47d-4dd4-bc71-ddc5ab813ce2,PROLIFIC,11-Feb-2021 14:00:00,1175,46591,ce191169-0cf3-45b5-82da-5c687e08f68f,I know that being cold is necessary for many things (a/an) chocolate does or is used for. ,I know that being pointy is necessary for many things (a/an) needle does or is used for. ,I know that being white is necessary for many things (a/an) t-shirt does or is used for. ,5_scalar_heat-set_extension_full_range,https://app.prolific.co/submissions/complete?cc=135DD3C8,Agree or disagree (run5_scalar_heat-set_extension_full_range-experiment_scalar-batch1-70-70),409131,8f8a82d6-9436-4443-9553-1cdaa7f828bc,2021-02-11 14:00:00,541.406,2021-02-11 12:51:21.531000,2021-02-11 13:00:22.937000,3.0,false,affording_activity,cold,chocolate,../data/prolific_output/run5_scalar_heat-group_scalar_heat/qu70-s_qu3-batch1.csv
qu70-s_qu3-batch1.csv-3,3,NOT AVAILABLE,NOT AVAILABLE,6d3579fa-979b-4f40-8e61-d17b09d60808,PROLIFIC,11-Feb-2021 14:37:11,1175,46591,ce191169-0cf3-45b5-82da-5c687e08f68f,I know that being cold is necessary for many things (a/an) chocolate does or is used for. ,I know that being pointy is necessary for many things (a/an) needle does or is used for. ,I know that being white is necessary for many things (a/an) t-shirt does or is used for. ,5_scalar_heat-set_extension_full_range,https://app.prolific.co/submissions/complete?cc=135DD3C8,Agree or disagree (run5_scalar_heat-set_extension_full_range-experiment_scalar-batch1-70-70),410061,665dcf2a-f3c1-4de5-b619-3d3b4a1b9544,2021-02-11 14:37:11,1192.435,2021-02-11 13:22:48.051000,2021-02-11 13:42:40.486000,2.0,false,affording_activity,cold,chocolate,../data/prolific_output/run5_scalar_heat-group_scalar_heat/qu70-s_qu3-batch1.csv
qu70-s_qu3-batch1.csv-3,3,NOT AVAILABLE,NOT AVAILABLE,cdbc1fee-804e-441b-89d3-98ac0ac8ce4d,PROLIFIC,11-Feb-2021 13:48:07,1175,46591,ce191169-0cf3-45b5-82da-5c687e08f68f,I know that being cold is necessary for many things (a/an) chocolate does or is used for. ,I know that being pointy is necessary for many things (a/an) needle does or is used for. ,I know that being white is necessary for many things (a/an) t-shirt does or is used for. ,5_scalar_heat-set_extension_full_range,https://app.prolific.co/submissions/complete?cc=135DD3C8,Agree or disagree (run5_scalar_heat-set_extension_full_range-experiment_scalar-batch1-70-70),408731,afd2765e-f3c3-4143-80c0-fabbb3b43d68,2021-02-11 13:48:07,397.434,2021-02-11 12:42:36.412000,2021-02-11 12:49:13.846000,3.0,false,affording_activity,cold,chocolate,../data/prolific_output/run5_scalar_heat-group_scalar_heat/qu70-s_qu3-batch1.csv
qu70-s_qu3-batch1.csv-3,3,NOT AVAILABLE,NOT AVAILABLE,3dad7290-5e89-4340-9c49-15454b8ca9bf,PROLIFIC,11-Feb-2021 15:21:52,1175,46591,ce191169-0cf3-45b5-82da-5c687e08f68f,I know that being cold is necessary for many things (a/an) chocolate does or is used for. ,I know that being pointy is necessary for many things (a/an) needle does or is used for. ,I know that being white is necessary for many things (a/an) t-shirt does or is used for. ,5_scalar_heat-set_extension_full_range,https://app.prolific.co/submissions/complete?cc=135DD3C8,Agree or disagree (run5_scalar_heat-set_extension_full_range-experiment_scalar-batch1-70-70),410566,be35382f-f0cb-41c3-9267-854801aa7329,2021-02-11 15:21:52,338.556,2021-02-11 14:20:14.112000,2021-02-11 14:25:52.668000,3.0,false,affording_activity,cold,chocolate,../data/prolific_output/run5_scalar_heat-group_scalar_heat/qu70-s_qu3-batch1.csv
qu70-s_qu3-batch1.csv-3,3,NOT AVAILABLE,NOT AVAILABLE,d2716620-0f6b-4985-8f7a-496de72c4edf,PROLIFIC,11-Feb-2021 14:20:30,1175,46592,d4f48167-6682-439e-b1d1-b665df67f609,``Chocolate'' is one of the first things which come to mind when I hear ``cold' because (a/an) chocolate is a typical example of things which are cold'. ,``Mouse'' is one of the first things which come to mind when I hear ``small' because (a/an) mouse is a typical example of things which are small'. ,``Dog'' is one of the first things which come to mind when I hear ``small' because (a/an) dog is a typical example of things which are small'. ,5_scalar_heat-set_extension_full_range,https://app.prolific.co/submissions/complete?cc=135DD3C8,Agree or disagree (run5_scalar_heat-set_extension_full_range-experiment_scalar-batch1-70-70),409783,fc3e5430-b94e-44a8-ab55-d5dc08f323b1,2021-02-11 14:20:30,637.11,2021-02-11 13:12:57.882000,2021-02-11 13:23:34.992000,6.0,false,typical_of_property,cold,chocolate,../data/prolific_output/run5_scalar_heat-group_scalar_heat/qu70-s_qu3-batch1.csv
qu70-s_qu3-batch1.csv-3,3,NOT AVAILABLE,NOT AVAILABLE,dac5112b-e90f-43d3-81c2-3642f5b6e2f9,PROLIFIC,11-Feb-2021 14:13:16,1175,46592,d4f48167-6682-439e-b1d1-b665df67f609,``Chocolate'' is one of the first things which come to mind when I hear ``cold' because (a/an) chocolate is a typical example of things which are cold'. ,``Mouse'' is one of the first things which come to mind when I hear ``small' because (a/an) mouse is a typical example of things which are small'. ,``Dog'' is one of the first things which come to mind when I hear ``small' because (a/an) dog is a typical example of things which are small'. ,5_scalar_heat-set_extension_full_range,https://app.prolific.co/submissions/complete?cc=135DD3C8,Agree or disagree (run5_scalar_heat-set_extension_full_range-experiment_scalar-batch1-70-70),409472,c72660d5-0b40-4164-b99b-8fbffd90a499,2021-02-11 14:13:16,432.345,2021-02-11 13:06:47.662000,2021-02-11 13:14:00.007000,2.0,false,typical_of_property,cold,chocolate,../data/prolific_output/run5_scalar_heat-group_scalar_heat/qu70-s_qu3-batch1.csv
qu70-s_qu3-batch1.csv-3,3,NOT AVAILABLE,NOT AVAILABLE,c86c92f5-934b-4073-b69b-aa1a3a830dc3,PROLIFIC,11-Feb-2021 14:22:47,1175,46592,d4f48167-6682-439e-b1d1-b665df67f609,``Chocolate'' is one of the first things which come to mind when I hear ``cold' because (a/an) chocolate is a typical example of things which are cold'. ,``Mouse'' is one of the first things which come to mind when I hear ``small' because (a/an) mouse is a typical example of things which are small'. ,``Dog'' is one of the first things which come to mind when I hear ``small' because (a/an) dog is a typical example of things which are small'. ,5_scalar_heat-set_extension_full_range,https://app.prolific.co/submissions/complete?cc=135DD3C8,Agree or disagree (run5_scalar_heat-set_extension_full_range-experiment_scalar-batch1-70-70),409811,d916391c-7328-4ea9-85ef-a089fec396d7,2021-02-11 14:22:47,1299.53,2021-02-11 13:03:43.109000,2021-02-11 13:25:22.639000,19.0,false,typical_of_property,cold,chocolate,../data/prolific_output/run5_scalar_heat-group_scalar_heat/qu70-s_qu3-batch1.csv
qu70-s_qu3-batch1.csv-3,3,NOT AVAILABLE,NOT AVAILABLE,965f4ff2-bcc0-4ec5-91f4-5904025dc272,PROLIFIC,11-Feb-2021 14:52:01,1175,46592,d4f48167-6682-439e-b1d1-b665df67f609,``Chocolate'' is one of the first things which come to mind when I hear ``cold' because (a/an) chocolate is a typical example of things which are cold'. ,``Mouse'' is one of the first things which come to mind when I hear ``small' because (a/an) mouse is a typical example of things which are small'. ,``Dog'' is one of the first things which come to mind when I hear ``small' because (a/an) dog is a typical example of things which are small'. ,5_scalar_heat-set_extension_full_range,https://app.prolific.co/submissions/complete?cc=135DD3C8,Agree or disagree (run5_scalar_heat-set_extension_full_range-experiment_scalar-batch1-70-70),410249,363d2482-3137-4dce-b0b8-00d8394db034,2021-02-11 14:52:01,285.593,2021-02-11 13:50:20.301000,2021-02-11 13:55:05.894000,2.0,false,typical_of_property,cold,chocolate,../data/prolific_output/run5_scalar_heat-group_scalar_heat/qu70-s_qu3-batch1.csv
qu70-s_qu3-batch1.csv-3,3,NOT AVAILABLE,NOT AVAILABLE,34e021b9-d47d-4dd4-bc71-ddc5ab813ce2,PROLIFIC,11-Feb-2021 13:55:21,1175,46592,d4f48167-6682-439e-b1d1-b665df67f609,``Chocolate'' is one of the first things which come to mind when I hear ``cold' because (a/an) chocolate is a typical example of things which are cold'. ,``Mouse'' is one of the first things which come to mind when I hear ``small' because (a/an) mouse is a typical example of things which are small'. ,``Dog'' is one of the first things which come to mind when I hear ``small' because (a/an) dog is a typical example of things which are small'. ,5_scalar_heat-set_extension_full_range,https://app.prolific.co/submissions/complete?cc=135DD3C8,Agree or disagree (run5_scalar_heat-set_extension_full_range-experiment_scalar-batch1-70-70),408943,06916cda-ee36-4755-8caf-5368ab1a3527,2021-02-11 13:55:21,541.406,2021-02-11 12:51:21.531000,2021-02-11 13:00:22.937000,6.0,false,typical_of_property,cold,chocolate,../data/prolific_output/run5_scalar_heat-group_scalar_heat/qu70-s_qu3-batch1.csv
qu70-s_qu3-batch1.csv-3,3,NOT AVAILABLE,NOT AVAILABLE,6d3579fa-979b-4f40-8e61-d17b09d60808,PROLIFIC,11-Feb-2021 14:41:13,1175,46592,d4f48167-6682-439e-b1d1-b665df67f609,``Chocolate'' is one of the first things which come to mind when I hear ``cold' because (a/an) chocolate is a typical example of things which are cold'. ,``Mouse'' is one of the first things which come to mind when I hear ``small' because (a/an) mouse is a typical example of things which are small'. ,``Dog'' is one of the first things which come to mind when I hear ``small' because (a/an) dog is a typical example of things which are small'. ,5_scalar_heat-set_extension_full_range,https://app.prolific.co/submissions/complete?cc=135DD3C8,Agree or disagree (run5_scalar_heat-set_extension_full_range-experiment_scalar-batch1-70-70),410108,a7177b1a-fd86-48ac-8811-310541dd25bc,2021-02-11 14:41:13,1192.435,2021-02-11 13:22:48.051000,2021-02-11 13:42:40.486000,4.0,false,typical_of_property,cold,chocolate,../data/prolific_output/run5_scalar_heat-group_scalar_heat/qu70-s_qu3-batch1.csv
qu70-s_qu3-batch1.csv-3,3,NOT AVAILABLE,NOT AVAILABLE,cdbc1fee-804e-441b-89d3-98ac0ac8ce4d,PROLIFIC,11-Feb-2021 13:43:58,1175,46592,d4f48167-6682-439e-b1d1-b665df67f609,``Chocolate'' is one of the first things which come to mind when I hear ``cold' because (a/an) chocolate is a typical example of things which are cold'. ,``Mouse'' is one of the first things which come to mind when I hear ``small' because (a/an) mouse is a typical example of things which are small'. ,``Dog'' is one of the first things which come to mind when I hear ``small' because (a/an) dog is a typical example of things which are small'. ,5_scalar_heat-set_extension_full_range,https://app.prolific.co/submissions/complete?cc=135DD3C8,Agree or disagree (run5_scalar_heat-set_extension_full_range-experiment_scalar-batch1-70-70),408661,707db775-7a61-4e2e-a995-4c27af9ab0d4,2021-02-11 13:43:58,397.434,2021-02-11 12:42:36.412000,2021-02-11 12:49:13.846000,3.0,false,typical_of_property,cold,chocolate,../data/prolific_output/run5_scalar_heat-group_scalar_heat/qu70-s_qu3-batch1.csv
qu70-s_qu3-batch1.csv-3,3,NOT AVAILABLE,NOT AVAILABLE,3dad7290-5e89-4340-9c49-15454b8ca9bf,PROLIFIC,11-Feb-2021 15:22:38,1175,46592,d4f48167-6682-439e-b1d1-b665df67f609,``Chocolate'' is one of the first things which come to mind when I hear ``cold' because (a/an) chocolate is a typical example of things which are cold'. ,``Mouse'' is one of the first things which come to mind when I hear ``small' because (a/an) mouse is a typical example of things which are small'. ,``Dog'' is one of the first things which come to mind when I hear ``small' because (a/an) dog is a typical example of things which are small'. ,5_scalar_heat-set_extension_full_range,https://app.prolific.co/submissions/complete?cc=135DD3C8,Agree or disagree (run5_scalar_heat-set_extension_full_range-experiment_scalar-batch1-70-70),410574,59e6f452-7da4-45d5-a0e4-985dccf2993b,2021-02-11 15:22:38,338.556,2021-02-11 14:20:14.112000,2021-02-11 14:25:52.668000,3.0,false,typical_of_property,cold,chocolate,../data/prolific_output/run5_scalar_heat-group_scalar_heat/qu70-s_qu3-batch1.csv
qu70-s_qu3-batch1.csv-3,3,NOT AVAILABLE,NOT AVAILABLE,d2716620-0f6b-4985-8f7a-496de72c4edf,PROLIFIC,11-Feb-2021 14:21:50,1175,46593,44e434e7-f583-4ea0-bb70-146555c73bb6,You can find (a/an) nose which is cold. (A/an) nose is usually either cold or not cold. It cannot be a bit more or less cold.,You can find (a/an) substance which is solid. (A/an) substance is usually either solid or not solid. It cannot be a bit more or less solid.,You can find (a/an) cushion which is soft. (A/an) cushion is usually either soft or not soft. It cannot be a bit more or less soft.,5_scalar_heat-set_extension_full_range,https://app.prolific.co/submissions/complete?cc=135DD3C8,Agree or disagree (run5_scalar_heat-set_extension_full_range-experiment_scalar-batch1-70-70),409801,5c7da231-728c-4d48-ab19-1715708feec2,2021-02-11 14:21:50,637.11,2021-02-11 13:12:57.882000,2021-02-11 13:23:34.992000,11.0,false,variability_limited,cold,nose,../data/prolific_output/run5_scalar_heat-group_scalar_heat/qu70-s_qu3-batch1.csv
qu70-s_qu3-batch1.csv-3,3,NOT AVAILABLE,NOT AVAILABLE,dac5112b-e90f-43d3-81c2-3642f5b6e2f9,PROLIFIC,11-Feb-2021 14:13:14,1175,46593,44e434e7-f583-4ea0-bb70-146555c73bb6,You can find (a/an) nose which is cold. (A/an) nose is usually either cold or not cold. It cannot be a bit more or less cold.,You can find (a/an) substance which is solid. (A/an) substance is usually either solid or not solid. It cannot be a bit more or less solid.,You can find (a/an) cushion which is soft. (A/an) cushion is usually either soft or not soft. It cannot be a bit more or less soft.,5_scalar_heat-set_extension_full_range,https://app.prolific.co/submissions/complete?cc=135DD3C8,Agree or disagree (run5_scalar_heat-set_extension_full_range-experiment_scalar-batch1-70-70),409471,6e0614c9-96e2-4bee-a036-8efa1c2760a7,2021-02-11 14:13:14,432.345,2021-02-11 13:06:47.662000,2021-02-11 13:14:00.007000,3.0,false,variability_limited,cold,nose,../data/prolific_output/run5_scalar_heat-group_scalar_heat/qu70-s_qu3-batch1.csv
qu70-s_qu3-batch1.csv-3,3,NOT AVAILABLE,NOT AVAILABLE,c86c92f5-934b-4073-b69b-aa1a3a830dc3,PROLIFIC,11-Feb-2021 14:25:05,1175,46593,44e434e7-f583-4ea0-bb70-146555c73bb6,You can find (a/an) nose which is cold. (A/an) nose is usually either cold or not cold. It cannot be a bit more or less cold.,You can find (a/an) substance which is solid. (A/an) substance is usually either solid or not solid. It cannot be a bit more or less solid.,You can find (a/an) cushion which is soft. (A/an) cushion is usually either soft or not soft. It cannot be a bit more or less soft.,5_scalar_heat-set_extension_full_range,https://app.prolific.co/submissions/complete?cc=135DD3C8,Agree or disagree (run5_scalar_heat-set_extension_full_range-experiment_scalar-batch1-70-70),409848,95f9d6ae-0b80-43a2-b5b9-cce3bd6c9a14,2021-02-11 14:25:05,1299.53,2021-02-11 13:03:43.109000,2021-02-11 13:25:22.639000,53.0,false,variability_limited,cold,nose,../data/prolific_output/run5_scalar_heat-group_scalar_heat/qu70-s_qu3-batch1.csv
qu70-s_qu3-batch1.csv-3,3,NOT AVAILABLE,NOT AVAILABLE,965f4ff2-bcc0-4ec5-91f4-5904025dc272,PROLIFIC,11-Feb-2021 14:54:15,1175,46593,44e434e7-f583-4ea0-bb70-146555c73bb6,You can find (a/an) nose which is cold. (A/an) nose is usually either cold or not cold. It cannot be a bit more or less cold.,You can find (a/an) substance which is solid. (A/an) substance is usually either solid or not solid. It cannot be a bit more or less solid.,You can find (a/an) cushion which is soft. (A/an) cushion is usually either soft or not soft. It cannot be a bit more or less soft.,5_scalar_heat-set_extension_full_range,https://app.prolific.co/submissions/complete?cc=135DD3C8,Agree or disagree (run5_scalar_heat-set_extension_full_range-experiment_scalar-batch1-70-70),410308,67926f85-563a-473d-9603-960cd91d5daf,2021-02-11 14:54:15,285.593,2021-02-11 13:50:20.301000,2021-02-11 13:55:05.894000,4.0,false,variability_limited,cold,nose,../data/prolific_output/run5_scalar_heat-group_scalar_heat/qu70-s_qu3-batch1.csv
qu70-s_qu3-batch1.csv-3,3,NOT AVAILABLE,NOT AVAILABLE,34e021b9-d47d-4dd4-bc71-ddc5ab813ce2,PROLIFIC,11-Feb-2021 13:55:28,1175,46593,44e434e7-f583-4ea0-bb70-146555c73bb6,You can find (a/an) nose which is cold. (A/an) nose is usually either cold or not cold. It cannot be a bit more or less cold.,You can find (a/an) substance which is solid. (A/an) substance is usually either solid or not solid. It cannot be a bit more or less solid.,You can find (a/an) cushion which is soft. (A/an) cushion is usually either soft or not soft. It cannot be a bit more or less soft.,5_scalar_heat-set_extension_full_range,https://app.prolific.co/submissions/complete?cc=135DD3C8,Agree or disagree (run5_scalar_heat-set_extension_full_range-experiment_scalar-batch1-70-70),408946,db7c886d-8e6d-45bd-ae34-f3467efb213d,2021-02-11 13:55:28,541.406,2021-02-11 12:51:21.531000,2021-02-11 13:00:22.937000,7.0,true,variability_limited,cold,nose,../data/prolific_output/run5_scalar_heat-group_scalar_heat/qu70-s_qu3-batch1.csv
qu70-s_qu3-batch1.csv-3,3,NOT AVAILABLE,NOT AVAILABLE,6d3579fa-979b-4f40-8e61-d17b09d60808,PROLIFIC,11-Feb-2021 14:37:15,1175,46593,44e434e7-f583-4ea0-bb70-146555c73bb6,You can find (a/an) nose which is cold. (A/an) nose is usually either cold or not cold. It cannot be a bit more or less cold.,You can find (a/an) substance which is solid. (A/an) substance is usually either solid or not solid. It cannot be a bit more or less solid.,You can find (a/an) cushion which is soft. (A/an) cushion is usually either soft or not soft. It cannot be a bit more or less soft.,5_scalar_heat-set_extension_full_range,https://app.prolific.co/submissions/complete?cc=135DD3C8,Agree or disagree (run5_scalar_heat-set_extension_full_range-experiment_scalar-batch1-70-70),410062,ef0785bb-1260-431b-9e1e-1ac0c545d31a,2021-02-11 14:37:15,1192.435,2021-02-11 13:22:48.051000,2021-02-11 13:42:40.486000,4.0,false,variability_limited,cold,nose,../data/prolific_output/run5_scalar_heat-group_scalar_heat/qu70-s_qu3-batch1.csv
qu70-s_qu3-batch1.csv-3,3,NOT AVAILABLE,NOT AVAILABLE,cdbc1fee-804e-441b-89d3-98ac0ac8ce4d,PROLIFIC,11-Feb-2021 13:48:32,1175,46593,44e434e7-f583-4ea0-bb70-146555c73bb6,You can find (a/an) nose which is cold. (A/an) nose is usually either cold or not cold. It cannot be a bit more or less cold.,You can find (a/an) substance which is solid. (A/an) substance is usually either solid or not solid. It cannot be a bit more or less solid.,You can find (a/an) cushion which is soft. (A/an) cushion is usually either soft or not soft. It cannot be a bit more or less soft.,5_scalar_heat-set_extension_full_range,https://app.prolific.co/submissions/complete?cc=135DD3C8,Agree or disagree (run5_scalar_heat-set_extension_full_range-experiment_scalar-batch1-70-70),408737,1a664d82-ea68-4cf0-a63a-1cf2a1f4e1fb,2021-02-11 13:48:32,397.434,2021-02-11 12:42:36.412000,2021-02-11 12:49:13.846000,5.0,false,variability_limited,cold,nose,../data/prolific_output/run5_scalar_heat-group_scalar_heat/qu70-s_qu3-batch1.csv
qu70-s_qu3-batch1.csv-3,3,NOT AVAILABLE,NOT AVAILABLE,3dad7290-5e89-4340-9c49-15454b8ca9bf,PROLIFIC,11-Feb-2021 15:20:57,1175,46593,44e434e7-f583-4ea0-bb70-146555c73bb6,You can find (a/an) nose which is cold. (A/an) nose is usually either cold or not cold. It cannot be a bit more or less cold.,You can find (a/an) substance which is solid. (A/an) substance is usually either solid or not solid. It cannot be a bit more or less solid.,You can find (a/an) cushion which is soft. (A/an) cushion is usually either soft or not soft. It cannot be a bit more or less soft.,5_scalar_heat-set_extension_full_range,https://app.prolific.co/submissions/complete?cc=135DD3C8,Agree or disagree (run5_scalar_heat-set_extension_full_range-experiment_scalar-batch1-70-70),410559,f06e6dbf-2c02-4586-a8ff-559a8f6dfade,2021-02-11 15:20:57,338.556,2021-02-11 14:20:14.112000,2021-02-11 14:25:52.668000,42.888,false,variability_limited,cold,nose,../data/prolific_output/run5_scalar_heat-group_scalar_heat/qu70-s_qu3-batch1.csv
qu70-s_qu3-batch1.csv-3,3,NOT AVAILABLE,NOT AVAILABLE,d2716620-0f6b-4985-8f7a-496de72c4edf,PROLIFIC,11-Feb-2021 14:14:01,1175,46594,bdb872f7-b5a4-455e-a6a4-3209453074c0,I think it is impossible for (a/an) nose to be cold.,I think it is impossible for (a/an) flame to be frozen.,I think it is impossible for (a/an) book to be light.,5_scalar_heat-set_extension_full_range,https://app.prolific.co/submissions/complete?cc=135DD3C8,Agree or disagree (run5_scalar_heat-set_extension_full_range-experiment_scalar-batch1-70-70),409492,831abdfb-6e81-469c-a6da-f00d06d2e3a9,2021-02-11 14:14:01,637.11,2021-02-11 13:12:57.882000,2021-02-11 13:23:34.992000,6.0,false,impossible,cold,nose,../data/prolific_output/run5_scalar_heat-group_scalar_heat/qu70-s_qu3-batch1.csv
qu70-s_qu3-batch1.csv-3,3,NOT AVAILABLE,NOT AVAILABLE,dac5112b-e90f-43d3-81c2-3642f5b6e2f9,PROLIFIC,11-Feb-2021 14:10:35,1175,46594,bdb872f7-b5a4-455e-a6a4-3209453074c0,I think it is impossible for (a/an) nose to be cold.,I think it is impossible for (a/an) flame to be frozen.,I think it is impossible for (a/an) book to be light.,5_scalar_heat-set_extension_full_range,https://app.prolific.co/submissions/complete?cc=135DD3C8,Agree or disagree (run5_scalar_heat-set_extension_full_range-experiment_scalar-batch1-70-70),409380,61da45f5-7f2c-4e39-898f-d13ff5b6b884,2021-02-11 14:10:35,432.345,2021-02-11 13:06:47.662000,2021-02-11 13:14:00.007000,3.0,false,impossible,cold,nose,../data/prolific_output/run5_scalar_heat-group_scalar_heat/qu70-s_qu3-batch1.csv
qu70-s_qu3-batch1.csv-3,3,NOT AVAILABLE,NOT AVAILABLE,c86c92f5-934b-4073-b69b-aa1a3a830dc3,PROLIFIC,11-Feb-2021 14:15:09,1175,46594,bdb872f7-b5a4-455e-a6a4-3209453074c0,I think it is impossible for (a/an) nose to be cold.,I think it is impossible for (a/an) flame to be frozen.,I think it is impossible for (a/an) book to be light.,5_scalar_heat-set_extension_full_range,https://app.prolific.co/submissions/complete?cc=135DD3C8,Agree or disagree (run5_scalar_heat-set_extension_full_range-experiment_scalar-batch1-70-70),409538,20eaea55-9bc7-44a9-b6e5-bef254e408e9,2021-02-11 14:15:09,1299.53,2021-02-11 13:03:43.109000,2021-02-11 13:25:22.639000,4.0,false,impossible,cold,nose,../data/prolific_output/run5_scalar_heat-group_scalar_heat/qu70-s_qu3-batch1.csv
qu70-s_qu3-batch1.csv-3,3,NOT AVAILABLE,NOT AVAILABLE,965f4ff2-bcc0-4ec5-91f4-5904025dc272,PROLIFIC,11-Feb-2021 14:54:39,1175,46594,bdb872f7-b5a4-455e-a6a4-3209453074c0,I think it is impossible for (a/an) nose to be cold.,I think it is impossible for (a/an) flame to be frozen.,I think it is impossible for (a/an) book to be light.,5_scalar_heat-set_extension_full_range,https://app.prolific.co/submissions/complete?cc=135DD3C8,Agree or disagree (run5_scalar_heat-set_extension_full_range-experiment_scalar-batch1-70-70),410328,f5e42f3e-cb04-45e1-b098-eccf1bb80aae,2021-02-11 14:54:39,285.593,2021-02-11 13:50:20.301000,2021-02-11 13:55:05.894000,2.0,false,impossible,cold,nose,../data/prolific_output/run5_scalar_heat-group_scalar_heat/qu70-s_qu3-batch1.csv
qu70-s_qu3-batch1.csv-3,3,NOT AVAILABLE,NOT AVAILABLE,34e021b9-d47d-4dd4-bc71-ddc5ab813ce2,PROLIFIC,11-Feb-2021 13:57:49,1175,46594,bdb872f7-b5a4-455e-a6a4-3209453074c0,I think it is impossible for (a/an) nose to be cold.,I think it is impossible for (a/an) flame to be frozen.,I think it is impossible for (a/an) book to be light.,5_scalar_heat-set_extension_full_range,https://app.prolific.co/submissions/complete?cc=135DD3C8,Agree or disagree (run5_scalar_heat-set_extension_full_range-experiment_scalar-batch1-70-70),409043,50e7c075-e0e6-44f1-a694-a95d7cb91af6,2021-02-11 13:57:49,541.406,2021-02-11 12:51:21.531000,2021-02-11 13:00:22.937000,1.0,false,impossible,cold,nose,../data/prolific_output/run5_scalar_heat-group_scalar_heat/qu70-s_qu3-batch1.csv
qu70-s_qu3-batch1.csv-3,3,NOT AVAILABLE,NOT AVAILABLE,6d3579fa-979b-4f40-8e61-d17b09d60808,PROLIFIC,11-Feb-2021 14:29:08,1175,46594,bdb872f7-b5a4-455e-a6a4-3209453074c0,I think it is impossible for (a/an) nose to be cold.,I think it is impossible for (a/an) flame to be frozen.,I think it is impossible for (a/an) book to be light.,5_scalar_heat-set_extension_full_range,https://app.prolific.co/submissions/complete?cc=135DD3C8,Agree or disagree (run5_scalar_heat-set_extension_full_range-experiment_scalar-batch1-70-70),409893,e20c1015-66d6-44e5-8437-b2ca673a7aa4,2021-02-11 14:29:08,1192.435,2021-02-11 13:22:48.051000,2021-02-11 13:42:40.486000,1.0,false,impossible,cold,nose,../data/prolific_output/run5_scalar_heat-group_scalar_heat/qu70-s_qu3-batch1.csv
qu70-s_qu3-batch1.csv-3,3,NOT AVAILABLE,NOT AVAILABLE,cdbc1fee-804e-441b-89d3-98ac0ac8ce4d,PROLIFIC,11-Feb-2021 13:45:29,1175,46594,bdb872f7-b5a4-455e-a6a4-3209453074c0,I think it is impossible for (a/an) nose to be cold.,I think it is impossible for (a/an) flame to be frozen.,I think it is impossible for (a/an) book to be light.,5_scalar_heat-set_extension_full_range,https://app.prolific.co/submissions/complete?cc=135DD3C8,Agree or disagree (run5_scalar_heat-set_extension_full_range-experiment_scalar-batch1-70-70),408697,06700d0f-50a0-41fb-9b59-dfac3106a028,2021-02-11 13:45:29,397.434,2021-02-11 12:42:36.412000,2021-02-11 12:49:13.846000,3.0,false,impossible,cold,nose,../data/prolific_output/run5_scalar_heat-group_scalar_heat/qu70-s_qu3-batch1.csv
qu70-s_qu3-batch1.csv-3,3,NOT AVAILABLE,NOT AVAILABLE,3dad7290-5e89-4340-9c49-15454b8ca9bf,PROLIFIC,11-Feb-2021 15:23:44,1175,46594,bdb872f7-b5a4-455e-a6a4-3209453074c0,I think it is impossible for (a/an) nose to be cold.,I think it is impossible for (a/an) flame to be frozen.,I think it is impossible for (a/an) book to be light.,5_scalar_heat-set_extension_full_range,https://app.prolific.co/submissions/complete?cc=135DD3C8,Agree or disagree (run5_scalar_heat-set_extension_full_range-experiment_scalar-batch1-70-70),410591,cfb4ac6c-233c-4b4d-b5f5-d96855ffe700,2021-02-11 15:23:44,338.556,2021-02-11 14:20:14.112000,2021-02-11 14:25:52.668000,2.0,false,impossible,cold,nose,../data/prolific_output/run5_scalar_heat-group_scalar_heat/qu70-s_qu3-batch1.csv
qu70-s_qu3-batch1.csv-3,3,NOT AVAILABLE,NOT AVAILABLE,d2716620-0f6b-4985-8f7a-496de72c4edf,PROLIFIC,11-Feb-2021 14:22:15,1175,46595,102a770e-5e85-4ceb-a068-28a0f617f914,"You can find (a/an) nose which is cold. (A/an) nose is usually either cold, a bit more or less cold or the opposite of cold.","You can find (a/an) chocolate which is bitter. (A/an) chocolate is usually either bitter, a bit more or less bitter or the opposite of bitter.","You can find (a/an) diamond which is soft. (A/an) diamond is usually either soft, a bit more or less soft or the opposite of soft.",5_scalar_heat-set_extension_full_range,https://app.prolific.co/submissions/complete?cc=135DD3C8,Agree or disagree (run5_scalar_heat-set_extension_full_range-experiment_scalar-batch1-70-70),409804,cffb06bb-b083-41fd-8c89-c52892794d95,2021-02-11 14:22:15,637.11,2021-02-11 13:12:57.882000,2021-02-11 13:23:34.992000,12.0,false,variability_open,cold,nose,../data/prolific_output/run5_scalar_heat-group_scalar_heat/qu70-s_qu3-batch1.csv
qu70-s_qu3-batch1.csv-3,3,NOT AVAILABLE,NOT AVAILABLE,dac5112b-e90f-43d3-81c2-3642f5b6e2f9,PROLIFIC,11-Feb-2021 14:12:44,1175,46595,102a770e-5e85-4ceb-a068-28a0f617f914,"You can find (a/an) nose which is cold. (A/an) nose is usually either cold, a bit more or less cold or the opposite of cold.","You can find (a/an) chocolate which is bitter. (A/an) chocolate is usually either bitter, a bit more or less bitter or the opposite of bitter.","You can find (a/an) diamond which is soft. (A/an) diamond is usually either soft, a bit more or less soft or the opposite of soft.",5_scalar_heat-set_extension_full_range,https://app.prolific.co/submissions/complete?cc=135DD3C8,Agree or disagree (run5_scalar_heat-set_extension_full_range-experiment_scalar-batch1-70-70),409453,89f142b6-9231-45a5-a69b-6500296a3813,2021-02-11 14:12:44,432.345,2021-02-11 13:06:47.662000,2021-02-11 13:14:00.007000,3.0,true,variability_open,cold,nose,../data/prolific_output/run5_scalar_heat-group_scalar_heat/qu70-s_qu3-batch1.csv
qu70-s_qu3-batch1.csv-3,3,NOT AVAILABLE,NOT AVAILABLE,c86c92f5-934b-4073-b69b-aa1a3a830dc3,PROLIFIC,11-Feb-2021 14:18:29,1175,46595,102a770e-5e85-4ceb-a068-28a0f617f914,"You can find (a/an) nose which is cold. (A/an) nose is usually either cold, a bit more or less cold or the opposite of cold.","You can find (a/an) chocolate which is bitter. (A/an) chocolate is usually either bitter, a bit more or less bitter or the opposite of bitter.","You can find (a/an) diamond which is soft. (A/an) diamond is usually either soft, a bit more or less soft or the opposite of soft.",5_scalar_heat-set_extension_full_range,https://app.prolific.co/submissions/complete?cc=135DD3C8,Agree or disagree (run5_scalar_heat-set_extension_full_range-experiment_scalar-batch1-70-70),409710,50c1c096-94a7-4ae2-b29e-18f0c489d79b,2021-02-11 14:18:29,1299.53,2021-02-11 13:03:43.109000,2021-02-11 13:25:22.639000,39.0,true,variability_open,cold,nose,../data/prolific_output/run5_scalar_heat-group_scalar_heat/qu70-s_qu3-batch1.csv
qu70-s_qu3-batch1.csv-3,3,NOT AVAILABLE,NOT AVAILABLE,965f4ff2-bcc0-4ec5-91f4-5904025dc272,PROLIFIC,11-Feb-2021 14:52:21,1175,46595,102a770e-5e85-4ceb-a068-28a0f617f914,"You can find (a/an) nose which is cold. (A/an) nose is usually either cold, a bit more or less cold or the opposite of cold.","You can find (a/an) chocolate which is bitter. (A/an) chocolate is usually either bitter, a bit more or less bitter or the opposite of bitter.","You can find (a/an) diamond which is soft. (A/an) diamond is usually either soft, a bit more or less soft or the opposite of soft.",5_scalar_heat-set_extension_full_range,https://app.prolific.co/submissions/complete?cc=135DD3C8,Agree or disagree (run5_scalar_heat-set_extension_full_range-experiment_scalar-batch1-70-70),410257,e0a436bf-f4df-44e5-9a0b-f27784f36d3d,2021-02-11 14:52:21,285.593,2021-02-11 13:50:20.301000,2021-02-11 13:55:05.894000,5.0,false,variability_open,cold,nose,../data/prolific_output/run5_scalar_heat-group_scalar_heat/qu70-s_qu3-batch1.csv
qu70-s_qu3-batch1.csv-3,3,NOT AVAILABLE,NOT AVAILABLE,34e021b9-d47d-4dd4-bc71-ddc5ab813ce2,PROLIFIC,11-Feb-2021 14:00:19,1175,46595,102a770e-5e85-4ceb-a068-28a0f617f914,"You can find (a/an) nose which is cold. (A/an) nose is usually either cold, a bit more or less cold or the opposite of cold.","You can find (a/an) chocolate which is bitter. (A/an) chocolate is usually either bitter, a bit more or less bitter or the opposite of bitter.","You can find (a/an) diamond which is soft. (A/an) diamond is usually either soft, a bit more or less soft or the opposite of soft.",5_scalar_heat-set_extension_full_range,https://app.prolific.co/submissions/complete?cc=135DD3C8,Agree or disagree (run5_scalar_heat-set_extension_full_range-experiment_scalar-batch1-70-70),409137,114670a5-c73e-4191-b0d3-6ce419f0e0e8,2021-02-11 14:00:19,541.406,2021-02-11 12:51:21.531000,2021-02-11 13:00:22.937000,22.937,true,variability_open,cold,nose,../data/prolific_output/run5_scalar_heat-group_scalar_heat/qu70-s_qu3-batch1.csv
qu70-s_qu3-batch1.csv-3,3,NOT AVAILABLE,NOT AVAILABLE,6d3579fa-979b-4f40-8e61-d17b09d60808,PROLIFIC,11-Feb-2021 14:24:42,1175,46595,102a770e-5e85-4ceb-a068-28a0f617f914,"You can find (a/an) nose which is cold. (A/an) nose is usually either cold, a bit more or less cold or the opposite of cold.","You can find (a/an) chocolate which is bitter. (A/an) chocolate is usually either bitter, a bit more or less bitter or the opposite of bitter.","You can find (a/an) diamond which is soft. (A/an) diamond is usually either soft, a bit more or less soft or the opposite of soft.",5_scalar_heat-set_extension_full_range,https://app.prolific.co/submissions/complete?cc=135DD3C8,Agree or disagree (run5_scalar_heat-set_extension_full_range-experiment_scalar-batch1-70-70),409843,b877d6b7-89b1-4547-854a-fd5c3c2b29ec,2021-02-11 14:24:42,1192.435,2021-02-11 13:22:48.051000,2021-02-11 13:42:40.486000,4.0,true,variability_open,cold,nose,../data/prolific_output/run5_scalar_heat-group_scalar_heat/qu70-s_qu3-batch1.csv
qu70-s_qu3-batch1.csv-3,3,NOT AVAILABLE,NOT AVAILABLE,cdbc1fee-804e-441b-89d3-98ac0ac8ce4d,PROLIFIC,11-Feb-2021 13:44:23,1175,46595,102a770e-5e85-4ceb-a068-28a0f617f914,"You can find (a/an) nose which is cold. (A/an) nose is usually either cold, a bit more or less cold or the opposite of cold.","You can find (a/an) chocolate which is bitter. (A/an) chocolate is usually either bitter, a bit more or less bitter or the opposite of bitter.","You can find (a/an) diamond which is soft. (A/an) diamond is usually either soft, a bit more or less soft or the opposite of soft.",5_scalar_heat-set_extension_full_range,https://app.prolific.co/submissions/complete?cc=135DD3C8,Agree or disagree (run5_scalar_heat-set_extension_full_range-experiment_scalar-batch1-70-70),408671,67346cd2-11ca-4bb7-b7ee-625f4156f1cd,2021-02-11 13:44:23,397.434,2021-02-11 12:42:36.412000,2021-02-11 12:49:13.846000,7.0,true,variability_open,cold,nose,../data/prolific_output/run5_scalar_heat-group_scalar_heat/qu70-s_qu3-batch1.csv
qu70-s_qu3-batch1.csv-3,3,NOT AVAILABLE,NOT AVAILABLE,3dad7290-5e89-4340-9c49-15454b8ca9bf,PROLIFIC,11-Feb-2021 15:22:03,1175,46595,102a770e-5e85-4ceb-a068-28a0f617f914,"You can find (a/an) nose which is cold. (A/an) nose is usually either cold, a bit more or less cold or the opposite of cold.","You can find (a/an) chocolate which is bitter. (A/an) chocolate is usually either bitter, a bit more or less bitter or the opposite of bitter.","You can find (a/an) diamond which is soft. (A/an) diamond is usually either soft, a bit more or less soft or the opposite of soft.",5_scalar_heat-set_extension_full_range,https://app.prolific.co/submissions/complete?cc=135DD3C8,Agree or disagree (run5_scalar_heat-set_extension_full_range-experiment_scalar-batch1-70-70),410569,61f75ba0-07dc-4442-aadf-cc8008de6801,2021-02-11 15:22:03,338.556,2021-02-11 14:20:14.112000,2021-02-11 14:25:52.668000,5.0,true,variability_open,cold,nose,../data/prolific_output/run5_scalar_heat-group_scalar_heat/qu70-s_qu3-batch1.csv
qu70-s_qu3-batch1.csv-3,3,NOT AVAILABLE,NOT AVAILABLE,d2716620-0f6b-4985-8f7a-496de72c4edf,PROLIFIC,11-Feb-2021 14:22:21,1175,46596,8e313cbe-e0f5-43bb-8c0d-044fbbb45553,"I think (a/an) nose can be cold, but this is rare or uncommon.","I think (a/an) cake can be spicy, but this is rare or uncommon.","I think (a/an) window can be transparent, but this is rare or uncommon.",5_scalar_heat-set_extension_full_range,https://app.prolific.co/submissions/complete?cc=135DD3C8,Agree or disagree (run5_scalar_heat-set_extension_full_range-experiment_scalar-batch1-70-70),409805,7081e73c-0bca-4172-920c-087023a2196d,2021-02-11 14:22:21,637.11,2021-02-11 13:12:57.882000,2021-02-11 13:23:34.992000,6.0,true,rare,cold,nose,../data/prolific_output/run5_scalar_heat-group_scalar_heat/qu70-s_qu3-batch1.csv
qu70-s_qu3-batch1.csv-3,3,NOT AVAILABLE,NOT AVAILABLE,dac5112b-e90f-43d3-81c2-3642f5b6e2f9,PROLIFIC,11-Feb-2021 14:09:29,1175,46596,8e313cbe-e0f5-43bb-8c0d-044fbbb45553,"I think (a/an) nose can be cold, but this is rare or uncommon.","I think (a/an) cake can be spicy, but this is rare or uncommon.","I think (a/an) window can be transparent, but this is rare or uncommon.",5_scalar_heat-set_extension_full_range,https://app.prolific.co/submissions/complete?cc=135DD3C8,Agree or disagree (run5_scalar_heat-set_extension_full_range-experiment_scalar-batch1-70-70),409334,7f25801e-6467-4513-bd1e-ede55445020e,2021-02-11 14:09:29,432.345,2021-02-11 13:06:47.662000,2021-02-11 13:14:00.007000,2.0,false,rare,cold,nose,../data/prolific_output/run5_scalar_heat-group_scalar_heat/qu70-s_qu3-batch1.csv
qu70-s_qu3-batch1.csv-3,3,NOT AVAILABLE,NOT AVAILABLE,c86c92f5-934b-4073-b69b-aa1a3a830dc3,PROLIFIC,11-Feb-2021 14:13:45,1175,46596,8e313cbe-e0f5-43bb-8c0d-044fbbb45553,"I think (a/an) nose can be cold, but this is rare or uncommon.","I think (a/an) cake can be spicy, but this is rare or uncommon.","I think (a/an) window can be transparent, but this is rare or uncommon.",5_scalar_heat-set_extension_full_range,https://app.prolific.co/submissions/complete?cc=135DD3C8,Agree or disagree (run5_scalar_heat-set_extension_full_range-experiment_scalar-batch1-70-70),409482,5c00c23e-0120-46d0-80ce-1c21c4b81900,2021-02-11 14:13:45,1299.53,2021-02-11 13:03:43.109000,2021-02-11 13:25:22.639000,11.0,true,rare,cold,nose,../data/prolific_output/run5_scalar_heat-group_scalar_heat/qu70-s_qu3-batch1.csv
qu70-s_qu3-batch1.csv-3,3,NOT AVAILABLE,NOT AVAILABLE,965f4ff2-bcc0-4ec5-91f4-5904025dc272,PROLIFIC,11-Feb-2021 14:53:53,1175,46596,8e313cbe-e0f5-43bb-8c0d-044fbbb45553,"I think (a/an) nose can be cold, but this is rare or uncommon.","I think (a/an) cake can be spicy, but this is rare or uncommon.","I think (a/an) window can be transparent, but this is rare or uncommon.",5_scalar_heat-set_extension_full_range,https://app.prolific.co/submissions/complete?cc=135DD3C8,Agree or disagree (run5_scalar_heat-set_extension_full_range-experiment_scalar-batch1-70-70),410295,886290af-b799-4de3-80bd-31944c89622f,2021-02-11 14:53:53,285.593,2021-02-11 13:50:20.301000,2021-02-11 13:55:05.894000,9.0,true,rare,cold,nose,../data/prolific_output/run5_scalar_heat-group_scalar_heat/qu70-s_qu3-batch1.csv
qu70-s_qu3-batch1.csv-3,3,NOT AVAILABLE,NOT AVAILABLE,34e021b9-d47d-4dd4-bc71-ddc5ab813ce2,PROLIFIC,11-Feb-2021 13:56:57,1175,46596,8e313cbe-e0f5-43bb-8c0d-044fbbb45553,"I think (a/an) nose can be cold, but this is rare or uncommon.","I think (a/an) cake can be spicy, but this is rare or uncommon.","I think (a/an) window can be transparent, but this is rare or uncommon.",5_scalar_heat-set_extension_full_range,https://app.prolific.co/submissions/complete?cc=135DD3C8,Agree or disagree (run5_scalar_heat-set_extension_full_range-experiment_scalar-batch1-70-70),409001,f84afc90-9f38-4a29-b6dc-079078e2bff7,2021-02-11 13:56:57,541.406,2021-02-11 12:51:21.531000,2021-02-11 13:00:22.937000,12.0,true,rare,cold,nose,../data/prolific_output/run5_scalar_heat-group_scalar_heat/qu70-s_qu3-batch1.csv
qu70-s_qu3-batch1.csv-3,3,NOT AVAILABLE,NOT AVAILABLE,6d3579fa-979b-4f40-8e61-d17b09d60808,PROLIFIC,11-Feb-2021 14:29:43,1175,46596,8e313cbe-e0f5-43bb-8c0d-044fbbb45553,"I think (a/an) nose can be cold, but this is rare or uncommon.","I think (a/an) cake can be spicy, but this is rare or uncommon.","I think (a/an) window can be transparent, but this is rare or uncommon.",5_scalar_heat-set_extension_full_range,https://app.prolific.co/submissions/complete?cc=135DD3C8,Agree or disagree (run5_scalar_heat-set_extension_full_range-experiment_scalar-batch1-70-70),409917,39be41db-2b72-49a3-a955-c1fc948d6d24,2021-02-11 14:29:43,1192.435,2021-02-11 13:22:48.051000,2021-02-11 13:42:40.486000,4.0,true,rare,cold,nose,../data/prolific_output/run5_scalar_heat-group_scalar_heat/qu70-s_qu3-batch1.csv
qu70-s_qu3-batch1.csv-3,3,NOT AVAILABLE,NOT AVAILABLE,cdbc1fee-804e-441b-89d3-98ac0ac8ce4d,PROLIFIC,11-Feb-2021 13:44:50,1175,46596,8e313cbe-e0f5-43bb-8c0d-044fbbb45553,"I think (a/an) nose can be cold, but this is rare or uncommon.","I think (a/an) cake can be spicy, but this is rare or uncommon.","I think (a/an) window can be transparent, but this is rare or uncommon.",5_scalar_heat-set_extension_full_range,https://app.prolific.co/submissions/complete?cc=135DD3C8,Agree or disagree (run5_scalar_heat-set_extension_full_range-experiment_scalar-batch1-70-70),408684,0838645b-6482-447e-9c12-f65f5617415b,2021-02-11 13:44:50,397.434,2021-02-11 12:42:36.412000,2021-02-11 12:49:13.846000,4.0,false,rare,cold,nose,../data/prolific_output/run5_scalar_heat-group_scalar_heat/qu70-s_qu3-batch1.csv
qu70-s_qu3-batch1.csv-3,3,NOT AVAILABLE,NOT AVAILABLE,3dad7290-5e89-4340-9c49-15454b8ca9bf,PROLIFIC,11-Feb-2021 15:23:42,1175,46596,8e313cbe-e0f5-43bb-8c0d-044fbbb45553,"I think (a/an) nose can be cold, but this is rare or uncommon.","I think (a/an) cake can be spicy, but this is rare or uncommon.","I think (a/an) window can be transparent, but this is rare or uncommon.",5_scalar_heat-set_extension_full_range,https://app.prolific.co/submissions/complete?cc=135DD3C8,Agree or disagree (run5_scalar_heat-set_extension_full_range-experiment_scalar-batch1-70-70),410590,b980edb4-fba5-4593-817e-1af863fe14ad,2021-02-11 15:23:42,338.556,2021-02-11 14:20:14.112000,2021-02-11 14:25:52.668000,6.0,true,rare,cold,nose,../data/prolific_output/run5_scalar_heat-group_scalar_heat/qu70-s_qu3-batch1.csv
qu70-s_qu3-batch1.csv-3,3,NOT AVAILABLE,NOT AVAILABLE,d2716620-0f6b-4985-8f7a-496de72c4edf,PROLIFIC,11-Feb-2021 14:23:17,1175,46597,8c59bd43-152b-478c-96ee-9d18795bbf14,"I could say (a/an) nose is cold, but I would most certainly not mean it literally.","I could say (a/an) anger is hot, but I would most certainly not mean it literally.
I could say (a/an) person is cold, but I would most certainly not mean it literally.
I could say (a/an) story is dark, but I would most certainly not mean it literally.","I could say (a/an) fire is hot, but I would most certainly not mean it literally.
I could say (a/an) stone is heavy, but I would most certainly not mean it literally.
I could say (a/an) argument is liquid, but I would most certainly not mean it literally.",5_scalar_heat-set_extension_full_range,https://app.prolific.co/submissions/complete?cc=135DD3C8,Agree or disagree (run5_scalar_heat-set_extension_full_range-experiment_scalar-batch1-70-70),409820,431f1262-b13b-4c3e-83ce-b289311b4aba,2021-02-11 14:23:17,637.11,2021-02-11 13:12:57.882000,2021-02-11 13:23:34.992000,13.0,true,creative,cold,nose,../data/prolific_output/run5_scalar_heat-group_scalar_heat/qu70-s_qu3-batch1.csv
qu70-s_qu3-batch1.csv-3,3,NOT AVAILABLE,NOT AVAILABLE,dac5112b-e90f-43d3-81c2-3642f5b6e2f9,PROLIFIC,11-Feb-2021 14:08:48,1175,46597,8c59bd43-152b-478c-96ee-9d18795bbf14,"I could say (a/an) nose is cold, but I would most certainly not mean it literally.","I could say (a/an) anger is hot, but I would most certainly not mean it literally.
I could say (a/an) person is cold, but I would most certainly not mean it literally.
I could say (a/an) story is dark, but I would most certainly not mean it literally.","I could say (a/an) fire is hot, but I would most certainly not mean it literally.
I could say (a/an) stone is heavy, but I would most certainly not mean it literally.
I could say (a/an) argument is liquid, but I would most certainly not mean it literally.",5_scalar_heat-set_extension_full_range,https://app.prolific.co/submissions/complete?cc=135DD3C8,Agree or disagree (run5_scalar_heat-set_extension_full_range-experiment_scalar-batch1-70-70),409303,8d2bb2b8-a165-42ce-9588-144c5bd05e22,2021-02-11 14:08:48,432.345,2021-02-11 13:06:47.662000,2021-02-11 13:14:00.007000,5.0,false,creative,cold,nose,../data/prolific_output/run5_scalar_heat-group_scalar_heat/qu70-s_qu3-batch1.csv
qu70-s_qu3-batch1.csv-3,3,NOT AVAILABLE,NOT AVAILABLE,c86c92f5-934b-4073-b69b-aa1a3a830dc3,PROLIFIC,11-Feb-2021 14:23:38,1175,46597,8c59bd43-152b-478c-96ee-9d18795bbf14,"I could say (a/an) nose is cold, but I would most certainly not mean it literally.","I could say (a/an) anger is hot, but I would most certainly not mean it literally.
I could say (a/an) person is cold, but I would most certainly not mean it literally.
I could say (a/an) story is dark, but I would most certainly not mean it literally.","I could say (a/an) fire is hot, but I would most certainly not mean it literally.
I could say (a/an) stone is heavy, but I would most certainly not mean it literally.
I could say (a/an) argument is liquid, but I would most certainly not mean it literally.",5_scalar_heat-set_extension_full_range,https://app.prolific.co/submissions/complete?cc=135DD3C8,Agree or disagree (run5_scalar_heat-set_extension_full_range-experiment_scalar-batch1-70-70),409826,90078a2c-c8ff-4e08-8dd9-a991311c364d,2021-02-11 14:23:38,1299.53,2021-02-11 13:03:43.109000,2021-02-11 13:25:22.639000,11.0,true,creative,cold,nose,../data/prolific_output/run5_scalar_heat-group_scalar_heat/qu70-s_qu3-batch1.csv
qu70-s_qu3-batch1.csv-3,3,NOT AVAILABLE,NOT AVAILABLE,965f4ff2-bcc0-4ec5-91f4-5904025dc272,PROLIFIC,11-Feb-2021 14:52:37,1175,46597,8c59bd43-152b-478c-96ee-9d18795bbf14,"I could say (a/an) nose is cold, but I would most certainly not mean it literally.","I could say (a/an) anger is hot, but I would most certainly not mean it literally.
I could say (a/an) person is cold, but I would most certainly not mean it literally.
I could say (a/an) story is dark, but I would most certainly not mean it literally.","I could say (a/an) fire is hot, but I would most certainly not mean it literally.
I could say (a/an) stone is heavy, but I would most certainly not mean it literally.
I could say (a/an) argument is liquid, but I would most certainly not mean it literally.",5_scalar_heat-set_extension_full_range,https://app.prolific.co/submissions/complete?cc=135DD3C8,Agree or disagree (run5_scalar_heat-set_extension_full_range-experiment_scalar-batch1-70-70),410261,1bca3099-1a65-46d4-9285-66a977ab10c2,2021-02-11 14:52:37,285.593,2021-02-11 13:50:20.301000,2021-02-11 13:55:05.894000,9.0,true,creative,cold,nose,../data/prolific_output/run5_scalar_heat-group_scalar_heat/qu70-s_qu3-batch1.csv
qu70-s_qu3-batch1.csv-3,3,NOT AVAILABLE,NOT AVAILABLE,34e021b9-d47d-4dd4-bc71-ddc5ab813ce2,PROLIFIC,11-Feb-2021 13:54:36,1175,46597,8c59bd43-152b-478c-96ee-9d18795bbf14,"I could say (a/an) nose is cold, but I would most certainly not mean it literally.","I could say (a/an) anger is hot, but I would most certainly not mean it literally.
I could say (a/an) person is cold, but I would most certainly not mean it literally.
I could say (a/an) story is dark, but I would most certainly not mean it literally.","I could say (a/an) fire is hot, but I would most certainly not mean it literally.
I could say (a/an) stone is heavy, but I would most certainly not mean it literally.
I could say (a/an) argument is liquid, but I would most certainly not mean it literally.",5_scalar_heat-set_extension_full_range,https://app.prolific.co/submissions/complete?cc=135DD3C8,Agree or disagree (run5_scalar_heat-set_extension_full_range-experiment_scalar-batch1-70-70),408912,f0ed9e6f-c57d-4bd5-a509-4b77d747d04d,2021-02-11 13:54:36,541.406,2021-02-11 12:51:21.531000,2021-02-11 13:00:22.937000,11.0,false,creative,cold,nose,../data/prolific_output/run5_scalar_heat-group_scalar_heat/qu70-s_qu3-batch1.csv
qu70-s_qu3-batch1.csv-3,3,NOT AVAILABLE,NOT AVAILABLE,6d3579fa-979b-4f40-8e61-d17b09d60808,PROLIFIC,11-Feb-2021 14:41:27,1175,46597,8c59bd43-152b-478c-96ee-9d18795bbf14,"I could say (a/an) nose is cold, but I would most certainly not mean it literally.","I could say (a/an) anger is hot, but I would most certainly not mean it literally.
I could say (a/an) person is cold, but I would most certainly not mean it literally.
I could say (a/an) story is dark, but I would most certainly not mean it literally.","I could say (a/an) fire is hot, but I would most certainly not mean it literally.
I could say (a/an) stone is heavy, but I would most certainly not mean it literally.
I could say (a/an) argument is liquid, but I would most certainly not mean it literally.",5_scalar_heat-set_extension_full_range,https://app.prolific.co/submissions/complete?cc=135DD3C8,Agree or disagree (run5_scalar_heat-set_extension_full_range-experiment_scalar-batch1-70-70),410116,e0b75cba-a386-4133-aee3-c7d48462b400,2021-02-11 14:41:27,1192.435,2021-02-11 13:22:48.051000,2021-02-11 13:42:40.486000,3.0,false,creative,cold,nose,../data/prolific_output/run5_scalar_heat-group_scalar_heat/qu70-s_qu3-batch1.csv
qu70-s_qu3-batch1.csv-3,3,NOT AVAILABLE,NOT AVAILABLE,cdbc1fee-804e-441b-89d3-98ac0ac8ce4d,PROLIFIC,11-Feb-2021 13:48:35,1175,46597,8c59bd43-152b-478c-96ee-9d18795bbf14,"I could say (a/an) nose is cold, but I would most certainly not mean it literally.","I could say (a/an) anger is hot, but I would most certainly not mean it literally.
I could say (a/an) person is cold, but I would most certainly not mean it literally.
I could say (a/an) story is dark, but I would most certainly not mean it literally.","I could say (a/an) fire is hot, but I would most certainly not mean it literally.
I could say (a/an) stone is heavy, but I would most certainly not mean it literally.
I could say (a/an) argument is liquid, but I would most certainly not mean it literally.",5_scalar_heat-set_extension_full_range,https://app.prolific.co/submissions/complete?cc=135DD3C8,Agree or disagree (run5_scalar_heat-set_extension_full_range-experiment_scalar-batch1-70-70),408738,b954673d-d4f8-4a3b-a2e4-bc769714bffd,2021-02-11 13:48:35,397.434,2021-02-11 12:42:36.412000,2021-02-11 12:49:13.846000,3.0,false,creative,cold,nose,../data/prolific_output/run5_scalar_heat-group_scalar_heat/qu70-s_qu3-batch1.csv
qu70-s_qu3-batch1.csv-3,3,NOT AVAILABLE,NOT AVAILABLE,3dad7290-5e89-4340-9c49-15454b8ca9bf,PROLIFIC,11-Feb-2021 15:23:51,1175,46597,8c59bd43-152b-478c-96ee-9d18795bbf14,"I could say (a/an) nose is cold, but I would most certainly not mean it literally.","I could say (a/an) anger is hot, but I would most certainly not mean it literally.
I could say (a/an) person is cold, but I would most certainly not mean it literally.
I could say (a/an) story is dark, but I would most certainly not mean it literally.","I could say (a/an) fire is hot, but I would most certainly not mean it literally.
I could say (a/an) stone is heavy, but I would most certainly not mean it literally.
I could say (a/an) argument is liquid, but I would most certainly not mean it literally.",5_scalar_heat-set_extension_full_range,https://app.prolific.co/submissions/complete?cc=135DD3C8,Agree or disagree (run5_scalar_heat-set_extension_full_range-experiment_scalar-batch1-70-70),410593,3c00fa01-abbd-47f6-b219-7bb10b02657f,2021-02-11 15:23:51,338.556,2021-02-11 14:20:14.112000,2021-02-11 14:25:52.668000,4.0,false,creative,cold,nose,../data/prolific_output/run5_scalar_heat-group_scalar_heat/qu70-s_qu3-batch1.csv
qu70-s_qu3-batch1.csv-3,3,NOT AVAILABLE,NOT AVAILABLE,d2716620-0f6b-4985-8f7a-496de72c4edf,PROLIFIC,11-Feb-2021 14:14:17,1175,46598,5db0d411-95b7-40dd-a27b-206f57c5f6cc,``Cold'' is one for the first things which come to mind when I hear ``nose' because cold is one of the typical temperatures of (a/an) nose'.,``Spicy'' is one for the first things which come to mind when I hear ``chili_pepper' because spicy is one of the typical tastes of (a/an) chili_pepper'.,``Sweet'' is one for the first things which come to mind when I hear ``spinach' because sweet is one of the typical tastes of (a/an) spinach'.,5_scalar_heat-set_extension_full_range,https://app.prolific.co/submissions/complete?cc=135DD3C8,Agree or disagree (run5_scalar_heat-set_extension_full_range-experiment_scalar-batch1-70-70),409503,13a47b86-148c-4808-bd83-87ed52e629c0,2021-02-11 14:14:17,637.11,2021-02-11 13:12:57.882000,2021-02-11 13:23:34.992000,8.0,false,typical_of_concept,cold,nose,../data/prolific_output/run5_scalar_heat-group_scalar_heat/qu70-s_qu3-batch1.csv
qu70-s_qu3-batch1.csv-3,3,NOT AVAILABLE,NOT AVAILABLE,dac5112b-e90f-43d3-81c2-3642f5b6e2f9,PROLIFIC,11-Feb-2021 14:12:39,1175,46598,5db0d411-95b7-40dd-a27b-206f57c5f6cc,``Cold'' is one for the first things which come to mind when I hear ``nose' because cold is one of the typical temperatures of (a/an) nose'.,``Spicy'' is one for the first things which come to mind when I hear ``chili_pepper' because spicy is one of the typical tastes of (a/an) chili_pepper'.,``Sweet'' is one for the first things which come to mind when I hear ``spinach' because sweet is one of the typical tastes of (a/an) spinach'.,5_scalar_heat-set_extension_full_range,https://app.prolific.co/submissions/complete?cc=135DD3C8,Agree or disagree (run5_scalar_heat-set_extension_full_range-experiment_scalar-batch1-70-70),409448,20b4ebfb-4fbd-47f1-82c9-245bcce8f67c,2021-02-11 14:12:39,432.345,2021-02-11 13:06:47.662000,2021-02-11 13:14:00.007000,3.0,false,typical_of_concept,cold,nose,../data/prolific_output/run5_scalar_heat-group_scalar_heat/qu70-s_qu3-batch1.csv
qu70-s_qu3-batch1.csv-3,3,NOT AVAILABLE,NOT AVAILABLE,c86c92f5-934b-4073-b69b-aa1a3a830dc3,PROLIFIC,11-Feb-2021 14:17:28,1175,46598,5db0d411-95b7-40dd-a27b-206f57c5f6cc,``Cold'' is one for the first things which come to mind when I hear ``nose' because cold is one of the typical temperatures of (a/an) nose'.,``Spicy'' is one for the first things which come to mind when I hear ``chili_pepper' because spicy is one of the typical tastes of (a/an) chili_pepper'.,``Sweet'' is one for the first things which come to mind when I hear ``spinach' because sweet is one of the typical tastes of (a/an) spinach'.,5_scalar_heat-set_extension_full_range,https://app.prolific.co/submissions/complete?cc=135DD3C8,Agree or disagree (run5_scalar_heat-set_extension_full_range-experiment_scalar-batch1-70-70),409659,e6f78e73-fb14-4b37-b5e9-ded12ff72c16,2021-02-11 14:17:28,1299.53,2021-02-11 13:03:43.109000,2021-02-11 13:25:22.639000,3.0,false,typical_of_concept,cold,nose,../data/prolific_output/run5_scalar_heat-group_scalar_heat/qu70-s_qu3-batch1.csv
qu70-s_qu3-batch1.csv-3,3,NOT AVAILABLE,NOT AVAILABLE,965f4ff2-bcc0-4ec5-91f4-5904025dc272,PROLIFIC,11-Feb-2021 14:54:46,1175,46598,5db0d411-95b7-40dd-a27b-206f57c5f6cc,``Cold'' is one for the first things which come to mind when I hear ``nose' because cold is one of the typical temperatures of (a/an) nose'.,``Spicy'' is one for the first things which come to mind when I hear ``chili_pepper' because spicy is one of the typical tastes of (a/an) chili_pepper'.,``Sweet'' is one for the first things which come to mind when I hear ``spinach' because sweet is one of the typical tastes of (a/an) spinach'.,5_scalar_heat-set_extension_full_range,https://app.prolific.co/submissions/complete?cc=135DD3C8,Agree or disagree (run5_scalar_heat-set_extension_full_range-experiment_scalar-batch1-70-70),410335,42820dcf-65b4-4542-b3a1-128bb6ecee31,2021-02-11 14:54:46,285.593,2021-02-11 13:50:20.301000,2021-02-11 13:55:05.894000,2.0,false,typical_of_concept,cold,nose,../data/prolific_output/run5_scalar_heat-group_scalar_heat/qu70-s_qu3-batch1.csv
qu70-s_qu3-batch1.csv-3,3,NOT AVAILABLE,NOT AVAILABLE,34e021b9-d47d-4dd4-bc71-ddc5ab813ce2,PROLIFIC,11-Feb-2021 13:56:09,1175,46598,5db0d411-95b7-40dd-a27b-206f57c5f6cc,``Cold'' is one for the first things which come to mind when I hear ``nose' because cold is one of the typical temperatures of (a/an) nose'.,``Spicy'' is one for the first things which come to mind when I hear ``chili_pepper' because spicy is one of the typical tastes of (a/an) chili_pepper'.,``Sweet'' is one for the first things which come to mind when I hear ``spinach' because sweet is one of the typical tastes of (a/an) spinach'.,5_scalar_heat-set_extension_full_range,https://app.prolific.co/submissions/complete?cc=135DD3C8,Agree or disagree (run5_scalar_heat-set_extension_full_range-experiment_scalar-batch1-70-70),408974,7a8f09d1-74b6-4138-8e1c-4d3a9916510d,2021-02-11 13:56:09,541.406,2021-02-11 12:51:21.531000,2021-02-11 13:00:22.937000,4.0,false,typical_of_concept,cold,nose,../data/prolific_output/run5_scalar_heat-group_scalar_heat/qu70-s_qu3-batch1.csv
qu70-s_qu3-batch1.csv-3,3,NOT AVAILABLE,NOT AVAILABLE,6d3579fa-979b-4f40-8e61-d17b09d60808,PROLIFIC,11-Feb-2021 14:29:27,1175,46598,5db0d411-95b7-40dd-a27b-206f57c5f6cc,``Cold'' is one for the first things which come to mind when I hear ``nose' because cold is one of the typical temperatures of (a/an) nose'.,``Spicy'' is one for the first things which come to mind when I hear ``chili_pepper' because spicy is one of the typical tastes of (a/an) chili_pepper'.,``Sweet'' is one for the first things which come to mind when I hear ``spinach' because sweet is one of the typical tastes of (a/an) spinach'.,5_scalar_heat-set_extension_full_range,https://app.prolific.co/submissions/complete?cc=135DD3C8,Agree or disagree (run5_scalar_heat-set_extension_full_range-experiment_scalar-batch1-70-70),409906,0516da7d-4b59-42c8-b53f-9375e83600eb,2021-02-11 14:29:27,1192.435,2021-02-11 13:22:48.051000,2021-02-11 13:42:40.486000,2.0,false,typical_of_concept,cold,nose,../data/prolific_output/run5_scalar_heat-group_scalar_heat/qu70-s_qu3-batch1.csv
qu70-s_qu3-batch1.csv-3,3,NOT AVAILABLE,NOT AVAILABLE,cdbc1fee-804e-441b-89d3-98ac0ac8ce4d,PROLIFIC,11-Feb-2021 13:43:47,1175,46598,5db0d411-95b7-40dd-a27b-206f57c5f6cc,``Cold'' is one for the first things which come to mind when I hear ``nose' because cold is one of the typical temperatures of (a/an) nose'.,``Spicy'' is one for the first things which come to mind when I hear ``chili_pepper' because spicy is one of the typical tastes of (a/an) chili_pepper'.,``Sweet'' is one for the first things which come to mind when I hear ``spinach' because sweet is one of the typical tastes of (a/an) spinach'.,5_scalar_heat-set_extension_full_range,https://app.prolific.co/submissions/complete?cc=135DD3C8,Agree or disagree (run5_scalar_heat-set_extension_full_range-experiment_scalar-batch1-70-70),408656,0588299d-d0f7-463c-bbe1-a31629d8e690,2021-02-11 13:43:47,397.434,2021-02-11 12:42:36.412000,2021-02-11 12:49:13.846000,70.588,false,typical_of_concept,cold,nose,../data/prolific_output/run5_scalar_heat-group_scalar_heat/qu70-s_qu3-batch1.csv
qu70-s_qu3-batch1.csv-3,3,NOT AVAILABLE,NOT AVAILABLE,3dad7290-5e89-4340-9c49-15454b8ca9bf,PROLIFIC,11-Feb-2021 15:23:28,1175,46598,5db0d411-95b7-40dd-a27b-206f57c5f6cc,``Cold'' is one for the first things which come to mind when I hear ``nose' because cold is one of the typical temperatures of (a/an) nose'.,``Spicy'' is one for the first things which come to mind when I hear ``chili_pepper' because spicy is one of the typical tastes of (a/an) chili_pepper'.,``Sweet'' is one for the first things which come to mind when I hear ``spinach' because sweet is one of the typical tastes of (a/an) spinach'.,5_scalar_heat-set_extension_full_range,https://app.prolific.co/submissions/complete?cc=135DD3C8,Agree or disagree (run5_scalar_heat-set_extension_full_range-experiment_scalar-batch1-70-70),410586,b68f5b53-3fd2-4221-a04e-a49de6ab8fe5,2021-02-11 15:23:28,338.556,2021-02-11 14:20:14.112000,2021-02-11 14:25:52.668000,2.0,false,typical_of_concept,cold,nose,../data/prolific_output/run5_scalar_heat-group_scalar_heat/qu70-s_qu3-batch1.csv
qu70-s_qu3-batch1.csv-3,3,NOT AVAILABLE,NOT AVAILABLE,d2716620-0f6b-4985-8f7a-496de72c4edf,PROLIFIC,11-Feb-2021 14:21:39,1175,46599,97d266a2-a5b7-494f-984b-e640c911e627,I know that being cold is necessary for many things (a/an) nose does or is used for. ,I know that being pointy is necessary for many things (a/an) needle does or is used for. ,I know that being white is necessary for many things (a/an) t-shirt does or is used for. ,5_scalar_heat-set_extension_full_range,https://app.prolific.co/submissions/complete?cc=135DD3C8,Agree or disagree (run5_scalar_heat-set_extension_full_range-experiment_scalar-batch1-70-70),409799,2dd557f1-223e-45c2-83b5-8f00fae2e989,2021-02-11 14:21:39,637.11,2021-02-11 13:12:57.882000,2021-02-11 13:23:34.992000,5.0,false,affording_activity,cold,nose,../data/prolific_output/run5_scalar_heat-group_scalar_heat/qu70-s_qu3-batch1.csv
qu70-s_qu3-batch1.csv-3,3,NOT AVAILABLE,NOT AVAILABLE,dac5112b-e90f-43d3-81c2-3642f5b6e2f9,PROLIFIC,11-Feb-2021 14:12:57,1175,46599,97d266a2-a5b7-494f-984b-e640c911e627,I know that being cold is necessary for many things (a/an) nose does or is used for. ,I know that being pointy is necessary for many things (a/an) needle does or is used for. ,I know that being white is necessary for many things (a/an) t-shirt does or is used for. ,5_scalar_heat-set_extension_full_range,https://app.prolific.co/submissions/complete?cc=135DD3C8,Agree or disagree (run5_scalar_heat-set_extension_full_range-experiment_scalar-batch1-70-70),409463,c7961b53-8643-48f1-934a-c024d95779c1,2021-02-11 14:12:57,432.345,2021-02-11 13:06:47.662000,2021-02-11 13:14:00.007000,2.0,false,affording_activity,cold,nose,../data/prolific_output/run5_scalar_heat-group_scalar_heat/qu70-s_qu3-batch1.csv
qu70-s_qu3-batch1.csv-3,3,NOT AVAILABLE,NOT AVAILABLE,c86c92f5-934b-4073-b69b-aa1a3a830dc3,PROLIFIC,11-Feb-2021 14:13:34,1175,46599,97d266a2-a5b7-494f-984b-e640c911e627,I know that being cold is necessary for many things (a/an) nose does or is used for. ,I know that being pointy is necessary for many things (a/an) needle does or is used for. ,I know that being white is necessary for many things (a/an) t-shirt does or is used for. ,5_scalar_heat-set_extension_full_range,https://app.prolific.co/submissions/complete?cc=135DD3C8,Agree or disagree (run5_scalar_heat-set_extension_full_range-experiment_scalar-batch1-70-70),409480,b55e1f53-f16f-40c8-ad68-26a3a272e586,2021-02-11 14:13:34,1299.53,2021-02-11 13:03:43.109000,2021-02-11 13:25:22.639000,12.0,false,affording_activity,cold,nose,../data/prolific_output/run5_scalar_heat-group_scalar_heat/qu70-s_qu3-batch1.csv
qu70-s_qu3-batch1.csv-3,3,NOT AVAILABLE,NOT AVAILABLE,965f4ff2-bcc0-4ec5-91f4-5904025dc272,PROLIFIC,11-Feb-2021 14:52:43,1175,46599,97d266a2-a5b7-494f-984b-e640c911e627,I know that being cold is necessary for many things (a/an) nose does or is used for. ,I know that being pointy is necessary for many things (a/an) needle does or is used for. ,I know that being white is necessary for many things (a/an) t-shirt does or is used for. ,5_scalar_heat-set_extension_full_range,https://app.prolific.co/submissions/complete?cc=135DD3C8,Agree or disagree (run5_scalar_heat-set_extension_full_range-experiment_scalar-batch1-70-70),410264,77f6e27d-4bd3-4293-a3d4-77b21a4ba9ae,2021-02-11 14:52:43,285.593,2021-02-11 13:50:20.301000,2021-02-11 13:55:05.894000,2.0,false,affording_activity,cold,nose,../data/prolific_output/run5_scalar_heat-group_scalar_heat/qu70-s_qu3-batch1.csv
qu70-s_qu3-batch1.csv-3,3,NOT AVAILABLE,NOT AVAILABLE,34e021b9-d47d-4dd4-bc71-ddc5ab813ce2,PROLIFIC,11-Feb-2021 13:55:49,1175,46599,97d266a2-a5b7-494f-984b-e640c911e627,I know that being cold is necessary for many things (a/an) nose does or is used for. ,I know that being pointy is necessary for many things (a/an) needle does or is used for. ,I know that being white is necessary for many things (a/an) t-shirt does or is used for. ,5_scalar_heat-set_extension_full_range,https://app.prolific.co/submissions/complete?cc=135DD3C8,Agree or disagree (run5_scalar_heat-set_extension_full_range-experiment_scalar-batch1-70-70),408958,d1e2a982-c470-4c4b-983c-5a462506c6ac,2021-02-11 13:55:49,541.406,2021-02-11 12:51:21.531000,2021-02-11 13:00:22.937000,4.0,false,affording_activity,cold,nose,../data/prolific_output/run5_scalar_heat-group_scalar_heat/qu70-s_qu3-batch1.csv
qu70-s_qu3-batch1.csv-3,3,NOT AVAILABLE,NOT AVAILABLE,6d3579fa-979b-4f40-8e61-d17b09d60808,PROLIFIC,11-Feb-2021 14:41:09,1175,46599,97d266a2-a5b7-494f-984b-e640c911e627,I know that being cold is necessary for many things (a/an) nose does or is used for. ,I know that being pointy is necessary for many things (a/an) needle does or is used for. ,I know that being white is necessary for many things (a/an) t-shirt does or is used for. ,5_scalar_heat-set_extension_full_range,https://app.prolific.co/submissions/complete?cc=135DD3C8,Agree or disagree (run5_scalar_heat-set_extension_full_range-experiment_scalar-batch1-70-70),410107,7c76d1d1-bf8e-4831-942c-748cb6008999,2021-02-11 14:41:09,1192.435,2021-02-11 13:22:48.051000,2021-02-11 13:42:40.486000,10.0,false,affording_activity,cold,nose,../data/prolific_output/run5_scalar_heat-group_scalar_heat/qu70-s_qu3-batch1.csv
qu70-s_qu3-batch1.csv-3,3,NOT AVAILABLE,NOT AVAILABLE,cdbc1fee-804e-441b-89d3-98ac0ac8ce4d,PROLIFIC,11-Feb-2021 13:48:27,1175,46599,97d266a2-a5b7-494f-984b-e640c911e627,I know that being cold is necessary for many things (a/an) nose does or is used for. ,I know that being pointy is necessary for many things (a/an) needle does or is used for. ,I know that being white is necessary for many things (a/an) t-shirt does or is used for. ,5_scalar_heat-set_extension_full_range,https://app.prolific.co/submissions/complete?cc=135DD3C8,Agree or disagree (run5_scalar_heat-set_extension_full_range-experiment_scalar-batch1-70-70),408735,91665dd6-4db9-44a6-baa7-957dbae3d5da,2021-02-11 13:48:27,397.434,2021-02-11 12:42:36.412000,2021-02-11 12:49:13.846000,3.0,false,affording_activity,cold,nose,../data/prolific_output/run5_scalar_heat-group_scalar_heat/qu70-s_qu3-batch1.csv
qu70-s_qu3-batch1.csv-3,3,NOT AVAILABLE,NOT AVAILABLE,3dad7290-5e89-4340-9c49-15454b8ca9bf,PROLIFIC,11-Feb-2021 15:24:57,1175,46599,97d266a2-a5b7-494f-984b-e640c911e627,I know that being cold is necessary for many things (a/an) nose does or is used for. ,I know that being pointy is necessary for many things (a/an) needle does or is used for. ,I know that being white is necessary for many things (a/an) t-shirt does or is used for. ,5_scalar_heat-set_extension_full_range,https://app.prolific.co/submissions/complete?cc=135DD3C8,Agree or disagree (run5_scalar_heat-set_extension_full_range-experiment_scalar-batch1-70-70),410606,636ddd5d-ae0d-4038-984b-0fa31e9affa5,2021-02-11 15:24:57,338.556,2021-02-11 14:20:14.112000,2021-02-11 14:25:52.668000,4.0,false,affording_activity,cold,nose,../data/prolific_output/run5_scalar_heat-group_scalar_heat/qu70-s_qu3-batch1.csv
qu70-s_qu3-batch1.csv-3,3,NOT AVAILABLE,NOT AVAILABLE,d2716620-0f6b-4985-8f7a-496de72c4edf,PROLIFIC,11-Feb-2021 14:21:22,1175,46600,4792a42c-9182-44ab-b7c0-1af9e261a28c,I know that (a/an) nose is cold as most or all other things similar to (a/an) nose are cold. ,I know that (a/an) merlot is alcoholic as most or all other things similar to (a/an) merlot are alcoholic. ,I know that (a/an) lemonade is alcoholic as most or all other things similar to (a/an) lemonade are alcoholic. ,5_scalar_heat-set_extension_full_range,https://app.prolific.co/submissions/complete?cc=135DD3C8,Agree or disagree (run5_scalar_heat-set_extension_full_range-experiment_scalar-batch1-70-70),409796,6681c26e-1953-4584-8461-eabf33c6e739,2021-02-11 14:21:22,637.11,2021-02-11 13:12:57.882000,2021-02-11 13:23:34.992000,6.0,false,implied_category,cold,nose,../data/prolific_output/run5_scalar_heat-group_scalar_heat/qu70-s_qu3-batch1.csv
qu70-s_qu3-batch1.csv-3,3,NOT AVAILABLE,NOT AVAILABLE,dac5112b-e90f-43d3-81c2-3642f5b6e2f9,PROLIFIC,11-Feb-2021 14:09:32,1175,46600,4792a42c-9182-44ab-b7c0-1af9e261a28c,I know that (a/an) nose is cold as most or all other things similar to (a/an) nose are cold. ,I know that (a/an) merlot is alcoholic as most or all other things similar to (a/an) merlot are alcoholic. ,I know that (a/an) lemonade is alcoholic as most or all other things similar to (a/an) lemonade are alcoholic. ,5_scalar_heat-set_extension_full_range,https://app.prolific.co/submissions/complete?cc=135DD3C8,Agree or disagree (run5_scalar_heat-set_extension_full_range-experiment_scalar-batch1-70-70),409337,40556f82-c10b-498e-8a4b-95de78537245,2021-02-11 14:09:32,432.345,2021-02-11 13:06:47.662000,2021-02-11 13:14:00.007000,3.0,false,implied_category,cold,nose,../data/prolific_output/run5_scalar_heat-group_scalar_heat/qu70-s_qu3-batch1.csv
qu70-s_qu3-batch1.csv-3,3,NOT AVAILABLE,NOT AVAILABLE,c86c92f5-934b-4073-b69b-aa1a3a830dc3,PROLIFIC,11-Feb-2021 14:17:21,1175,46600,4792a42c-9182-44ab-b7c0-1af9e261a28c,I know that (a/an) nose is cold as most or all other things similar to (a/an) nose are cold. ,I know that (a/an) merlot is alcoholic as most or all other things similar to (a/an) merlot are alcoholic. ,I know that (a/an) lemonade is alcoholic as most or all other things similar to (a/an) lemonade are alcoholic. ,5_scalar_heat-set_extension_full_range,https://app.prolific.co/submissions/complete?cc=135DD3C8,Agree or disagree (run5_scalar_heat-set_extension_full_range-experiment_scalar-batch1-70-70),409652,8fab23c7-2e10-4f3b-b06b-174e195baa4b,2021-02-11 14:17:21,1299.53,2021-02-11 13:03:43.109000,2021-02-11 13:25:22.639000,3.0,false,implied_category,cold,nose,../data/prolific_output/run5_scalar_heat-group_scalar_heat/qu70-s_qu3-batch1.csv
qu70-s_qu3-batch1.csv-3,3,NOT AVAILABLE,NOT AVAILABLE,965f4ff2-bcc0-4ec5-91f4-5904025dc272,PROLIFIC,11-Feb-2021 14:54:33,1175,46600,4792a42c-9182-44ab-b7c0-1af9e261a28c,I know that (a/an) nose is cold as most or all other things similar to (a/an) nose are cold. ,I know that (a/an) merlot is alcoholic as most or all other things similar to (a/an) merlot are alcoholic. ,I know that (a/an) lemonade is alcoholic as most or all other things similar to (a/an) lemonade are alcoholic. ,5_scalar_heat-set_extension_full_range,https://app.prolific.co/submissions/complete?cc=135DD3C8,Agree or disagree (run5_scalar_heat-set_extension_full_range-experiment_scalar-batch1-70-70),410323,d57ec236-f5c7-435a-a0cb-a721b6a947f6,2021-02-11 14:54:33,285.593,2021-02-11 13:50:20.301000,2021-02-11 13:55:05.894000,1.0,false,implied_category,cold,nose,../data/prolific_output/run5_scalar_heat-group_scalar_heat/qu70-s_qu3-batch1.csv
qu70-s_qu3-batch1.csv-3,3,NOT AVAILABLE,NOT AVAILABLE,34e021b9-d47d-4dd4-bc71-ddc5ab813ce2,PROLIFIC,11-Feb-2021 13:57:55,1175,46600,4792a42c-9182-44ab-b7c0-1af9e261a28c,I know that (a/an) nose is cold as most or all other things similar to (a/an) nose are cold. ,I know that (a/an) merlot is alcoholic as most or all other things similar to (a/an) merlot are alcoholic. ,I know that (a/an) lemonade is alcoholic as most or all other things similar to (a/an) lemonade are alcoholic. ,5_scalar_heat-set_extension_full_range,https://app.prolific.co/submissions/complete?cc=135DD3C8,Agree or disagree (run5_scalar_heat-set_extension_full_range-experiment_scalar-batch1-70-70),409047,8449548d-1c60-416d-b9b9-02e986d1be53,2021-02-11 13:57:55,541.406,2021-02-11 12:51:21.531000,2021-02-11 13:00:22.937000,6.0,false,implied_category,cold,nose,../data/prolific_output/run5_scalar_heat-group_scalar_heat/qu70-s_qu3-batch1.csv
qu70-s_qu3-batch1.csv-3,3,NOT AVAILABLE,NOT AVAILABLE,6d3579fa-979b-4f40-8e61-d17b09d60808,PROLIFIC,11-Feb-2021 14:42:18,1175,46600,4792a42c-9182-44ab-b7c0-1af9e261a28c,I know that (a/an) nose is cold as most or all other things similar to (a/an) nose are cold. ,I know that (a/an) merlot is alcoholic as most or all other things similar to (a/an) merlot are alcoholic. ,I know that (a/an) lemonade is alcoholic as most or all other things similar to (a/an) lemonade are alcoholic. ,5_scalar_heat-set_extension_full_range,https://app.prolific.co/submissions/complete?cc=135DD3C8,Agree or disagree (run5_scalar_heat-set_extension_full_range-experiment_scalar-batch1-70-70),410119,9b0bdb57-e4df-416d-83c3-90af927625fc,2021-02-11 14:42:18,1192.435,2021-02-11 13:22:48.051000,2021-02-11 13:42:40.486000,51.0,false,implied_category,cold,nose,../data/prolific_output/run5_scalar_heat-group_scalar_heat/qu70-s_qu3-batch1.csv
qu70-s_qu3-batch1.csv-3,3,NOT AVAILABLE,NOT AVAILABLE,cdbc1fee-804e-441b-89d3-98ac0ac8ce4d,PROLIFIC,11-Feb-2021 13:43:51,1175,46600,4792a42c-9182-44ab-b7c0-1af9e261a28c,I know that (a/an) nose is cold as most or all other things similar to (a/an) nose are cold. ,I know that (a/an) merlot is alcoholic as most or all other things similar to (a/an) merlot are alcoholic. ,I know that (a/an) lemonade is alcoholic as most or all other things similar to (a/an) lemonade are alcoholic. ,5_scalar_heat-set_extension_full_range,https://app.prolific.co/submissions/complete?cc=135DD3C8,Agree or disagree (run5_scalar_heat-set_extension_full_range-experiment_scalar-batch1-70-70),408657,e6c0279f-625a-4b1c-9b03-c95c556c8a22,2021-02-11 13:43:51,397.434,2021-02-11 12:42:36.412000,2021-02-11 12:49:13.846000,4.0,false,implied_category,cold,nose,../data/prolific_output/run5_scalar_heat-group_scalar_heat/qu70-s_qu3-batch1.csv
qu70-s_qu3-batch1.csv-3,3,NOT AVAILABLE,NOT AVAILABLE,3dad7290-5e89-4340-9c49-15454b8ca9bf,PROLIFIC,11-Feb-2021 15:23:31,1175,46600,4792a42c-9182-44ab-b7c0-1af9e261a28c,I know that (a/an) nose is cold as most or all other things similar to (a/an) nose are cold. ,I know that (a/an) merlot is alcoholic as most or all other things similar to (a/an) merlot are alcoholic. ,I know that (a/an) lemonade is alcoholic as most or all other things similar to (a/an) lemonade are alcoholic. ,5_scalar_heat-set_extension_full_range,https://app.prolific.co/submissions/complete?cc=135DD3C8,Agree or disagree (run5_scalar_heat-set_extension_full_range-experiment_scalar-batch1-70-70),410587,7816b148-e62f-4398-82a4-6a5fa950b690,2021-02-11 15:23:31,338.556,2021-02-11 14:20:14.112000,2021-02-11 14:25:52.668000,3.0,false,implied_category,cold,nose,../data/prolific_output/run5_scalar_heat-group_scalar_heat/qu70-s_qu3-batch1.csv
qu70-s_qu3-batch1.csv-3,3,NOT AVAILABLE,NOT AVAILABLE,d2716620-0f6b-4985-8f7a-496de72c4edf,PROLIFIC,11-Feb-2021 14:20:44,1175,46601,1bd1fa51-0aff-4eed-8a5e-d176fe83011d,"Usually, (a/an) nose is not cold, but there could be a highly unusual situation in which (a/an) nose is cold.","Usually, (a/an) pony is not blue, but there could be a highly unusual situation in which (a/an) pony is blue.","Usually, (a/an) razor is not sharp, but there could be a highly unusual situation in which (a/an) razor is sharp.",5_scalar_heat-set_extension_full_range,https://app.prolific.co/submissions/complete?cc=135DD3C8,Agree or disagree (run5_scalar_heat-set_extension_full_range-experiment_scalar-batch1-70-70),409786,0df7b33a-e641-47e1-a054-81f65c4445fd,2021-02-11 14:20:44,637.11,2021-02-11 13:12:57.882000,2021-02-11 13:23:34.992000,7.0,true,unusual,cold,nose,../data/prolific_output/run5_scalar_heat-group_scalar_heat/qu70-s_qu3-batch1.csv
qu70-s_qu3-batch1.csv-3,3,NOT AVAILABLE,NOT AVAILABLE,dac5112b-e90f-43d3-81c2-3642f5b6e2f9,PROLIFIC,11-Feb-2021 14:12:50,1175,46601,1bd1fa51-0aff-4eed-8a5e-d176fe83011d,"Usually, (a/an) nose is not cold, but there could be a highly unusual situation in which (a/an) nose is cold.","Usually, (a/an) pony is not blue, but there could be a highly unusual situation in which (a/an) pony is blue.","Usually, (a/an) razor is not sharp, but there could be a highly unusual situation in which (a/an) razor is sharp.",5_scalar_heat-set_extension_full_range,https://app.prolific.co/submissions/complete?cc=135DD3C8,Agree or disagree (run5_scalar_heat-set_extension_full_range-experiment_scalar-batch1-70-70),409457,e0011eac-1547-42c8-8bf4-30d818e57c2a,2021-02-11 14:12:50,432.345,2021-02-11 13:06:47.662000,2021-02-11 13:14:00.007000,4.0,false,unusual,cold,nose,../data/prolific_output/run5_scalar_heat-group_scalar_heat/qu70-s_qu3-batch1.csv
qu70-s_qu3-batch1.csv-3,3,NOT AVAILABLE,NOT AVAILABLE,c86c92f5-934b-4073-b69b-aa1a3a830dc3,PROLIFIC,11-Feb-2021 14:17:09,1175,46601,1bd1fa51-0aff-4eed-8a5e-d176fe83011d,"Usually, (a/an) nose is not cold, but there could be a highly unusual situation in which (a/an) nose is cold.","Usually, (a/an) pony is not blue, but there could be a highly unusual situation in which (a/an) pony is blue.","Usually, (a/an) razor is not sharp, but there could be a highly unusual situation in which (a/an) razor is sharp.",5_scalar_heat-set_extension_full_range,https://app.prolific.co/submissions/complete?cc=135DD3C8,Agree or disagree (run5_scalar_heat-set_extension_full_range-experiment_scalar-batch1-70-70),409644,a96fce4d-26c4-4c07-b5f5-8de779b89ca8,2021-02-11 14:17:09,1299.53,2021-02-11 13:03:43.109000,2021-02-11 13:25:22.639000,4.0,true,unusual,cold,nose,../data/prolific_output/run5_scalar_heat-group_scalar_heat/qu70-s_qu3-batch1.csv
qu70-s_qu3-batch1.csv-3,3,NOT AVAILABLE,NOT AVAILABLE,965f4ff2-bcc0-4ec5-91f4-5904025dc272,PROLIFIC,11-Feb-2021 14:54:17,1175,46601,1bd1fa51-0aff-4eed-8a5e-d176fe83011d,"Usually, (a/an) nose is not cold, but there could be a highly unusual situation in which (a/an) nose is cold.","Usually, (a/an) pony is not blue, but there could be a highly unusual situation in which (a/an) pony is blue.","Usually, (a/an) razor is not sharp, but there could be a highly unusual situation in which (a/an) razor is sharp.",5_scalar_heat-set_extension_full_range,https://app.prolific.co/submissions/complete?cc=135DD3C8,Agree or disagree (run5_scalar_heat-set_extension_full_range-experiment_scalar-batch1-70-70),410311,5fef1eb2-006b-478f-9349-3970d228ae65,2021-02-11 14:54:17,285.593,2021-02-11 13:50:20.301000,2021-02-11 13:55:05.894000,2.0,true,unusual,cold,nose,../data/prolific_output/run5_scalar_heat-group_scalar_heat/qu70-s_qu3-batch1.csv
qu70-s_qu3-batch1.csv-3,3,NOT AVAILABLE,NOT AVAILABLE,34e021b9-d47d-4dd4-bc71-ddc5ab813ce2,PROLIFIC,11-Feb-2021 13:59:20,1175,46601,1bd1fa51-0aff-4eed-8a5e-d176fe83011d,"Usually, (a/an) nose is not cold, but there could be a highly unusual situation in which (a/an) nose is cold.","Usually, (a/an) pony is not blue, but there could be a highly unusual situation in which (a/an) pony is blue.","Usually, (a/an) razor is not sharp, but there could be a highly unusual situation in which (a/an) razor is sharp.",5_scalar_heat-set_extension_full_range,https://app.prolific.co/submissions/complete?cc=135DD3C8,Agree or disagree (run5_scalar_heat-set_extension_full_range-experiment_scalar-batch1-70-70),409104,6b18bebc-59e8-4195-9652-04766ddcf1a0,2021-02-11 13:59:20,541.406,2021-02-11 12:51:21.531000,2021-02-11 13:00:22.937000,9.0,true,unusual,cold,nose,../data/prolific_output/run5_scalar_heat-group_scalar_heat/qu70-s_qu3-batch1.csv
qu70-s_qu3-batch1.csv-3,3,NOT AVAILABLE,NOT AVAILABLE,6d3579fa-979b-4f40-8e61-d17b09d60808,PROLIFIC,11-Feb-2021 14:40:59,1175,46601,1bd1fa51-0aff-4eed-8a5e-d176fe83011d,"Usually, (a/an) nose is not cold, but there could be a highly unusual situation in which (a/an) nose is cold.","Usually, (a/an) pony is not blue, but there could be a highly unusual situation in which (a/an) pony is blue.","Usually, (a/an) razor is not sharp, but there could be a highly unusual situation in which (a/an) razor is sharp.",5_scalar_heat-set_extension_full_range,https://app.prolific.co/submissions/complete?cc=135DD3C8,Agree or disagree (run5_scalar_heat-set_extension_full_range-experiment_scalar-batch1-70-70),410105,25d248c4-42a5-4929-8337-cdb899415ff6,2021-02-11 14:40:59,1192.435,2021-02-11 13:22:48.051000,2021-02-11 13:42:40.486000,4.0,true,unusual,cold,nose,../data/prolific_output/run5_scalar_heat-group_scalar_heat/qu70-s_qu3-batch1.csv
qu70-s_qu3-batch1.csv-3,3,NOT AVAILABLE,NOT AVAILABLE,cdbc1fee-804e-441b-89d3-98ac0ac8ce4d,PROLIFIC,11-Feb-2021 13:45:23,1175,46601,1bd1fa51-0aff-4eed-8a5e-d176fe83011d,"Usually, (a/an) nose is not cold, but there could be a highly unusual situation in which (a/an) nose is cold.","Usually, (a/an) pony is not blue, but there could be a highly unusual situation in which (a/an) pony is blue.","Usually, (a/an) razor is not sharp, but there could be a highly unusual situation in which (a/an) razor is sharp.",5_scalar_heat-set_extension_full_range,https://app.prolific.co/submissions/complete?cc=135DD3C8,Agree or disagree (run5_scalar_heat-set_extension_full_range-experiment_scalar-batch1-70-70),408695,63a244f1-d932-4df5-8ed9-4bac7320b78a,2021-02-11 13:45:23,397.434,2021-02-11 12:42:36.412000,2021-02-11 12:49:13.846000,4.0,false,unusual,cold,nose,../data/prolific_output/run5_scalar_heat-group_scalar_heat/qu70-s_qu3-batch1.csv
qu70-s_qu3-batch1.csv-3,3,NOT AVAILABLE,NOT AVAILABLE,3dad7290-5e89-4340-9c49-15454b8ca9bf,PROLIFIC,11-Feb-2021 15:25:42,1175,46601,1bd1fa51-0aff-4eed-8a5e-d176fe83011d,"Usually, (a/an) nose is not cold, but there could be a highly unusual situation in which (a/an) nose is cold.","Usually, (a/an) pony is not blue, but there could be a highly unusual situation in which (a/an) pony is blue.","Usually, (a/an) razor is not sharp, but there could be a highly unusual situation in which (a/an) razor is sharp.",5_scalar_heat-set_extension_full_range,https://app.prolific.co/submissions/complete?cc=135DD3C8,Agree or disagree (run5_scalar_heat-set_extension_full_range-experiment_scalar-batch1-70-70),410617,1221db5b-6c53-449b-81aa-8ea95af3873d,2021-02-11 15:25:42,338.556,2021-02-11 14:20:14.112000,2021-02-11 14:25:52.668000,3.0,true,unusual,cold,nose,../data/prolific_output/run5_scalar_heat-group_scalar_heat/qu70-s_qu3-batch1.csv
qu70-s_qu3-batch1.csv-3,3,NOT AVAILABLE,NOT AVAILABLE,d2716620-0f6b-4985-8f7a-496de72c4edf,PROLIFIC,11-Feb-2021 14:18:50,1175,46602,200d159a-6ddd-4549-9157-ba2af90d38f2,``Nose'' is one of the first things which come to mind when I hear ``cold' because (a/an) nose is a typical example of things which are cold'. ,``Snow'' is one of the first things which come to mind when I hear ``white' because (a/an) snow is a typical example of things which are white'. ,``Water'' is one of the first things which come to mind when I hear ``grey' because (a/an) water is a typical example of things which are grey'. ,5_scalar_heat-set_extension_full_range,https://app.prolific.co/submissions/complete?cc=135DD3C8,Agree or disagree (run5_scalar_heat-set_extension_full_range-experiment_scalar-batch1-70-70),409730,fe1a2255-1370-4cbb-b354-15fe88f66fd6,2021-02-11 14:18:50,637.11,2021-02-11 13:12:57.882000,2021-02-11 13:23:34.992000,4.0,false,typical_of_property,cold,nose,../data/prolific_output/run5_scalar_heat-group_scalar_heat/qu70-s_qu3-batch1.csv
qu70-s_qu3-batch1.csv-3,3,NOT AVAILABLE,NOT AVAILABLE,dac5112b-e90f-43d3-81c2-3642f5b6e2f9,PROLIFIC,11-Feb-2021 14:10:56,1175,46602,200d159a-6ddd-4549-9157-ba2af90d38f2,``Nose'' is one of the first things which come to mind when I hear ``cold' because (a/an) nose is a typical example of things which are cold'. ,``Snow'' is one of the first things which come to mind when I hear ``white' because (a/an) snow is a typical example of things which are white'. ,``Water'' is one of the first things which come to mind when I hear ``grey' because (a/an) water is a typical example of things which are grey'. ,5_scalar_heat-set_extension_full_range,https://app.prolific.co/submissions/complete?cc=135DD3C8,Agree or disagree (run5_scalar_heat-set_extension_full_range-experiment_scalar-batch1-70-70),409394,b82d6734-e4ce-439c-ad95-1fec0fd0adc4,2021-02-11 14:10:56,432.345,2021-02-11 13:06:47.662000,2021-02-11 13:14:00.007000,1.0,false,typical_of_property,cold,nose,../data/prolific_output/run5_scalar_heat-group_scalar_heat/qu70-s_qu3-batch1.csv
qu70-s_qu3-batch1.csv-3,3,NOT AVAILABLE,NOT AVAILABLE,c86c92f5-934b-4073-b69b-aa1a3a830dc3,PROLIFIC,11-Feb-2021 14:14:59,1175,46602,200d159a-6ddd-4549-9157-ba2af90d38f2,``Nose'' is one of the first things which come to mind when I hear ``cold' because (a/an) nose is a typical example of things which are cold'. ,``Snow'' is one of the first things which come to mind when I hear ``white' because (a/an) snow is a typical example of things which are white'. ,``Water'' is one of the first things which come to mind when I hear ``grey' because (a/an) water is a typical example of things which are grey'. ,5_scalar_heat-set_extension_full_range,https://app.prolific.co/submissions/complete?cc=135DD3C8,Agree or disagree (run5_scalar_heat-set_extension_full_range-experiment_scalar-batch1-70-70),409530,a1784366-7d88-4837-9ef1-e0ce4d064786,2021-02-11 14:14:59,1299.53,2021-02-11 13:03:43.109000,2021-02-11 13:25:22.639000,51.0,false,typical_of_property,cold,nose,../data/prolific_output/run5_scalar_heat-group_scalar_heat/qu70-s_qu3-batch1.csv
qu70-s_qu3-batch1.csv-3,3,NOT AVAILABLE,NOT AVAILABLE,965f4ff2-bcc0-4ec5-91f4-5904025dc272,PROLIFIC,11-Feb-2021 14:53:44,1175,46602,200d159a-6ddd-4549-9157-ba2af90d38f2,``Nose'' is one of the first things which come to mind when I hear ``cold' because (a/an) nose is a typical example of things which are cold'. ,``Snow'' is one of the first things which come to mind when I hear ``white' because (a/an) snow is a typical example of things which are white'. ,``Water'' is one of the first things which come to mind when I hear ``grey' because (a/an) water is a typical example of things which are grey'. ,5_scalar_heat-set_extension_full_range,https://app.prolific.co/submissions/complete?cc=135DD3C8,Agree or disagree (run5_scalar_heat-set_extension_full_range-experiment_scalar-batch1-70-70),410291,f71f262d-871a-4692-8df4-7ae68133fdd2,2021-02-11 14:53:44,285.593,2021-02-11 13:50:20.301000,2021-02-11 13:55:05.894000,2.0,false,typical_of_property,cold,nose,../data/prolific_output/run5_scalar_heat-group_scalar_heat/qu70-s_qu3-batch1.csv
qu70-s_qu3-batch1.csv-3,3,NOT AVAILABLE,NOT AVAILABLE,34e021b9-d47d-4dd4-bc71-ddc5ab813ce2,PROLIFIC,11-Feb-2021 13:59:37,1175,46602,200d159a-6ddd-4549-9157-ba2af90d38f2,``Nose'' is one of the first things which come to mind when I hear ``cold' because (a/an) nose is a typical example of things which are cold'. ,``Snow'' is one of the first things which come to mind when I hear ``white' because (a/an) snow is a typical example of things which are white'. ,``Water'' is one of the first things which come to mind when I hear ``grey' because (a/an) water is a typical example of things which are grey'. ,5_scalar_heat-set_extension_full_range,https://app.prolific.co/submissions/complete?cc=135DD3C8,Agree or disagree (run5_scalar_heat-set_extension_full_range-experiment_scalar-batch1-70-70),409116,d3795d53-05a0-46d4-b86d-2bf9bdd7367b,2021-02-11 13:59:37,541.406,2021-02-11 12:51:21.531000,2021-02-11 13:00:22.937000,3.0,false,typical_of_property,cold,nose,../data/prolific_output/run5_scalar_heat-group_scalar_heat/qu70-s_qu3-batch1.csv
qu70-s_qu3-batch1.csv-3,3,NOT AVAILABLE,NOT AVAILABLE,6d3579fa-979b-4f40-8e61-d17b09d60808,PROLIFIC,11-Feb-2021 14:24:20,1175,46602,200d159a-6ddd-4549-9157-ba2af90d38f2,``Nose'' is one of the first things which come to mind when I hear ``cold' because (a/an) nose is a typical example of things which are cold'. ,``Snow'' is one of the first things which come to mind when I hear ``white' because (a/an) snow is a typical example of things which are white'. ,``Water'' is one of the first things which come to mind when I hear ``grey' because (a/an) water is a typical example of things which are grey'. ,5_scalar_heat-set_extension_full_range,https://app.prolific.co/submissions/complete?cc=135DD3C8,Agree or disagree (run5_scalar_heat-set_extension_full_range-experiment_scalar-batch1-70-70),409837,f0d1b87b-6b3d-48b8-85f2-4f741900cb1d,2021-02-11 14:24:20,1192.435,2021-02-11 13:22:48.051000,2021-02-11 13:42:40.486000,4.0,false,typical_of_property,cold,nose,../data/prolific_output/run5_scalar_heat-group_scalar_heat/qu70-s_qu3-batch1.csv
qu70-s_qu3-batch1.csv-3,3,NOT AVAILABLE,NOT AVAILABLE,cdbc1fee-804e-441b-89d3-98ac0ac8ce4d,PROLIFIC,11-Feb-2021 13:47:22,1175,46602,200d159a-6ddd-4549-9157-ba2af90d38f2,``Nose'' is one of the first things which come to mind when I hear ``cold' because (a/an) nose is a typical example of things which are cold'. ,``Snow'' is one of the first things which come to mind when I hear ``white' because (a/an) snow is a typical example of things which are white'. ,``Water'' is one of the first things which come to mind when I hear ``grey' because (a/an) water is a typical example of things which are grey'. ,5_scalar_heat-set_extension_full_range,https://app.prolific.co/submissions/complete?cc=135DD3C8,Agree or disagree (run5_scalar_heat-set_extension_full_range-experiment_scalar-batch1-70-70),408725,8552ac02-829f-427f-8a07-0ed890f01b15,2021-02-11 13:47:22,397.434,2021-02-11 12:42:36.412000,2021-02-11 12:49:13.846000,4.0,false,typical_of_property,cold,nose,../data/prolific_output/run5_scalar_heat-group_scalar_heat/qu70-s_qu3-batch1.csv
qu70-s_qu3-batch1.csv-3,3,NOT AVAILABLE,NOT AVAILABLE,3dad7290-5e89-4340-9c49-15454b8ca9bf,PROLIFIC,11-Feb-2021 15:25:46,1175,46602,200d159a-6ddd-4549-9157-ba2af90d38f2,``Nose'' is one of the first things which come to mind when I hear ``cold' because (a/an) nose is a typical example of things which are cold'. ,``Snow'' is one of the first things which come to mind when I hear ``white' because (a/an) snow is a typical example of things which are white'. ,``Water'' is one of the first things which come to mind when I hear ``grey' because (a/an) water is a typical example of things which are grey'. ,5_scalar_heat-set_extension_full_range,https://app.prolific.co/submissions/complete?cc=135DD3C8,Agree or disagree (run5_scalar_heat-set_extension_full_range-experiment_scalar-batch1-70-70),410619,3212fb5d-98a6-44bd-9f01-2d170ed788b8,2021-02-11 15:25:46,338.556,2021-02-11 14:20:14.112000,2021-02-11 14:25:52.668000,2.0,false,typical_of_property,cold,nose,../data/prolific_output/run5_scalar_heat-group_scalar_heat/qu70-s_qu3-batch1.csv
qu70-s_qu3-batch1.csv-3,3,NOT AVAILABLE,NOT AVAILABLE,d2716620-0f6b-4985-8f7a-496de72c4edf,PROLIFIC,11-Feb-2021 14:22:38,1175,46603,110709b5-523f-4408-aac2-243d99357274,I know that (a/an) quesadilla is cold as most or all other things similar to (a/an) quesadilla are cold. ,I know that (a/an) merlot is alcoholic as most or all other things similar to (a/an) merlot are alcoholic. ,I know that (a/an) lemonade is alcoholic as most or all other things similar to (a/an) lemonade are alcoholic. ,5_scalar_heat-set_extension_full_range,https://app.prolific.co/submissions/complete?cc=135DD3C8,Agree or disagree (run5_scalar_heat-set_extension_full_range-experiment_scalar-batch1-70-70),409809,55a42158-00bf-4311-ad80-87c4f9be03fe,2021-02-11 14:22:38,637.11,2021-02-11 13:12:57.882000,2021-02-11 13:23:34.992000,5.0,false,implied_category,cold,quesadilla,../data/prolific_output/run5_scalar_heat-group_scalar_heat/qu70-s_qu3-batch1.csv
qu70-s_qu3-batch1.csv-3,3,NOT AVAILABLE,NOT AVAILABLE,dac5112b-e90f-43d3-81c2-3642f5b6e2f9,PROLIFIC,11-Feb-2021 14:12:55,1175,46603,110709b5-523f-4408-aac2-243d99357274,I know that (a/an) quesadilla is cold as most or all other things similar to (a/an) quesadilla are cold. ,I know that (a/an) merlot is alcoholic as most or all other things similar to (a/an) merlot are alcoholic. ,I know that (a/an) lemonade is alcoholic as most or all other things similar to (a/an) lemonade are alcoholic. ,5_scalar_heat-set_extension_full_range,https://app.prolific.co/submissions/complete?cc=135DD3C8,Agree or disagree (run5_scalar_heat-set_extension_full_range-experiment_scalar-batch1-70-70),409461,69024b49-448c-441e-900a-18dcb14e60a8,2021-02-11 14:12:55,432.345,2021-02-11 13:06:47.662000,2021-02-11 13:14:00.007000,3.0,false,implied_category,cold,quesadilla,../data/prolific_output/run5_scalar_heat-group_scalar_heat/qu70-s_qu3-batch1.csv
qu70-s_qu3-batch1.csv-3,3,NOT AVAILABLE,NOT AVAILABLE,c86c92f5-934b-4073-b69b-aa1a3a830dc3,PROLIFIC,11-Feb-2021 14:23:52,1175,46603,110709b5-523f-4408-aac2-243d99357274,I know that (a/an) quesadilla is cold as most or all other things similar to (a/an) quesadilla are cold. ,I know that (a/an) merlot is alcoholic as most or all other things similar to (a/an) merlot are alcoholic. ,I know that (a/an) lemonade is alcoholic as most or all other things similar to (a/an) lemonade are alcoholic. ,5_scalar_heat-set_extension_full_range,https://app.prolific.co/submissions/complete?cc=135DD3C8,Agree or disagree (run5_scalar_heat-set_extension_full_range-experiment_scalar-batch1-70-70),409829,92c481ae-89f6-467d-a590-770b3c9a1a6c,2021-02-11 14:23:52,1299.53,2021-02-11 13:03:43.109000,2021-02-11 13:25:22.639000,5.0,false,implied_category,cold,quesadilla,../data/prolific_output/run5_scalar_heat-group_scalar_heat/qu70-s_qu3-batch1.csv
qu70-s_qu3-batch1.csv-3,3,NOT AVAILABLE,NOT AVAILABLE,965f4ff2-bcc0-4ec5-91f4-5904025dc272,PROLIFIC,11-Feb-2021 14:54:58,1175,46603,110709b5-523f-4408-aac2-243d99357274,I know that (a/an) quesadilla is cold as most or all other things similar to (a/an) quesadilla are cold. ,I know that (a/an) merlot is alcoholic as most or all other things similar to (a/an) merlot are alcoholic. ,I know that (a/an) lemonade is alcoholic as most or all other things similar to (a/an) lemonade are alcoholic. ,5_scalar_heat-set_extension_full_range,https://app.prolific.co/submissions/complete?cc=135DD3C8,Agree or disagree (run5_scalar_heat-set_extension_full_range-experiment_scalar-batch1-70-70),410345,8383a56b-e206-4861-a417-8ec196953f79,2021-02-11 14:54:58,285.593,2021-02-11 13:50:20.301000,2021-02-11 13:55:05.894000,1.0,false,implied_category,cold,quesadilla,../data/prolific_output/run5_scalar_heat-group_scalar_heat/qu70-s_qu3-batch1.csv
qu70-s_qu3-batch1.csv-3,3,NOT AVAILABLE,NOT AVAILABLE,34e021b9-d47d-4dd4-bc71-ddc5ab813ce2,PROLIFIC,11-Feb-2021 13:53:32,1175,46603,110709b5-523f-4408-aac2-243d99357274,I know that (a/an) quesadilla is cold as most or all other things similar to (a/an) quesadilla are cold. ,I know that (a/an) merlot is alcoholic as most or all other things similar to (a/an) merlot are alcoholic. ,I know that (a/an) lemonade is alcoholic as most or all other things similar to (a/an) lemonade are alcoholic. ,5_scalar_heat-set_extension_full_range,https://app.prolific.co/submissions/complete?cc=135DD3C8,Agree or disagree (run5_scalar_heat-set_extension_full_range-experiment_scalar-batch1-70-70),408869,54249c6b-c6a5-4650-97ea-307cba536863,2021-02-11 13:53:32,541.406,2021-02-11 12:51:21.531000,2021-02-11 13:00:22.937000,4.0,false,implied_category,cold,quesadilla,../data/prolific_output/run5_scalar_heat-group_scalar_heat/qu70-s_qu3-batch1.csv
qu70-s_qu3-batch1.csv-3,3,NOT AVAILABLE,NOT AVAILABLE,6d3579fa-979b-4f40-8e61-d17b09d60808,PROLIFIC,11-Feb-2021 14:29:39,1175,46603,110709b5-523f-4408-aac2-243d99357274,I know that (a/an) quesadilla is cold as most or all other things similar to (a/an) quesadilla are cold. ,I know that (a/an) merlot is alcoholic as most or all other things similar to (a/an) merlot are alcoholic. ,I know that (a/an) lemonade is alcoholic as most or all other things similar to (a/an) lemonade are alcoholic. ,5_scalar_heat-set_extension_full_range,https://app.prolific.co/submissions/complete?cc=135DD3C8,Agree or disagree (run5_scalar_heat-set_extension_full_range-experiment_scalar-batch1-70-70),409916,f8bb522c-bc7a-453b-8168-a73385862a07,2021-02-11 14:29:39,1192.435,2021-02-11 13:22:48.051000,2021-02-11 13:42:40.486000,2.0,false,implied_category,cold,quesadilla,../data/prolific_output/run5_scalar_heat-group_scalar_heat/qu70-s_qu3-batch1.csv
qu70-s_qu3-batch1.csv-3,3,NOT AVAILABLE,NOT AVAILABLE,cdbc1fee-804e-441b-89d3-98ac0ac8ce4d,PROLIFIC,11-Feb-2021 13:48:11,1175,46603,110709b5-523f-4408-aac2-243d99357274,I know that (a/an) quesadilla is cold as most or all other things similar to (a/an) quesadilla are cold. ,I know that (a/an) merlot is alcoholic as most or all other things similar to (a/an) merlot are alcoholic. ,I know that (a/an) lemonade is alcoholic as most or all other things similar to (a/an) lemonade are alcoholic. ,5_scalar_heat-set_extension_full_range,https://app.prolific.co/submissions/complete?cc=135DD3C8,Agree or disagree (run5_scalar_heat-set_extension_full_range-experiment_scalar-batch1-70-70),408732,40f97e96-6e13-4a4e-8713-240320bfe36c,2021-02-11 13:48:11,397.434,2021-02-11 12:42:36.412000,2021-02-11 12:49:13.846000,4.0,false,implied_category,cold,quesadilla,../data/prolific_output/run5_scalar_heat-group_scalar_heat/qu70-s_qu3-batch1.csv
qu70-s_qu3-batch1.csv-3,3,NOT AVAILABLE,NOT AVAILABLE,3dad7290-5e89-4340-9c49-15454b8ca9bf,PROLIFIC,11-Feb-2021 15:21:55,1175,46603,110709b5-523f-4408-aac2-243d99357274,I know that (a/an) quesadilla is cold as most or all other things similar to (a/an) quesadilla are cold. ,I know that (a/an) merlot is alcoholic as most or all other things similar to (a/an) merlot are alcoholic. ,I know that (a/an) lemonade is alcoholic as most or all other things similar to (a/an) lemonade are alcoholic. ,5_scalar_heat-set_extension_full_range,https://app.prolific.co/submissions/complete?cc=135DD3C8,Agree or disagree (run5_scalar_heat-set_extension_full_range-experiment_scalar-batch1-70-70),410567,b1985845-a441-4442-bb13-12961ae27f1c,2021-02-11 15:21:55,338.556,2021-02-11 14:20:14.112000,2021-02-11 14:25:52.668000,3.0,false,implied_category,cold,quesadilla,../data/prolific_output/run5_scalar_heat-group_scalar_heat/qu70-s_qu3-batch1.csv
qu70-s_qu3-batch1.csv-3,3,NOT AVAILABLE,NOT AVAILABLE,d2716620-0f6b-4985-8f7a-496de72c4edf,PROLIFIC,11-Feb-2021 14:21:16,1175,46604,71f09677-50c0-4681-9a5a-8ee81aa8208f,"I could say (a/an) quesadilla is cold, but I would most certainly not mean it literally.","I could say (a/an) anger is hot, but I would most certainly not mean it literally.
I could say (a/an) person is cold, but I would most certainly not mean it literally.
I could say (a/an) story is dark, but I would most certainly not mean it literally.","I could say (a/an) fire is hot, but I would most certainly not mean it literally.
I could say (a/an) stone is heavy, but I would most certainly not mean it literally.
I could say (a/an) argument is liquid, but I would most certainly not mean it literally.",5_scalar_heat-set_extension_full_range,https://app.prolific.co/submissions/complete?cc=135DD3C8,Agree or disagree (run5_scalar_heat-set_extension_full_range-experiment_scalar-batch1-70-70),409795,0e8d5dcd-1667-4f03-8e9e-38561d713722,2021-02-11 14:21:16,637.11,2021-02-11 13:12:57.882000,2021-02-11 13:23:34.992000,6.0,true,creative,cold,quesadilla,../data/prolific_output/run5_scalar_heat-group_scalar_heat/qu70-s_qu3-batch1.csv
qu70-s_qu3-batch1.csv-3,3,NOT AVAILABLE,NOT AVAILABLE,dac5112b-e90f-43d3-81c2-3642f5b6e2f9,PROLIFIC,11-Feb-2021 14:12:41,1175,46604,71f09677-50c0-4681-9a5a-8ee81aa8208f,"I could say (a/an) quesadilla is cold, but I would most certainly not mean it literally.","I could say (a/an) anger is hot, but I would most certainly not mean it literally.
I could say (a/an) person is cold, but I would most certainly not mean it literally.
I could say (a/an) story is dark, but I would most certainly not mean it literally.","I could say (a/an) fire is hot, but I would most certainly not mean it literally.
I could say (a/an) stone is heavy, but I would most certainly not mean it literally.
I could say (a/an) argument is liquid, but I would most certainly not mean it literally.",5_scalar_heat-set_extension_full_range,https://app.prolific.co/submissions/complete?cc=135DD3C8,Agree or disagree (run5_scalar_heat-set_extension_full_range-experiment_scalar-batch1-70-70),409450,d528d043-ef69-49e0-a254-06b9ef3d341c,2021-02-11 14:12:41,432.345,2021-02-11 13:06:47.662000,2021-02-11 13:14:00.007000,2.0,false,creative,cold,quesadilla,../data/prolific_output/run5_scalar_heat-group_scalar_heat/qu70-s_qu3-batch1.csv
qu70-s_qu3-batch1.csv-3,3,NOT AVAILABLE,NOT AVAILABLE,c86c92f5-934b-4073-b69b-aa1a3a830dc3,PROLIFIC,11-Feb-2021 14:23:41,1175,46604,71f09677-50c0-4681-9a5a-8ee81aa8208f,"I could say (a/an) quesadilla is cold, but I would most certainly not mean it literally.","I could say (a/an) anger is hot, but I would most certainly not mean it literally.
I could say (a/an) person is cold, but I would most certainly not mean it literally.
I could say (a/an) story is dark, but I would most certainly not mean it literally.","I could say (a/an) fire is hot, but I would most certainly not mean it literally.
I could say (a/an) stone is heavy, but I would most certainly not mean it literally.
I could say (a/an) argument is liquid, but I would most certainly not mean it literally.",5_scalar_heat-set_extension_full_range,https://app.prolific.co/submissions/complete?cc=135DD3C8,Agree or disagree (run5_scalar_heat-set_extension_full_range-experiment_scalar-batch1-70-70),409827,2712aa0e-4531-4790-851b-71d16a6296fb,2021-02-11 14:23:41,1299.53,2021-02-11 13:03:43.109000,2021-02-11 13:25:22.639000,3.0,false,creative,cold,quesadilla,../data/prolific_output/run5_scalar_heat-group_scalar_heat/qu70-s_qu3-batch1.csv
qu70-s_qu3-batch1.csv-3,3,NOT AVAILABLE,NOT AVAILABLE,965f4ff2-bcc0-4ec5-91f4-5904025dc272,PROLIFIC,11-Feb-2021 14:52:41,1175,46604,71f09677-50c0-4681-9a5a-8ee81aa8208f,"I could say (a/an) quesadilla is cold, but I would most certainly not mean it literally.","I could say (a/an) anger is hot, but I would most certainly not mean it literally.
I could say (a/an) person is cold, but I would most certainly not mean it literally.
I could say (a/an) story is dark, but I would most certainly not mean it literally.","I could say (a/an) fire is hot, but I would most certainly not mean it literally.
I could say (a/an) stone is heavy, but I would most certainly not mean it literally.
I could say (a/an) argument is liquid, but I would most certainly not mean it literally.",5_scalar_heat-set_extension_full_range,https://app.prolific.co/submissions/complete?cc=135DD3C8,Agree or disagree (run5_scalar_heat-set_extension_full_range-experiment_scalar-batch1-70-70),410263,7cbc35d1-8b40-4219-bb8e-06be75513f0a,2021-02-11 14:52:41,285.593,2021-02-11 13:50:20.301000,2021-02-11 13:55:05.894000,4.0,false,creative,cold,quesadilla,../data/prolific_output/run5_scalar_heat-group_scalar_heat/qu70-s_qu3-batch1.csv
qu70-s_qu3-batch1.csv-3,3,NOT AVAILABLE,NOT AVAILABLE,34e021b9-d47d-4dd4-bc71-ddc5ab813ce2,PROLIFIC,11-Feb-2021 13:56:45,1175,46604,71f09677-50c0-4681-9a5a-8ee81aa8208f,"I could say (a/an) quesadilla is cold, but I would most certainly not mean it literally.","I could say (a/an) anger is hot, but I would most certainly not mean it literally.
I could say (a/an) person is cold, but I would most certainly not mean it literally.
I could say (a/an) story is dark, but I would most certainly not mean it literally.","I could say (a/an) fire is hot, but I would most certainly not mean it literally.
I could say (a/an) stone is heavy, but I would most certainly not mean it literally.
I could say (a/an) argument is liquid, but I would most certainly not mean it literally.",5_scalar_heat-set_extension_full_range,https://app.prolific.co/submissions/complete?cc=135DD3C8,Agree or disagree (run5_scalar_heat-set_extension_full_range-experiment_scalar-batch1-70-70),408996,14b6447a-2ab2-4be9-ace3-c3607abf919a,2021-02-11 13:56:45,541.406,2021-02-11 12:51:21.531000,2021-02-11 13:00:22.937000,8.0,false,creative,cold,quesadilla,../data/prolific_output/run5_scalar_heat-group_scalar_heat/qu70-s_qu3-batch1.csv
qu70-s_qu3-batch1.csv-3,3,NOT AVAILABLE,NOT AVAILABLE,6d3579fa-979b-4f40-8e61-d17b09d60808,PROLIFIC,11-Feb-2021 14:24:13,1175,46604,71f09677-50c0-4681-9a5a-8ee81aa8208f,"I could say (a/an) quesadilla is cold, but I would most certainly not mean it literally.","I could say (a/an) anger is hot, but I would most certainly not mean it literally.
I could say (a/an) person is cold, but I would most certainly not mean it literally.
I could say (a/an) story is dark, but I would most certainly not mean it literally.","I could say (a/an) fire is hot, but I would most certainly not mean it literally.
I could say (a/an) stone is heavy, but I would most certainly not mean it literally.
I could say (a/an) argument is liquid, but I would most certainly not mean it literally.",5_scalar_heat-set_extension_full_range,https://app.prolific.co/submissions/complete?cc=135DD3C8,Agree or disagree (run5_scalar_heat-set_extension_full_range-experiment_scalar-batch1-70-70),409835,06756abf-44d2-4f52-8418-88342bc820bf,2021-02-11 14:24:13,1192.435,2021-02-11 13:22:48.051000,2021-02-11 13:42:40.486000,3.0,false,creative,cold,quesadilla,../data/prolific_output/run5_scalar_heat-group_scalar_heat/qu70-s_qu3-batch1.csv
qu70-s_qu3-batch1.csv-3,3,NOT AVAILABLE,NOT AVAILABLE,cdbc1fee-804e-441b-89d3-98ac0ac8ce4d,PROLIFIC,11-Feb-2021 13:45:26,1175,46604,71f09677-50c0-4681-9a5a-8ee81aa8208f,"I could say (a/an) quesadilla is cold, but I would most certainly not mean it literally.","I could say (a/an) anger is hot, but I would most certainly not mean it literally.
I could say (a/an) person is cold, but I would most certainly not mean it literally.
I could say (a/an) story is dark, but I would most certainly not mean it literally.","I could say (a/an) fire is hot, but I would most certainly not mean it literally.
I could say (a/an) stone is heavy, but I would most certainly not mean it literally.
I could say (a/an) argument is liquid, but I would most certainly not mean it literally.",5_scalar_heat-set_extension_full_range,https://app.prolific.co/submissions/complete?cc=135DD3C8,Agree or disagree (run5_scalar_heat-set_extension_full_range-experiment_scalar-batch1-70-70),408696,c5028c3f-3f38-406f-9d78-bbef7b0eba2e,2021-02-11 13:45:26,397.434,2021-02-11 12:42:36.412000,2021-02-11 12:49:13.846000,3.0,false,creative,cold,quesadilla,../data/prolific_output/run5_scalar_heat-group_scalar_heat/qu70-s_qu3-batch1.csv
qu70-s_qu3-batch1.csv-3,3,NOT AVAILABLE,NOT AVAILABLE,3dad7290-5e89-4340-9c49-15454b8ca9bf,PROLIFIC,11-Feb-2021 15:22:59,1175,46604,71f09677-50c0-4681-9a5a-8ee81aa8208f,"I could say (a/an) quesadilla is cold, but I would most certainly not mean it literally.","I could say (a/an) anger is hot, but I would most certainly not mean it literally.
I could say (a/an) person is cold, but I would most certainly not mean it literally.
I could say (a/an) story is dark, but I would most certainly not mean it literally.","I could say (a/an) fire is hot, but I would most certainly not mean it literally.
I could say (a/an) stone is heavy, but I would most certainly not mean it literally.
I could say (a/an) argument is liquid, but I would most certainly not mean it literally.",5_scalar_heat-set_extension_full_range,https://app.prolific.co/submissions/complete?cc=135DD3C8,Agree or disagree (run5_scalar_heat-set_extension_full_range-experiment_scalar-batch1-70-70),410579,b75393b0-ecdf-4d65-9c88-25cbfd39cefc,2021-02-11 15:22:59,338.556,2021-02-11 14:20:14.112000,2021-02-11 14:25:52.668000,3.0,false,creative,cold,quesadilla,../data/prolific_output/run5_scalar_heat-group_scalar_heat/qu70-s_qu3-batch1.csv
qu70-s_qu3-batch1.csv-3,3,NOT AVAILABLE,NOT AVAILABLE,d2716620-0f6b-4985-8f7a-496de72c4edf,PROLIFIC,11-Feb-2021 14:15:03,1175,46605,3e20c264-40d4-4c9a-9883-5b5ec50ecffb,``Cold'' is one for the first things which come to mind when I hear ``quesadilla' because cold is one of the typical temperatures of (a/an) quesadilla'.,``Heavy'' is one for the first things which come to mind when I hear ``rock' because heavy is one of the typical qualities of (a/an) rock'.,``Green'' is one for the first things which come to mind when I hear ``raspberry' because green is one of the typical colors of (a/an) raspberry'.,5_scalar_heat-set_extension_full_range,https://app.prolific.co/submissions/complete?cc=135DD3C8,Agree or disagree (run5_scalar_heat-set_extension_full_range-experiment_scalar-batch1-70-70),409533,44b5d335-c58e-4931-abfd-f72f50aa6321,2021-02-11 14:15:03,637.11,2021-02-11 13:12:57.882000,2021-02-11 13:23:34.992000,7.0,false,typical_of_concept,cold,quesadilla,../data/prolific_output/run5_scalar_heat-group_scalar_heat/qu70-s_qu3-batch1.csv
qu70-s_qu3-batch1.csv-3,3,NOT AVAILABLE,NOT AVAILABLE,dac5112b-e90f-43d3-81c2-3642f5b6e2f9,PROLIFIC,11-Feb-2021 14:11:47,1175,46605,3e20c264-40d4-4c9a-9883-5b5ec50ecffb,``Cold'' is one for the first things which come to mind when I hear ``quesadilla' because cold is one of the typical temperatures of (a/an) quesadilla'.,``Heavy'' is one for the first things which come to mind when I hear ``rock' because heavy is one of the typical qualities of (a/an) rock'.,``Green'' is one for the first things which come to mind when I hear ``raspberry' because green is one of the typical colors of (a/an) raspberry'.,5_scalar_heat-set_extension_full_range,https://app.prolific.co/submissions/complete?cc=135DD3C8,Agree or disagree (run5_scalar_heat-set_extension_full_range-experiment_scalar-batch1-70-70),409420,85d5c21e-582c-4b3e-a15b-b1ac24d258ee,2021-02-11 14:11:47,432.345,2021-02-11 13:06:47.662000,2021-02-11 13:14:00.007000,51.0,false,typical_of_concept,cold,quesadilla,../data/prolific_output/run5_scalar_heat-group_scalar_heat/qu70-s_qu3-batch1.csv
qu70-s_qu3-batch1.csv-3,3,NOT AVAILABLE,NOT AVAILABLE,c86c92f5-934b-4073-b69b-aa1a3a830dc3,PROLIFIC,11-Feb-2021 14:21:33,1175,46605,3e20c264-40d4-4c9a-9883-5b5ec50ecffb,``Cold'' is one for the first things which come to mind when I hear ``quesadilla' because cold is one of the typical temperatures of (a/an) quesadilla'.,``Heavy'' is one for the first things which come to mind when I hear ``rock' because heavy is one of the typical qualities of (a/an) rock'.,``Green'' is one for the first things which come to mind when I hear ``raspberry' because green is one of the typical colors of (a/an) raspberry'.,5_scalar_heat-set_extension_full_range,https://app.prolific.co/submissions/complete?cc=135DD3C8,Agree or disagree (run5_scalar_heat-set_extension_full_range-experiment_scalar-batch1-70-70),409797,474d7e5e-6fa2-47ed-8511-1e75b0207ff5,2021-02-11 14:21:33,1299.53,2021-02-11 13:03:43.109000,2021-02-11 13:25:22.639000,25.0,false,typical_of_concept,cold,quesadilla,../data/prolific_output/run5_scalar_heat-group_scalar_heat/qu70-s_qu3-batch1.csv
qu70-s_qu3-batch1.csv-3,3,NOT AVAILABLE,NOT AVAILABLE,965f4ff2-bcc0-4ec5-91f4-5904025dc272,PROLIFIC,11-Feb-2021 14:54:19,1175,46605,3e20c264-40d4-4c9a-9883-5b5ec50ecffb,``Cold'' is one for the first things which come to mind when I hear ``quesadilla' because cold is one of the typical temperatures of (a/an) quesadilla'.,``Heavy'' is one for the first things which come to mind when I hear ``rock' because heavy is one of the typical qualities of (a/an) rock'.,``Green'' is one for the first things which come to mind when I hear ``raspberry' because green is one of the typical colors of (a/an) raspberry'.,5_scalar_heat-set_extension_full_range,https://app.prolific.co/submissions/complete?cc=135DD3C8,Agree or disagree (run5_scalar_heat-set_extension_full_range-experiment_scalar-batch1-70-70),410313,7065dbcc-1461-41c5-8636-208f23df36f9,2021-02-11 14:54:19,285.593,2021-02-11 13:50:20.301000,2021-02-11 13:55:05.894000,2.0,false,typical_of_concept,cold,quesadilla,../data/prolific_output/run5_scalar_heat-group_scalar_heat/qu70-s_qu3-batch1.csv
qu70-s_qu3-batch1.csv-3,3,NOT AVAILABLE,NOT AVAILABLE,34e021b9-d47d-4dd4-bc71-ddc5ab813ce2,PROLIFIC,11-Feb-2021 13:56:05,1175,46605,3e20c264-40d4-4c9a-9883-5b5ec50ecffb,``Cold'' is one for the first things which come to mind when I hear ``quesadilla' because cold is one of the typical temperatures of (a/an) quesadilla'.,``Heavy'' is one for the first things which come to mind when I hear ``rock' because heavy is one of the typical qualities of (a/an) rock'.,``Green'' is one for the first things which come to mind when I hear ``raspberry' because green is one of the typical colors of (a/an) raspberry'.,5_scalar_heat-set_extension_full_range,https://app.prolific.co/submissions/complete?cc=135DD3C8,Agree or disagree (run5_scalar_heat-set_extension_full_range-experiment_scalar-batch1-70-70),408971,9252bfcf-598f-4965-9831-921b5e8b5e29,2021-02-11 13:56:05,541.406,2021-02-11 12:51:21.531000,2021-02-11 13:00:22.937000,3.0,false,typical_of_concept,cold,quesadilla,../data/prolific_output/run5_scalar_heat-group_scalar_heat/qu70-s_qu3-batch1.csv
qu70-s_qu3-batch1.csv-3,3,NOT AVAILABLE,NOT AVAILABLE,6d3579fa-979b-4f40-8e61-d17b09d60808,PROLIFIC,11-Feb-2021 14:32:07,1175,46605,3e20c264-40d4-4c9a-9883-5b5ec50ecffb,``Cold'' is one for the first things which come to mind when I hear ``quesadilla' because cold is one of the typical temperatures of (a/an) quesadilla'.,``Heavy'' is one for the first things which come to mind when I hear ``rock' because heavy is one of the typical qualities of (a/an) rock'.,``Green'' is one for the first things which come to mind when I hear ``raspberry' because green is one of the typical colors of (a/an) raspberry'.,5_scalar_heat-set_extension_full_range,https://app.prolific.co/submissions/complete?cc=135DD3C8,Agree or disagree (run5_scalar_heat-set_extension_full_range-experiment_scalar-batch1-70-70),409971,f36ef885-e244-49df-a08f-0be0edb69ddd,2021-02-11 14:32:07,1192.435,2021-02-11 13:22:48.051000,2021-02-11 13:42:40.486000,2.0,false,typical_of_concept,cold,quesadilla,../data/prolific_output/run5_scalar_heat-group_scalar_heat/qu70-s_qu3-batch1.csv
qu70-s_qu3-batch1.csv-3,3,NOT AVAILABLE,NOT AVAILABLE,cdbc1fee-804e-441b-89d3-98ac0ac8ce4d,PROLIFIC,11-Feb-2021 13:46:05,1175,46605,3e20c264-40d4-4c9a-9883-5b5ec50ecffb,``Cold'' is one for the first things which come to mind when I hear ``quesadilla' because cold is one of the typical temperatures of (a/an) quesadilla'.,``Heavy'' is one for the first things which come to mind when I hear ``rock' because heavy is one of the typical qualities of (a/an) rock'.,``Green'' is one for the first things which come to mind when I hear ``raspberry' because green is one of the typical colors of (a/an) raspberry'.,5_scalar_heat-set_extension_full_range,https://app.prolific.co/submissions/complete?cc=135DD3C8,Agree or disagree (run5_scalar_heat-set_extension_full_range-experiment_scalar-batch1-70-70),408710,c47cf0c1-0925-4c85-96e1-4891a1bbcb79,2021-02-11 13:46:05,397.434,2021-02-11 12:42:36.412000,2021-02-11 12:49:13.846000,3.0,false,typical_of_concept,cold,quesadilla,../data/prolific_output/run5_scalar_heat-group_scalar_heat/qu70-s_qu3-batch1.csv
qu70-s_qu3-batch1.csv-3,3,NOT AVAILABLE,NOT AVAILABLE,3dad7290-5e89-4340-9c49-15454b8ca9bf,PROLIFIC,11-Feb-2021 15:21:44,1175,46605,3e20c264-40d4-4c9a-9883-5b5ec50ecffb,``Cold'' is one for the first things which come to mind when I hear ``quesadilla' because cold is one of the typical temperatures of (a/an) quesadilla'.,``Heavy'' is one for the first things which come to mind when I hear ``rock' because heavy is one of the typical qualities of (a/an) rock'.,``Green'' is one for the first things which come to mind when I hear ``raspberry' because green is one of the typical colors of (a/an) raspberry'.,5_scalar_heat-set_extension_full_range,https://app.prolific.co/submissions/complete?cc=135DD3C8,Agree or disagree (run5_scalar_heat-set_extension_full_range-experiment_scalar-batch1-70-70),410564,1934f7e9-ddce-4536-a673-4bff17a8d189,2021-02-11 15:21:44,338.556,2021-02-11 14:20:14.112000,2021-02-11 14:25:52.668000,9.0,false,typical_of_concept,cold,quesadilla,../data/prolific_output/run5_scalar_heat-group_scalar_heat/qu70-s_qu3-batch1.csv
qu70-s_qu3-batch1.csv-3,3,NOT AVAILABLE,NOT AVAILABLE,d2716620-0f6b-4985-8f7a-496de72c4edf,PROLIFIC,11-Feb-2021 14:18:05,1175,46606,70f27228-ae9c-482a-a849-c5f554c0b2f7,"Usually, (a/an) quesadilla is not cold, but there could be a highly unusual situation in which (a/an) quesadilla is cold.","Usually, (a/an) table is not furry, but there could be a highly unusual situation in which (a/an) table is furry.","Usually, (a/an) cat is not furry, but there could be a highly unusual situation in which (a/an) cat is furry.",5_scalar_heat-set_extension_full_range,https://app.prolific.co/submissions/complete?cc=135DD3C8,Agree or disagree (run5_scalar_heat-set_extension_full_range-experiment_scalar-batch1-70-70),409688,3fdb2388-3542-4da0-83d8-c26bc56007f3,2021-02-11 14:18:05,637.11,2021-02-11 13:12:57.882000,2021-02-11 13:23:34.992000,7.0,true,unusual,cold,quesadilla,../data/prolific_output/run5_scalar_heat-group_scalar_heat/qu70-s_qu3-batch1.csv
qu70-s_qu3-batch1.csv-3,3,NOT AVAILABLE,NOT AVAILABLE,dac5112b-e90f-43d3-81c2-3642f5b6e2f9,PROLIFIC,11-Feb-2021 14:10:23,1175,46606,70f27228-ae9c-482a-a849-c5f554c0b2f7,"Usually, (a/an) quesadilla is not cold, but there could be a highly unusual situation in which (a/an) quesadilla is cold.","Usually, (a/an) table is not furry, but there could be a highly unusual situation in which (a/an) table is furry.","Usually, (a/an) cat is not furry, but there could be a highly unusual situation in which (a/an) cat is furry.",5_scalar_heat-set_extension_full_range,https://app.prolific.co/submissions/complete?cc=135DD3C8,Agree or disagree (run5_scalar_heat-set_extension_full_range-experiment_scalar-batch1-70-70),409372,b26f5bd6-649c-488e-b17f-2ca83c6b43c8,2021-02-11 14:10:23,432.345,2021-02-11 13:06:47.662000,2021-02-11 13:14:00.007000,9.0,false,unusual,cold,quesadilla,../data/prolific_output/run5_scalar_heat-group_scalar_heat/qu70-s_qu3-batch1.csv
qu70-s_qu3-batch1.csv-3,3,NOT AVAILABLE,NOT AVAILABLE,c86c92f5-934b-4073-b69b-aa1a3a830dc3,PROLIFIC,11-Feb-2021 14:08:31,1175,46606,70f27228-ae9c-482a-a849-c5f554c0b2f7,"Usually, (a/an) quesadilla is not cold, but there could be a highly unusual situation in which (a/an) quesadilla is cold.","Usually, (a/an) table is not furry, but there could be a highly unusual situation in which (a/an) table is furry.","Usually, (a/an) cat is not furry, but there could be a highly unusual situation in which (a/an) cat is furry.",5_scalar_heat-set_extension_full_range,https://app.prolific.co/submissions/complete?cc=135DD3C8,Agree or disagree (run5_scalar_heat-set_extension_full_range-experiment_scalar-batch1-70-70),409293,1d7b958f-f421-4b2a-8099-fcb345440615,2021-02-11 14:08:31,1299.53,2021-02-11 13:03:43.109000,2021-02-11 13:25:22.639000,131.0,true,unusual,cold,quesadilla,../data/prolific_output/run5_scalar_heat-group_scalar_heat/qu70-s_qu3-batch1.csv
qu70-s_qu3-batch1.csv-3,3,NOT AVAILABLE,NOT AVAILABLE,965f4ff2-bcc0-4ec5-91f4-5904025dc272,PROLIFIC,11-Feb-2021 14:52:59,1175,46606,70f27228-ae9c-482a-a849-c5f554c0b2f7,"Usually, (a/an) quesadilla is not cold, but there could be a highly unusual situation in which (a/an) quesadilla is cold.","Usually, (a/an) table is not furry, but there could be a highly unusual situation in which (a/an) table is furry.","Usually, (a/an) cat is not furry, but there could be a highly unusual situation in which (a/an) cat is furry.",5_scalar_heat-set_extension_full_range,https://app.prolific.co/submissions/complete?cc=135DD3C8,Agree or disagree (run5_scalar_heat-set_extension_full_range-experiment_scalar-batch1-70-70),410270,8a4419b0-b452-4040-b1f3-4977deb6f76a,2021-02-11 14:52:59,285.593,2021-02-11 13:50:20.301000,2021-02-11 13:55:05.894000,3.0,true,unusual,cold,quesadilla,../data/prolific_output/run5_scalar_heat-group_scalar_heat/qu70-s_qu3-batch1.csv
qu70-s_qu3-batch1.csv-3,3,NOT AVAILABLE,NOT AVAILABLE,34e021b9-d47d-4dd4-bc71-ddc5ab813ce2,PROLIFIC,11-Feb-2021 13:56:13,1175,46606,70f27228-ae9c-482a-a849-c5f554c0b2f7,"Usually, (a/an) quesadilla is not cold, but there could be a highly unusual situation in which (a/an) quesadilla is cold.","Usually, (a/an) table is not furry, but there could be a highly unusual situation in which (a/an) table is furry.","Usually, (a/an) cat is not furry, but there could be a highly unusual situation in which (a/an) cat is furry.",5_scalar_heat-set_extension_full_range,https://app.prolific.co/submissions/complete?cc=135DD3C8,Agree or disagree (run5_scalar_heat-set_extension_full_range-experiment_scalar-batch1-70-70),408976,2416d2d5-ffc4-4b5b-9d9c-093529b3b0f4,2021-02-11 13:56:13,541.406,2021-02-11 12:51:21.531000,2021-02-11 13:00:22.937000,4.0,true,unusual,cold,quesadilla,../data/prolific_output/run5_scalar_heat-group_scalar_heat/qu70-s_qu3-batch1.csv
qu70-s_qu3-batch1.csv-3,3,NOT AVAILABLE,NOT AVAILABLE,6d3579fa-979b-4f40-8e61-d17b09d60808,PROLIFIC,11-Feb-2021 14:29:11,1175,46606,70f27228-ae9c-482a-a849-c5f554c0b2f7,"Usually, (a/an) quesadilla is not cold, but there could be a highly unusual situation in which (a/an) quesadilla is cold.","Usually, (a/an) table is not furry, but there could be a highly unusual situation in which (a/an) table is furry.","Usually, (a/an) cat is not furry, but there could be a highly unusual situation in which (a/an) cat is furry.",5_scalar_heat-set_extension_full_range,https://app.prolific.co/submissions/complete?cc=135DD3C8,Agree or disagree (run5_scalar_heat-set_extension_full_range-experiment_scalar-batch1-70-70),409895,35f858b3-607e-41e5-89ee-e955af64f5eb,2021-02-11 14:29:11,1192.435,2021-02-11 13:22:48.051000,2021-02-11 13:42:40.486000,3.0,true,unusual,cold,quesadilla,../data/prolific_output/run5_scalar_heat-group_scalar_heat/qu70-s_qu3-batch1.csv
qu70-s_qu3-batch1.csv-3,3,NOT AVAILABLE,NOT AVAILABLE,cdbc1fee-804e-441b-89d3-98ac0ac8ce4d,PROLIFIC,11-Feb-2021 13:48:21,1175,46606,70f27228-ae9c-482a-a849-c5f554c0b2f7,"Usually, (a/an) quesadilla is not cold, but there could be a highly unusual situation in which (a/an) quesadilla is cold.","Usually, (a/an) table is not furry, but there could be a highly unusual situation in which (a/an) table is furry.","Usually, (a/an) cat is not furry, but there could be a highly unusual situation in which (a/an) cat is furry.",5_scalar_heat-set_extension_full_range,https://app.prolific.co/submissions/complete?cc=135DD3C8,Agree or disagree (run5_scalar_heat-set_extension_full_range-experiment_scalar-batch1-70-70),408733,7928672b-c7bd-4b8e-b883-83fe1ced288b,2021-02-11 13:48:21,397.434,2021-02-11 12:42:36.412000,2021-02-11 12:49:13.846000,10.0,false,unusual,cold,quesadilla,../data/prolific_output/run5_scalar_heat-group_scalar_heat/qu70-s_qu3-batch1.csv
qu70-s_qu3-batch1.csv-3,3,NOT AVAILABLE,NOT AVAILABLE,3dad7290-5e89-4340-9c49-15454b8ca9bf,PROLIFIC,11-Feb-2021 15:23:09,1175,46606,70f27228-ae9c-482a-a849-c5f554c0b2f7,"Usually, (a/an) quesadilla is not cold, but there could be a highly unusual situation in which (a/an) quesadilla is cold.","Usually, (a/an) table is not furry, but there could be a highly unusual situation in which (a/an) table is furry.","Usually, (a/an) cat is not furry, but there could be a highly unusual situation in which (a/an) cat is furry.",5_scalar_heat-set_extension_full_range,https://app.prolific.co/submissions/complete?cc=135DD3C8,Agree or disagree (run5_scalar_heat-set_extension_full_range-experiment_scalar-batch1-70-70),410581,cce0e8ce-8fe1-4557-b162-6426f708e08f,2021-02-11 15:23:09,338.556,2021-02-11 14:20:14.112000,2021-02-11 14:25:52.668000,6.0,true,unusual,cold,quesadilla,../data/prolific_output/run5_scalar_heat-group_scalar_heat/qu70-s_qu3-batch1.csv
qu70-s_qu3-batch1.csv-3,3,NOT AVAILABLE,NOT AVAILABLE,d2716620-0f6b-4985-8f7a-496de72c4edf,PROLIFIC,11-Feb-2021 14:20:37,1175,46607,46181be5-7e61-46b5-8cc2-fb8a37d0133a,You can find (a/an) quesadilla which is cold. (A/an) quesadilla is usually either cold or not cold. It cannot be a bit more or less cold.,You can find (a/an) substance which is solid. (A/an) substance is usually either solid or not solid. It cannot be a bit more or less solid.,You can find (a/an) cushion which is soft. (A/an) cushion is usually either soft or not soft. It cannot be a bit more or less soft.,5_scalar_heat-set_extension_full_range,https://app.prolific.co/submissions/complete?cc=135DD3C8,Agree or disagree (run5_scalar_heat-set_extension_full_range-experiment_scalar-batch1-70-70),409785,6dca9e71-6091-44ff-97d0-ec04bd193787,2021-02-11 14:20:37,637.11,2021-02-11 13:12:57.882000,2021-02-11 13:23:34.992000,7.0,false,variability_limited,cold,quesadilla,../data/prolific_output/run5_scalar_heat-group_scalar_heat/qu70-s_qu3-batch1.csv
qu70-s_qu3-batch1.csv-3,3,NOT AVAILABLE,NOT AVAILABLE,dac5112b-e90f-43d3-81c2-3642f5b6e2f9,PROLIFIC,11-Feb-2021 14:13:31,1175,46607,46181be5-7e61-46b5-8cc2-fb8a37d0133a,You can find (a/an) quesadilla which is cold. (A/an) quesadilla is usually either cold or not cold. It cannot be a bit more or less cold.,You can find (a/an) substance which is solid. (A/an) substance is usually either solid or not solid. It cannot be a bit more or less solid.,You can find (a/an) cushion which is soft. (A/an) cushion is usually either soft or not soft. It cannot be a bit more or less soft.,5_scalar_heat-set_extension_full_range,https://app.prolific.co/submissions/complete?cc=135DD3C8,Agree or disagree (run5_scalar_heat-set_extension_full_range-experiment_scalar-batch1-70-70),409479,8f3b8494-bf37-470e-88ff-eb40a92709fb,2021-02-11 14:13:31,432.345,2021-02-11 13:06:47.662000,2021-02-11 13:14:00.007000,32.007,false,variability_limited,cold,quesadilla,../data/prolific_output/run5_scalar_heat-group_scalar_heat/qu70-s_qu3-batch1.csv
qu70-s_qu3-batch1.csv-3,3,NOT AVAILABLE,NOT AVAILABLE,c86c92f5-934b-4073-b69b-aa1a3a830dc3,PROLIFIC,11-Feb-2021 14:17:15,1175,46607,46181be5-7e61-46b5-8cc2-fb8a37d0133a,You can find (a/an) quesadilla which is cold. (A/an) quesadilla is usually either cold or not cold. It cannot be a bit more or less cold.,You can find (a/an) substance which is solid. (A/an) substance is usually either solid or not solid. It cannot be a bit more or less solid.,You can find (a/an) cushion which is soft. (A/an) cushion is usually either soft or not soft. It cannot be a bit more or less soft.,5_scalar_heat-set_extension_full_range,https://app.prolific.co/submissions/complete?cc=135DD3C8,Agree or disagree (run5_scalar_heat-set_extension_full_range-experiment_scalar-batch1-70-70),409648,fa2ba10b-539e-401b-8fb6-2073aa71c009,2021-02-11 14:17:15,1299.53,2021-02-11 13:03:43.109000,2021-02-11 13:25:22.639000,6.0,false,variability_limited,cold,quesadilla,../data/prolific_output/run5_scalar_heat-group_scalar_heat/qu70-s_qu3-batch1.csv
qu70-s_qu3-batch1.csv-3,3,NOT AVAILABLE,NOT AVAILABLE,965f4ff2-bcc0-4ec5-91f4-5904025dc272,PROLIFIC,11-Feb-2021 14:52:07,1175,46607,46181be5-7e61-46b5-8cc2-fb8a37d0133a,You can find (a/an) quesadilla which is cold. (A/an) quesadilla is usually either cold or not cold. It cannot be a bit more or less cold.,You can find (a/an) substance which is solid. (A/an) substance is usually either solid or not solid. It cannot be a bit more or less solid.,You can find (a/an) cushion which is soft. (A/an) cushion is usually either soft or not soft. It cannot be a bit more or less soft.,5_scalar_heat-set_extension_full_range,https://app.prolific.co/submissions/complete?cc=135DD3C8,Agree or disagree (run5_scalar_heat-set_extension_full_range-experiment_scalar-batch1-70-70),410251,7bc6a00f-bd01-485f-b291-ae9896950fc9,2021-02-11 14:52:07,285.593,2021-02-11 13:50:20.301000,2021-02-11 13:55:05.894000,2.0,false,variability_limited,cold,quesadilla,../data/prolific_output/run5_scalar_heat-group_scalar_heat/qu70-s_qu3-batch1.csv
qu70-s_qu3-batch1.csv-3,3,NOT AVAILABLE,NOT AVAILABLE,34e021b9-d47d-4dd4-bc71-ddc5ab813ce2,PROLIFIC,11-Feb-2021 13:52:53,1175,46607,46181be5-7e61-46b5-8cc2-fb8a37d0133a,You can find (a/an) quesadilla which is cold. (A/an) quesadilla is usually either cold or not cold. It cannot be a bit more or less cold.,You can find (a/an) substance which is solid. (A/an) substance is usually either solid or not solid. It cannot be a bit more or less solid.,You can find (a/an) cushion which is soft. (A/an) cushion is usually either soft or not soft. It cannot be a bit more or less soft.,5_scalar_heat-set_extension_full_range,https://app.prolific.co/submissions/complete?cc=135DD3C8,Agree or disagree (run5_scalar_heat-set_extension_full_range-experiment_scalar-batch1-70-70),408840,b0917b72-97f3-4fc4-abd2-c4e052f6c7a2,2021-02-11 13:52:53,541.406,2021-02-11 12:51:21.531000,2021-02-11 13:00:22.937000,35.0,false,variability_limited,cold,quesadilla,../data/prolific_output/run5_scalar_heat-group_scalar_heat/qu70-s_qu3-batch1.csv
qu70-s_qu3-batch1.csv-3,3,NOT AVAILABLE,NOT AVAILABLE,6d3579fa-979b-4f40-8e61-d17b09d60808,PROLIFIC,11-Feb-2021 14:29:20,1175,46607,46181be5-7e61-46b5-8cc2-fb8a37d0133a,You can find (a/an) quesadilla which is cold. (A/an) quesadilla is usually either cold or not cold. It cannot be a bit more or less cold.,You can find (a/an) substance which is solid. (A/an) substance is usually either solid or not solid. It cannot be a bit more or less solid.,You can find (a/an) cushion which is soft. (A/an) cushion is usually either soft or not soft. It cannot be a bit more or less soft.,5_scalar_heat-set_extension_full_range,https://app.prolific.co/submissions/complete?cc=135DD3C8,Agree or disagree (run5_scalar_heat-set_extension_full_range-experiment_scalar-batch1-70-70),409901,5a54bec9-c660-4c10-9aab-edd5e2db4223,2021-02-11 14:29:20,1192.435,2021-02-11 13:22:48.051000,2021-02-11 13:42:40.486000,3.0,false,variability_limited,cold,quesadilla,../data/prolific_output/run5_scalar_heat-group_scalar_heat/qu70-s_qu3-batch1.csv
qu70-s_qu3-batch1.csv-3,3,NOT AVAILABLE,NOT AVAILABLE,cdbc1fee-804e-441b-89d3-98ac0ac8ce4d,PROLIFIC,11-Feb-2021 13:45:52,1175,46607,46181be5-7e61-46b5-8cc2-fb8a37d0133a,You can find (a/an) quesadilla which is cold. (A/an) quesadilla is usually either cold or not cold. It cannot be a bit more or less cold.,You can find (a/an) substance which is solid. (A/an) substance is usually either solid or not solid. It cannot be a bit more or less solid.,You can find (a/an) cushion which is soft. (A/an) cushion is usually either soft or not soft. It cannot be a bit more or less soft.,5_scalar_heat-set_extension_full_range,https://app.prolific.co/submissions/complete?cc=135DD3C8,Agree or disagree (run5_scalar_heat-set_extension_full_range-experiment_scalar-batch1-70-70),408706,0a5d4535-1b60-4e45-894a-48354f766807,2021-02-11 13:45:52,397.434,2021-02-11 12:42:36.412000,2021-02-11 12:49:13.846000,7.0,false,variability_limited,cold,quesadilla,../data/prolific_output/run5_scalar_heat-group_scalar_heat/qu70-s_qu3-batch1.csv
qu70-s_qu3-batch1.csv-3,3,NOT AVAILABLE,NOT AVAILABLE,3dad7290-5e89-4340-9c49-15454b8ca9bf,PROLIFIC,11-Feb-2021 15:23:03,1175,46607,46181be5-7e61-46b5-8cc2-fb8a37d0133a,You can find (a/an) quesadilla which is cold. (A/an) quesadilla is usually either cold or not cold. It cannot be a bit more or less cold.,You can find (a/an) substance which is solid. (A/an) substance is usually either solid or not solid. It cannot be a bit more or less solid.,You can find (a/an) cushion which is soft. (A/an) cushion is usually either soft or not soft. It cannot be a bit more or less soft.,5_scalar_heat-set_extension_full_range,https://app.prolific.co/submissions/complete?cc=135DD3C8,Agree or disagree (run5_scalar_heat-set_extension_full_range-experiment_scalar-batch1-70-70),410580,8b6f5483-92a9-4daa-b30c-980fff8534a3,2021-02-11 15:23:03,338.556,2021-02-11 14:20:14.112000,2021-02-11 14:25:52.668000,4.0,false,variability_limited,cold,quesadilla,../data/prolific_output/run5_scalar_heat-group_scalar_heat/qu70-s_qu3-batch1.csv
qu70-s_qu3-batch1.csv-3,3,NOT AVAILABLE,NOT AVAILABLE,d2716620-0f6b-4985-8f7a-496de72c4edf,PROLIFIC,11-Feb-2021 14:21:10,1175,46608,e38d28e7-d4dc-4aff-b1cb-e667f5371e64,``Quesadilla'' is one of the first things which come to mind when I hear ``cold' because (a/an) quesadilla is a typical example of things which are cold'. ,``Mouse'' is one of the first things which come to mind when I hear ``small' because (a/an) mouse is a typical example of things which are small'. ,``Dog'' is one of the first things which come to mind when I hear ``small' because (a/an) dog is a typical example of things which are small'. ,5_scalar_heat-set_extension_full_range,https://app.prolific.co/submissions/complete?cc=135DD3C8,Agree or disagree (run5_scalar_heat-set_extension_full_range-experiment_scalar-batch1-70-70),409794,f71d222e-3af8-4473-8ca2-c3fb1383ad46,2021-02-11 14:21:10,637.11,2021-02-11 13:12:57.882000,2021-02-11 13:23:34.992000,5.0,false,typical_of_property,cold,quesadilla,../data/prolific_output/run5_scalar_heat-group_scalar_heat/qu70-s_qu3-batch1.csv
qu70-s_qu3-batch1.csv-3,3,NOT AVAILABLE,NOT AVAILABLE,dac5112b-e90f-43d3-81c2-3642f5b6e2f9,PROLIFIC,11-Feb-2021 14:09:11,1175,46608,e38d28e7-d4dc-4aff-b1cb-e667f5371e64,``Quesadilla'' is one of the first things which come to mind when I hear ``cold' because (a/an) quesadilla is a typical example of things which are cold'. ,``Mouse'' is one of the first things which come to mind when I hear ``small' because (a/an) mouse is a typical example of things which are small'. ,``Dog'' is one of the first things which come to mind when I hear ``small' because (a/an) dog is a typical example of things which are small'. ,5_scalar_heat-set_extension_full_range,https://app.prolific.co/submissions/complete?cc=135DD3C8,Agree or disagree (run5_scalar_heat-set_extension_full_range-experiment_scalar-batch1-70-70),409318,bcaa2f45-87e3-4e8c-81a5-886cace9a7cc,2021-02-11 14:09:11,432.345,2021-02-11 13:06:47.662000,2021-02-11 13:14:00.007000,3.0,false,typical_of_property,cold,quesadilla,../data/prolific_output/run5_scalar_heat-group_scalar_heat/qu70-s_qu3-batch1.csv
qu70-s_qu3-batch1.csv-3,3,NOT AVAILABLE,NOT AVAILABLE,c86c92f5-934b-4073-b69b-aa1a3a830dc3,PROLIFIC,11-Feb-2021 14:21:08,1175,46608,e38d28e7-d4dc-4aff-b1cb-e667f5371e64,``Quesadilla'' is one of the first things which come to mind when I hear ``cold' because (a/an) quesadilla is a typical example of things which are cold'. ,``Mouse'' is one of the first things which come to mind when I hear ``small' because (a/an) mouse is a typical example of things which are small'. ,``Dog'' is one of the first things which come to mind when I hear ``small' because (a/an) dog is a typical example of things which are small'. ,5_scalar_heat-set_extension_full_range,https://app.prolific.co/submissions/complete?cc=135DD3C8,Agree or disagree (run5_scalar_heat-set_extension_full_range-experiment_scalar-batch1-70-70),409793,170bf634-c814-425a-bd11-be9a0105275e,2021-02-11 14:21:08,1299.53,2021-02-11 13:03:43.109000,2021-02-11 13:25:22.639000,8.0,false,typical_of_property,cold,quesadilla,../data/prolific_output/run5_scalar_heat-group_scalar_heat/qu70-s_qu3-batch1.csv
qu70-s_qu3-batch1.csv-3,3,NOT AVAILABLE,NOT AVAILABLE,965f4ff2-bcc0-4ec5-91f4-5904025dc272,PROLIFIC,11-Feb-2021 14:53:28,1175,46608,e38d28e7-d4dc-4aff-b1cb-e667f5371e64,``Quesadilla'' is one of the first things which come to mind when I hear ``cold' because (a/an) quesadilla is a typical example of things which are cold'. ,``Mouse'' is one of the first things which come to mind when I hear ``small' because (a/an) mouse is a typical example of things which are small'. ,``Dog'' is one of the first things which come to mind when I hear ``small' because (a/an) dog is a typical example of things which are small'. ,5_scalar_heat-set_extension_full_range,https://app.prolific.co/submissions/complete?cc=135DD3C8,Agree or disagree (run5_scalar_heat-set_extension_full_range-experiment_scalar-batch1-70-70),410284,45445c47-ab1c-44db-b015-13fe5dc8d891,2021-02-11 14:53:28,285.593,2021-02-11 13:50:20.301000,2021-02-11 13:55:05.894000,2.0,false,typical_of_property,cold,quesadilla,../data/prolific_output/run5_scalar_heat-group_scalar_heat/qu70-s_qu3-batch1.csv
qu70-s_qu3-batch1.csv-3,3,NOT AVAILABLE,NOT AVAILABLE,34e021b9-d47d-4dd4-bc71-ddc5ab813ce2,PROLIFIC,11-Feb-2021 13:59:41,1175,46608,e38d28e7-d4dc-4aff-b1cb-e667f5371e64,``Quesadilla'' is one of the first things which come to mind when I hear ``cold' because (a/an) quesadilla is a typical example of things which are cold'. ,``Mouse'' is one of the first things which come to mind when I hear ``small' because (a/an) mouse is a typical example of things which are small'. ,``Dog'' is one of the first things which come to mind when I hear ``small' because (a/an) dog is a typical example of things which are small'. ,5_scalar_heat-set_extension_full_range,https://app.prolific.co/submissions/complete?cc=135DD3C8,Agree or disagree (run5_scalar_heat-set_extension_full_range-experiment_scalar-batch1-70-70),409118,d6ac2c3e-2cd4-4154-ad32-e309f2da7f4d,2021-02-11 13:59:41,541.406,2021-02-11 12:51:21.531000,2021-02-11 13:00:22.937000,4.0,false,typical_of_property,cold,quesadilla,../data/prolific_output/run5_scalar_heat-group_scalar_heat/qu70-s_qu3-batch1.csv
qu70-s_qu3-batch1.csv-3,3,NOT AVAILABLE,NOT AVAILABLE,6d3579fa-979b-4f40-8e61-d17b09d60808,PROLIFIC,11-Feb-2021 14:28:56,1175,46608,e38d28e7-d4dc-4aff-b1cb-e667f5371e64,``Quesadilla'' is one of the first things which come to mind when I hear ``cold' because (a/an) quesadilla is a typical example of things which are cold'. ,``Mouse'' is one of the first things which come to mind when I hear ``small' because (a/an) mouse is a typical example of things which are small'. ,``Dog'' is one of the first things which come to mind when I hear ``small' because (a/an) dog is a typical example of things which are small'. ,5_scalar_heat-set_extension_full_range,https://app.prolific.co/submissions/complete?cc=135DD3C8,Agree or disagree (run5_scalar_heat-set_extension_full_range-experiment_scalar-batch1-70-70),409889,5346fbe7-0c41-4c5b-995d-64b4346e8795,2021-02-11 14:28:56,1192.435,2021-02-11 13:22:48.051000,2021-02-11 13:42:40.486000,82.0,false,typical_of_property,cold,quesadilla,../data/prolific_output/run5_scalar_heat-group_scalar_heat/qu70-s_qu3-batch1.csv
qu70-s_qu3-batch1.csv-3,3,NOT AVAILABLE,NOT AVAILABLE,cdbc1fee-804e-441b-89d3-98ac0ac8ce4d,PROLIFIC,11-Feb-2021 13:44:57,1175,46608,e38d28e7-d4dc-4aff-b1cb-e667f5371e64,``Quesadilla'' is one of the first things which come to mind when I hear ``cold' because (a/an) quesadilla is a typical example of things which are cold'. ,``Mouse'' is one of the first things which come to mind when I hear ``small' because (a/an) mouse is a typical example of things which are small'. ,``Dog'' is one of the first things which come to mind when I hear ``small' because (a/an) dog is a typical example of things which are small'. ,5_scalar_heat-set_extension_full_range,https://app.prolific.co/submissions/complete?cc=135DD3C8,Agree or disagree (run5_scalar_heat-set_extension_full_range-experiment_scalar-batch1-70-70),408688,3155b13d-b86d-4e45-a79a-68c78dc8e019,2021-02-11 13:44:57,397.434,2021-02-11 12:42:36.412000,2021-02-11 12:49:13.846000,5.0,false,typical_of_property,cold,quesadilla,../data/prolific_output/run5_scalar_heat-group_scalar_heat/qu70-s_qu3-batch1.csv
qu70-s_qu3-batch1.csv-3,3,NOT AVAILABLE,NOT AVAILABLE,3dad7290-5e89-4340-9c49-15454b8ca9bf,PROLIFIC,11-Feb-2021 15:23:15,1175,46608,e38d28e7-d4dc-4aff-b1cb-e667f5371e64,``Quesadilla'' is one of the first things which come to mind when I hear ``cold' because (a/an) quesadilla is a typical example of things which are cold'. ,``Mouse'' is one of the first things which come to mind when I hear ``small' because (a/an) mouse is a typical example of things which are small'. ,``Dog'' is one of the first things which come to mind when I hear ``small' because (a/an) dog is a typical example of things which are small'. ,5_scalar_heat-set_extension_full_range,https://app.prolific.co/submissions/complete?cc=135DD3C8,Agree or disagree (run5_scalar_heat-set_extension_full_range-experiment_scalar-batch1-70-70),410583,e06943e7-1c5c-4a49-82b6-6d2dd05aec9e,2021-02-11 15:23:15,338.556,2021-02-11 14:20:14.112000,2021-02-11 14:25:52.668000,3.0,false,typical_of_property,cold,quesadilla,../data/prolific_output/run5_scalar_heat-group_scalar_heat/qu70-s_qu3-batch1.csv
qu70-s_qu3-batch1.csv-3,3,NOT AVAILABLE,NOT AVAILABLE,d2716620-0f6b-4985-8f7a-496de72c4edf,PROLIFIC,11-Feb-2021 14:14:09,1175,46609,ec984fb0-7006-4acb-891e-0975fda9a34d,I know that being cold is necessary for many things (a/an) quesadilla does or is used for. ,I know that being bright is necessary for many things (a/an) flashlight does or is used for. ,I know that being grey is necessary for many things (a/an) car does or is used for. ,5_scalar_heat-set_extension_full_range,https://app.prolific.co/submissions/complete?cc=135DD3C8,Agree or disagree (run5_scalar_heat-set_extension_full_range-experiment_scalar-batch1-70-70),409499,9a872f60-dd97-4dc1-ab2d-193a7fe1ae30,2021-02-11 14:14:09,637.11,2021-02-11 13:12:57.882000,2021-02-11 13:23:34.992000,8.0,false,affording_activity,cold,quesadilla,../data/prolific_output/run5_scalar_heat-group_scalar_heat/qu70-s_qu3-batch1.csv
qu70-s_qu3-batch1.csv-3,3,NOT AVAILABLE,NOT AVAILABLE,dac5112b-e90f-43d3-81c2-3642f5b6e2f9,PROLIFIC,11-Feb-2021 14:12:02,1175,46609,ec984fb0-7006-4acb-891e-0975fda9a34d,I know that being cold is necessary for many things (a/an) quesadilla does or is used for. ,I know that being bright is necessary for many things (a/an) flashlight does or is used for. ,I know that being grey is necessary for many things (a/an) car does or is used for. ,5_scalar_heat-set_extension_full_range,https://app.prolific.co/submissions/complete?cc=135DD3C8,Agree or disagree (run5_scalar_heat-set_extension_full_range-experiment_scalar-batch1-70-70),409430,c7165478-8d50-44ec-9100-d54c240f4cb9,2021-02-11 14:12:02,432.345,2021-02-11 13:06:47.662000,2021-02-11 13:14:00.007000,2.0,false,affording_activity,cold,quesadilla,../data/prolific_output/run5_scalar_heat-group_scalar_heat/qu70-s_qu3-batch1.csv
qu70-s_qu3-batch1.csv-3,3,NOT AVAILABLE,NOT AVAILABLE,c86c92f5-934b-4073-b69b-aa1a3a830dc3,PROLIFIC,11-Feb-2021 14:17:25,1175,46609,ec984fb0-7006-4acb-891e-0975fda9a34d,I know that being cold is necessary for many things (a/an) quesadilla does or is used for. ,I know that being bright is necessary for many things (a/an) flashlight does or is used for. ,I know that being grey is necessary for many things (a/an) car does or is used for. ,5_scalar_heat-set_extension_full_range,https://app.prolific.co/submissions/complete?cc=135DD3C8,Agree or disagree (run5_scalar_heat-set_extension_full_range-experiment_scalar-batch1-70-70),409654,d2eee6da-fd97-4b72-afb0-3a074ef60440,2021-02-11 14:17:25,1299.53,2021-02-11 13:03:43.109000,2021-02-11 13:25:22.639000,4.0,false,affording_activity,cold,quesadilla,../data/prolific_output/run5_scalar_heat-group_scalar_heat/qu70-s_qu3-batch1.csv
qu70-s_qu3-batch1.csv-3,3,NOT AVAILABLE,NOT AVAILABLE,965f4ff2-bcc0-4ec5-91f4-5904025dc272,PROLIFIC,11-Feb-2021 14:53:42,1175,46609,ec984fb0-7006-4acb-891e-0975fda9a34d,I know that being cold is necessary for many things (a/an) quesadilla does or is used for. ,I know that being bright is necessary for many things (a/an) flashlight does or is used for. ,I know that being grey is necessary for many things (a/an) car does or is used for. ,5_scalar_heat-set_extension_full_range,https://app.prolific.co/submissions/complete?cc=135DD3C8,Agree or disagree (run5_scalar_heat-set_extension_full_range-experiment_scalar-batch1-70-70),410289,b367bf8d-4f87-4fd8-b50a-da7015f66599,2021-02-11 14:53:42,285.593,2021-02-11 13:50:20.301000,2021-02-11 13:55:05.894000,2.0,false,affording_activity,cold,quesadilla,../data/prolific_output/run5_scalar_heat-group_scalar_heat/qu70-s_qu3-batch1.csv
qu70-s_qu3-batch1.csv-3,3,NOT AVAILABLE,NOT AVAILABLE,34e021b9-d47d-4dd4-bc71-ddc5ab813ce2,PROLIFIC,11-Feb-2021 13:55:45,1175,46609,ec984fb0-7006-4acb-891e-0975fda9a34d,I know that being cold is necessary for many things (a/an) quesadilla does or is used for. ,I know that being bright is necessary for many things (a/an) flashlight does or is used for. ,I know that being grey is necessary for many things (a/an) car does or is used for. ,5_scalar_heat-set_extension_full_range,https://app.prolific.co/submissions/complete?cc=135DD3C8,Agree or disagree (run5_scalar_heat-set_extension_full_range-experiment_scalar-batch1-70-70),408954,004ded3d-c7ca-4b14-b9a7-a987dcf4b42e,2021-02-11 13:55:45,541.406,2021-02-11 12:51:21.531000,2021-02-11 13:00:22.937000,6.0,false,affording_activity,cold,quesadilla,../data/prolific_output/run5_scalar_heat-group_scalar_heat/qu70-s_qu3-batch1.csv
qu70-s_qu3-batch1.csv-3,3,NOT AVAILABLE,NOT AVAILABLE,6d3579fa-979b-4f40-8e61-d17b09d60808,PROLIFIC,11-Feb-2021 14:27:34,1175,46609,ec984fb0-7006-4acb-891e-0975fda9a34d,I know that being cold is necessary for many things (a/an) quesadilla does or is used for. ,I know that being bright is necessary for many things (a/an) flashlight does or is used for. ,I know that being grey is necessary for many things (a/an) car does or is used for. ,5_scalar_heat-set_extension_full_range,https://app.prolific.co/submissions/complete?cc=135DD3C8,Agree or disagree (run5_scalar_heat-set_extension_full_range-experiment_scalar-batch1-70-70),409871,b39ef36a-add2-4d0d-9159-b7a62837d8e5,2021-02-11 14:27:34,1192.435,2021-02-11 13:22:48.051000,2021-02-11 13:42:40.486000,58.0,false,affording_activity,cold,quesadilla,../data/prolific_output/run5_scalar_heat-group_scalar_heat/qu70-s_qu3-batch1.csv
qu70-s_qu3-batch1.csv-3,3,NOT AVAILABLE,NOT AVAILABLE,cdbc1fee-804e-441b-89d3-98ac0ac8ce4d,PROLIFIC,11-Feb-2021 13:48:04,1175,46609,ec984fb0-7006-4acb-891e-0975fda9a34d,I know that being cold is necessary for many things (a/an) quesadilla does or is used for. ,I know that being bright is necessary for many things (a/an) flashlight does or is used for. ,I know that being grey is necessary for many things (a/an) car does or is used for. ,5_scalar_heat-set_extension_full_range,https://app.prolific.co/submissions/complete?cc=135DD3C8,Agree or disagree (run5_scalar_heat-set_extension_full_range-experiment_scalar-batch1-70-70),408730,45d74486-4fc6-4696-aede-336b3a7d1aab,2021-02-11 13:48:04,397.434,2021-02-11 12:42:36.412000,2021-02-11 12:49:13.846000,3.0,false,affording_activity,cold,quesadilla,../data/prolific_output/run5_scalar_heat-group_scalar_heat/qu70-s_qu3-batch1.csv
qu70-s_qu3-batch1.csv-3,3,NOT AVAILABLE,NOT AVAILABLE,3dad7290-5e89-4340-9c49-15454b8ca9bf,PROLIFIC,11-Feb-2021 15:21:35,1175,46609,ec984fb0-7006-4acb-891e-0975fda9a34d,I know that being cold is necessary for many things (a/an) quesadilla does or is used for. ,I know that being bright is necessary for many things (a/an) flashlight does or is used for. ,I know that being grey is necessary for many things (a/an) car does or is used for. ,5_scalar_heat-set_extension_full_range,https://app.prolific.co/submissions/complete?cc=135DD3C8,Agree or disagree (run5_scalar_heat-set_extension_full_range-experiment_scalar-batch1-70-70),410563,24d1db66-69bd-46de-97dd-53f70c02fe1e,2021-02-11 15:21:35,338.556,2021-02-11 14:20:14.112000,2021-02-11 14:25:52.668000,21.0,false,affording_activity,cold,quesadilla,../data/prolific_output/run5_scalar_heat-group_scalar_heat/qu70-s_qu3-batch1.csv
qu70-s_qu3-batch1.csv-3,3,NOT AVAILABLE,NOT AVAILABLE,d2716620-0f6b-4985-8f7a-496de72c4edf,PROLIFIC,11-Feb-2021 14:23:28,1175,46610,0785fc23-f006-4f4c-8dbe-1c5c5112f4a9,I think it is impossible for (a/an) quesadilla to be cold.,I think it is impossible for (a/an) steam to be solid.,I think it is impossible for (a/an) flame to be orange.,5_scalar_heat-set_extension_full_range,https://app.prolific.co/submissions/complete?cc=135DD3C8,Agree or disagree (run5_scalar_heat-set_extension_full_range-experiment_scalar-batch1-70-70),409825,cfa40d4b-afd4-4005-adfd-54ef59e40ae4,2021-02-11 14:23:28,637.11,2021-02-11 13:12:57.882000,2021-02-11 13:23:34.992000,10.992,false,impossible,cold,quesadilla,../data/prolific_output/run5_scalar_heat-group_scalar_heat/qu70-s_qu3-batch1.csv
qu70-s_qu3-batch1.csv-3,3,NOT AVAILABLE,NOT AVAILABLE,dac5112b-e90f-43d3-81c2-3642f5b6e2f9,PROLIFIC,11-Feb-2021 14:10:36,1175,46610,0785fc23-f006-4f4c-8dbe-1c5c5112f4a9,I think it is impossible for (a/an) quesadilla to be cold.,I think it is impossible for (a/an) steam to be solid.,I think it is impossible for (a/an) flame to be orange.,5_scalar_heat-set_extension_full_range,https://app.prolific.co/submissions/complete?cc=135DD3C8,Agree or disagree (run5_scalar_heat-set_extension_full_range-experiment_scalar-batch1-70-70),409383,6d0cf9a8-11f8-4b2f-ace0-9c1e471b2487,2021-02-11 14:10:36,432.345,2021-02-11 13:06:47.662000,2021-02-11 13:14:00.007000,1.0,false,impossible,cold,quesadilla,../data/prolific_output/run5_scalar_heat-group_scalar_heat/qu70-s_qu3-batch1.csv
qu70-s_qu3-batch1.csv-3,3,NOT AVAILABLE,NOT AVAILABLE,c86c92f5-934b-4073-b69b-aa1a3a830dc3,PROLIFIC,11-Feb-2021 14:09:27,1175,46610,0785fc23-f006-4f4c-8dbe-1c5c5112f4a9,I think it is impossible for (a/an) quesadilla to be cold.,I think it is impossible for (a/an) steam to be solid.,I think it is impossible for (a/an) flame to be orange.,5_scalar_heat-set_extension_full_range,https://app.prolific.co/submissions/complete?cc=135DD3C8,Agree or disagree (run5_scalar_heat-set_extension_full_range-experiment_scalar-batch1-70-70),409332,375fbec7-4cf6-487c-9e4d-aa7536886bb9,2021-02-11 14:09:27,1299.53,2021-02-11 13:03:43.109000,2021-02-11 13:25:22.639000,4.0,false,impossible,cold,quesadilla,../data/prolific_output/run5_scalar_heat-group_scalar_heat/qu70-s_qu3-batch1.csv
qu70-s_qu3-batch1.csv-3,3,NOT AVAILABLE,NOT AVAILABLE,965f4ff2-bcc0-4ec5-91f4-5904025dc272,PROLIFIC,11-Feb-2021 14:52:56,1175,46610,0785fc23-f006-4f4c-8dbe-1c5c5112f4a9,I think it is impossible for (a/an) quesadilla to be cold.,I think it is impossible for (a/an) steam to be solid.,I think it is impossible for (a/an) flame to be orange.,5_scalar_heat-set_extension_full_range,https://app.prolific.co/submissions/complete?cc=135DD3C8,Agree or disagree (run5_scalar_heat-set_extension_full_range-experiment_scalar-batch1-70-70),410269,59b86422-e881-424d-90c9-34ed59ed6b64,2021-02-11 14:52:56,285.593,2021-02-11 13:50:20.301000,2021-02-11 13:55:05.894000,3.0,false,impossible,cold,quesadilla,../data/prolific_output/run5_scalar_heat-group_scalar_heat/qu70-s_qu3-batch1.csv
qu70-s_qu3-batch1.csv-3,3,NOT AVAILABLE,NOT AVAILABLE,34e021b9-d47d-4dd4-bc71-ddc5ab813ce2,PROLIFIC,11-Feb-2021 13:56:37,1175,46610,0785fc23-f006-4f4c-8dbe-1c5c5112f4a9,I think it is impossible for (a/an) quesadilla to be cold.,I think it is impossible for (a/an) steam to be solid.,I think it is impossible for (a/an) flame to be orange.,5_scalar_heat-set_extension_full_range,https://app.prolific.co/submissions/complete?cc=135DD3C8,Agree or disagree (run5_scalar_heat-set_extension_full_range-experiment_scalar-batch1-70-70),408990,f11712b7-c267-4303-bf40-d0802902204e,2021-02-11 13:56:37,541.406,2021-02-11 12:51:21.531000,2021-02-11 13:00:22.937000,3.0,false,impossible,cold,quesadilla,../data/prolific_output/run5_scalar_heat-group_scalar_heat/qu70-s_qu3-batch1.csv
qu70-s_qu3-batch1.csv-3,3,NOT AVAILABLE,NOT AVAILABLE,6d3579fa-979b-4f40-8e61-d17b09d60808,PROLIFIC,11-Feb-2021 14:32:03,1175,46610,0785fc23-f006-4f4c-8dbe-1c5c5112f4a9,I think it is impossible for (a/an) quesadilla to be cold.,I think it is impossible for (a/an) steam to be solid.,I think it is impossible for (a/an) flame to be orange.,5_scalar_heat-set_extension_full_range,https://app.prolific.co/submissions/complete?cc=135DD3C8,Agree or disagree (run5_scalar_heat-set_extension_full_range-experiment_scalar-batch1-70-70),409967,02f9e052-a2c6-46b1-8d63-407d5041ba33,2021-02-11 14:32:03,1192.435,2021-02-11 13:22:48.051000,2021-02-11 13:42:40.486000,3.0,false,impossible,cold,quesadilla,../data/prolific_output/run5_scalar_heat-group_scalar_heat/qu70-s_qu3-batch1.csv
qu70-s_qu3-batch1.csv-3,3,NOT AVAILABLE,NOT AVAILABLE,cdbc1fee-804e-441b-89d3-98ac0ac8ce4d,PROLIFIC,11-Feb-2021 13:45:01,1175,46610,0785fc23-f006-4f4c-8dbe-1c5c5112f4a9,I think it is impossible for (a/an) quesadilla to be cold.,I think it is impossible for (a/an) steam to be solid.,I think it is impossible for (a/an) flame to be orange.,5_scalar_heat-set_extension_full_range,https://app.prolific.co/submissions/complete?cc=135DD3C8,Agree or disagree (run5_scalar_heat-set_extension_full_range-experiment_scalar-batch1-70-70),408690,c7f51924-ced9-44c5-ba21-8acbcf9fa2be,2021-02-11 13:45:01,397.434,2021-02-11 12:42:36.412000,2021-02-11 12:49:13.846000,4.0,false,impossible,cold,quesadilla,../data/prolific_output/run5_scalar_heat-group_scalar_heat/qu70-s_qu3-batch1.csv
qu70-s_qu3-batch1.csv-3,3,NOT AVAILABLE,NOT AVAILABLE,3dad7290-5e89-4340-9c49-15454b8ca9bf,PROLIFIC,11-Feb-2021 15:23:17,1175,46610,0785fc23-f006-4f4c-8dbe-1c5c5112f4a9,I think it is impossible for (a/an) quesadilla to be cold.,I think it is impossible for (a/an) steam to be solid.,I think it is impossible for (a/an) flame to be orange.,5_scalar_heat-set_extension_full_range,https://app.prolific.co/submissions/complete?cc=135DD3C8,Agree or disagree (run5_scalar_heat-set_extension_full_range-experiment_scalar-batch1-70-70),410584,5da1767e-f4dc-4fb7-871d-0efee8e64403,2021-02-11 15:23:17,338.556,2021-02-11 14:20:14.112000,2021-02-11 14:25:52.668000,2.0,false,impossible,cold,quesadilla,../data/prolific_output/run5_scalar_heat-group_scalar_heat/qu70-s_qu3-batch1.csv
qu70-s_qu3-batch1.csv-3,3,NOT AVAILABLE,NOT AVAILABLE,d2716620-0f6b-4985-8f7a-496de72c4edf,PROLIFIC,11-Feb-2021 14:18:32,1175,46611,a34fec46-1edf-4c23-810f-9845639cde64,"You can find (a/an) quesadilla which is cold. (A/an) quesadilla is usually either cold, a bit more or less cold or the opposite of cold.","You can find (a/an) chocolate which is bitter. (A/an) chocolate is usually either bitter, a bit more or less bitter or the opposite of bitter.","You can find (a/an) diamond which is soft. (A/an) diamond is usually either soft, a bit more or less soft or the opposite of soft.",5_scalar_heat-set_extension_full_range,https://app.prolific.co/submissions/complete?cc=135DD3C8,Agree or disagree (run5_scalar_heat-set_extension_full_range-experiment_scalar-batch1-70-70),409714,e9a8bd4c-ce6e-430b-82ba-5e892f9e6afc,2021-02-11 14:18:32,637.11,2021-02-11 13:12:57.882000,2021-02-11 13:23:34.992000,6.0,false,variability_open,cold,quesadilla,../data/prolific_output/run5_scalar_heat-group_scalar_heat/qu70-s_qu3-batch1.csv
qu70-s_qu3-batch1.csv-3,3,NOT AVAILABLE,NOT AVAILABLE,dac5112b-e90f-43d3-81c2-3642f5b6e2f9,PROLIFIC,11-Feb-2021 14:13:23,1175,46611,a34fec46-1edf-4c23-810f-9845639cde64,"You can find (a/an) quesadilla which is cold. (A/an) quesadilla is usually either cold, a bit more or less cold or the opposite of cold.","You can find (a/an) chocolate which is bitter. (A/an) chocolate is usually either bitter, a bit more or less bitter or the opposite of bitter.","You can find (a/an) diamond which is soft. (A/an) diamond is usually either soft, a bit more or less soft or the opposite of soft.",5_scalar_heat-set_extension_full_range,https://app.prolific.co/submissions/complete?cc=135DD3C8,Agree or disagree (run5_scalar_heat-set_extension_full_range-experiment_scalar-batch1-70-70),409476,f6834274-a6e0-4a4b-806f-2d25924b126c,2021-02-11 14:13:23,432.345,2021-02-11 13:06:47.662000,2021-02-11 13:14:00.007000,4.0,true,variability_open,cold,quesadilla,../data/prolific_output/run5_scalar_heat-group_scalar_heat/qu70-s_qu3-batch1.csv
qu70-s_qu3-batch1.csv-3,3,NOT AVAILABLE,NOT AVAILABLE,c86c92f5-934b-4073-b69b-aa1a3a830dc3,PROLIFIC,11-Feb-2021 14:13:56,1175,46611,a34fec46-1edf-4c23-810f-9845639cde64,"You can find (a/an) quesadilla which is cold. (A/an) quesadilla is usually either cold, a bit more or less cold or the opposite of cold.","You can find (a/an) chocolate which is bitter. (A/an) chocolate is usually either bitter, a bit more or less bitter or the opposite of bitter.","You can find (a/an) diamond which is soft. (A/an) diamond is usually either soft, a bit more or less soft or the opposite of soft.",5_scalar_heat-set_extension_full_range,https://app.prolific.co/submissions/complete?cc=135DD3C8,Agree or disagree (run5_scalar_heat-set_extension_full_range-experiment_scalar-batch1-70-70),409488,246ea244-dfec-4b59-b93c-ecef52644bec,2021-02-11 14:13:56,1299.53,2021-02-11 13:03:43.109000,2021-02-11 13:25:22.639000,11.0,true,variability_open,cold,quesadilla,../data/prolific_output/run5_scalar_heat-group_scalar_heat/qu70-s_qu3-batch1.csv
qu70-s_qu3-batch1.csv-3,3,NOT AVAILABLE,NOT AVAILABLE,965f4ff2-bcc0-4ec5-91f4-5904025dc272,PROLIFIC,11-Feb-2021 14:51:56,1175,46611,a34fec46-1edf-4c23-810f-9845639cde64,"You can find (a/an) quesadilla which is cold. (A/an) quesadilla is usually either cold, a bit more or less cold or the opposite of cold.","You can find (a/an) chocolate which is bitter. (A/an) chocolate is usually either bitter, a bit more or less bitter or the opposite of bitter.","You can find (a/an) diamond which is soft. (A/an) diamond is usually either soft, a bit more or less soft or the opposite of soft.",5_scalar_heat-set_extension_full_range,https://app.prolific.co/submissions/complete?cc=135DD3C8,Agree or disagree (run5_scalar_heat-set_extension_full_range-experiment_scalar-batch1-70-70),410247,38e1d8af-375f-42a8-bcb7-ce27ab37f575,2021-02-11 14:51:56,285.593,2021-02-11 13:50:20.301000,2021-02-11 13:55:05.894000,15.0,false,variability_open,cold,quesadilla,../data/prolific_output/run5_scalar_heat-group_scalar_heat/qu70-s_qu3-batch1.csv
qu70-s_qu3-batch1.csv-3,3,NOT AVAILABLE,NOT AVAILABLE,34e021b9-d47d-4dd4-bc71-ddc5ab813ce2,PROLIFIC,11-Feb-2021 13:53:43,1175,46611,a34fec46-1edf-4c23-810f-9845639cde64,"You can find (a/an) quesadilla which is cold. (A/an) quesadilla is usually either cold, a bit more or less cold or the opposite of cold.","You can find (a/an) chocolate which is bitter. (A/an) chocolate is usually either bitter, a bit more or less bitter or the opposite of bitter.","You can find (a/an) diamond which is soft. (A/an) diamond is usually either soft, a bit more or less soft or the opposite of soft.",5_scalar_heat-set_extension_full_range,https://app.prolific.co/submissions/complete?cc=135DD3C8,Agree or disagree (run5_scalar_heat-set_extension_full_range-experiment_scalar-batch1-70-70),408878,1a870887-26f5-4dcb-9981-bbb839536042,2021-02-11 13:53:43,541.406,2021-02-11 12:51:21.531000,2021-02-11 13:00:22.937000,6.0,false,variability_open,cold,quesadilla,../data/prolific_output/run5_scalar_heat-group_scalar_heat/qu70-s_qu3-batch1.csv
qu70-s_qu3-batch1.csv-3,3,NOT AVAILABLE,NOT AVAILABLE,6d3579fa-979b-4f40-8e61-d17b09d60808,PROLIFIC,11-Feb-2021 14:42:36,1175,46611,a34fec46-1edf-4c23-810f-9845639cde64,"You can find (a/an) quesadilla which is cold. (A/an) quesadilla is usually either cold, a bit more or less cold or the opposite of cold.","You can find (a/an) chocolate which is bitter. (A/an) chocolate is usually either bitter, a bit more or less bitter or the opposite of bitter.","You can find (a/an) diamond which is soft. (A/an) diamond is usually either soft, a bit more or less soft or the opposite of soft.",5_scalar_heat-set_extension_full_range,https://app.prolific.co/submissions/complete?cc=135DD3C8,Agree or disagree (run5_scalar_heat-set_extension_full_range-experiment_scalar-batch1-70-70),410124,fbcc727f-5b2f-4911-8747-db9e97789a16,2021-02-11 14:42:36,1192.435,2021-02-11 13:22:48.051000,2021-02-11 13:42:40.486000,10.486,true,variability_open,cold,quesadilla,../data/prolific_output/run5_scalar_heat-group_scalar_heat/qu70-s_qu3-batch1.csv
qu70-s_qu3-batch1.csv-3,3,NOT AVAILABLE,NOT AVAILABLE,cdbc1fee-804e-441b-89d3-98ac0ac8ce4d,PROLIFIC,11-Feb-2021 13:47:15,1175,46611,a34fec46-1edf-4c23-810f-9845639cde64,"You can find (a/an) quesadilla which is cold. (A/an) quesadilla is usually either cold, a bit more or less cold or the opposite of cold.","You can find (a/an) chocolate which is bitter. (A/an) chocolate is usually either bitter, a bit more or less bitter or the opposite of bitter.","You can find (a/an) diamond which is soft. (A/an) diamond is usually either soft, a bit more or less soft or the opposite of soft.",5_scalar_heat-set_extension_full_range,https://app.prolific.co/submissions/complete?cc=135DD3C8,Agree or disagree (run5_scalar_heat-set_extension_full_range-experiment_scalar-batch1-70-70),408723,e7c044c1-4c98-4c79-9402-0efbc818150e,2021-02-11 13:47:15,397.434,2021-02-11 12:42:36.412000,2021-02-11 12:49:13.846000,4.0,true,variability_open,cold,quesadilla,../data/prolific_output/run5_scalar_heat-group_scalar_heat/qu70-s_qu3-batch1.csv
qu70-s_qu3-batch1.csv-3,3,NOT AVAILABLE,NOT AVAILABLE,3dad7290-5e89-4340-9c49-15454b8ca9bf,PROLIFIC,11-Feb-2021 15:25:33,1175,46611,a34fec46-1edf-4c23-810f-9845639cde64,"You can find (a/an) quesadilla which is cold. (A/an) quesadilla is usually either cold, a bit more or less cold or the opposite of cold.","You can find (a/an) chocolate which is bitter. (A/an) chocolate is usually either bitter, a bit more or less bitter or the opposite of bitter.","You can find (a/an) diamond which is soft. (A/an) diamond is usually either soft, a bit more or less soft or the opposite of soft.",5_scalar_heat-set_extension_full_range,https://app.prolific.co/submissions/complete?cc=135DD3C8,Agree or disagree (run5_scalar_heat-set_extension_full_range-experiment_scalar-batch1-70-70),410614,4650e007-ee0b-45b3-9c3b-22223e8d932f,2021-02-11 15:25:33,338.556,2021-02-11 14:20:14.112000,2021-02-11 14:25:52.668000,5.0,true,variability_open,cold,quesadilla,../data/prolific_output/run5_scalar_heat-group_scalar_heat/qu70-s_qu3-batch1.csv
qu70-s_qu3-batch1.csv-3,3,NOT AVAILABLE,NOT AVAILABLE,d2716620-0f6b-4985-8f7a-496de72c4edf,PROLIFIC,11-Feb-2021 14:15:49,1175,46612,c7121608-9524-4de6-86bf-e0115e17df6a,"I think (a/an) quesadilla can be cold, but this is rare or uncommon.","I think (a/an) chocolate can be salty, but this is rare or uncommon.","I think (a/an) cherry can be salty, but this is rare or uncommon.",5_scalar_heat-set_extension_full_range,https://app.prolific.co/submissions/complete?cc=135DD3C8,Agree or disagree (run5_scalar_heat-set_extension_full_range-experiment_scalar-batch1-70-70),409583,ece3e97d-50fe-4df7-a080-273ef948f553,2021-02-11 14:15:49,637.11,2021-02-11 13:12:57.882000,2021-02-11 13:23:34.992000,25.0,true,rare,cold,quesadilla,../data/prolific_output/run5_scalar_heat-group_scalar_heat/qu70-s_qu3-batch1.csv
qu70-s_qu3-batch1.csv-3,3,NOT AVAILABLE,NOT AVAILABLE,dac5112b-e90f-43d3-81c2-3642f5b6e2f9,PROLIFIC,11-Feb-2021 14:12:31,1175,46612,c7121608-9524-4de6-86bf-e0115e17df6a,"I think (a/an) quesadilla can be cold, but this is rare or uncommon.","I think (a/an) chocolate can be salty, but this is rare or uncommon.","I think (a/an) cherry can be salty, but this is rare or uncommon.",5_scalar_heat-set_extension_full_range,https://app.prolific.co/submissions/complete?cc=135DD3C8,Agree or disagree (run5_scalar_heat-set_extension_full_range-experiment_scalar-batch1-70-70),409441,aec0d46c-5476-4064-bcc9-2be77370c4d2,2021-02-11 14:12:31,432.345,2021-02-11 13:06:47.662000,2021-02-11 13:14:00.007000,4.0,true,rare,cold,quesadilla,../data/prolific_output/run5_scalar_heat-group_scalar_heat/qu70-s_qu3-batch1.csv
qu70-s_qu3-batch1.csv-3,3,NOT AVAILABLE,NOT AVAILABLE,c86c92f5-934b-4073-b69b-aa1a3a830dc3,PROLIFIC,11-Feb-2021 14:22:28,1175,46612,c7121608-9524-4de6-86bf-e0115e17df6a,"I think (a/an) quesadilla can be cold, but this is rare or uncommon.","I think (a/an) chocolate can be salty, but this is rare or uncommon.","I think (a/an) cherry can be salty, but this is rare or uncommon.",5_scalar_heat-set_extension_full_range,https://app.prolific.co/submissions/complete?cc=135DD3C8,Agree or disagree (run5_scalar_heat-set_extension_full_range-experiment_scalar-batch1-70-70),409807,40451663-569b-4fdc-a383-023b3393ea0d,2021-02-11 14:22:28,1299.53,2021-02-11 13:03:43.109000,2021-02-11 13:25:22.639000,44.0,true,rare,cold,quesadilla,../data/prolific_output/run5_scalar_heat-group_scalar_heat/qu70-s_qu3-batch1.csv
qu70-s_qu3-batch1.csv-3,3,NOT AVAILABLE,NOT AVAILABLE,965f4ff2-bcc0-4ec5-91f4-5904025dc272,PROLIFIC,11-Feb-2021 14:54:44,1175,46612,c7121608-9524-4de6-86bf-e0115e17df6a,"I think (a/an) quesadilla can be cold, but this is rare or uncommon.","I think (a/an) chocolate can be salty, but this is rare or uncommon.","I think (a/an) cherry can be salty, but this is rare or uncommon.",5_scalar_heat-set_extension_full_range,https://app.prolific.co/submissions/complete?cc=135DD3C8,Agree or disagree (run5_scalar_heat-set_extension_full_range-experiment_scalar-batch1-70-70),410334,d1faf26b-09b2-4500-adac-fc878ae4a8c0,2021-02-11 14:54:44,285.593,2021-02-11 13:50:20.301000,2021-02-11 13:55:05.894000,3.0,false,rare,cold,quesadilla,../data/prolific_output/run5_scalar_heat-group_scalar_heat/qu70-s_qu3-batch1.csv
qu70-s_qu3-batch1.csv-3,3,NOT AVAILABLE,NOT AVAILABLE,34e021b9-d47d-4dd4-bc71-ddc5ab813ce2,PROLIFIC,11-Feb-2021 13:58:42,1175,46612,c7121608-9524-4de6-86bf-e0115e17df6a,"I think (a/an) quesadilla can be cold, but this is rare or uncommon.","I think (a/an) chocolate can be salty, but this is rare or uncommon.","I think (a/an) cherry can be salty, but this is rare or uncommon.",5_scalar_heat-set_extension_full_range,https://app.prolific.co/submissions/complete?cc=135DD3C8,Agree or disagree (run5_scalar_heat-set_extension_full_range-experiment_scalar-batch1-70-70),409079,10ad2af4-48fd-4e42-a15e-60198031d85e,2021-02-11 13:58:42,541.406,2021-02-11 12:51:21.531000,2021-02-11 13:00:22.937000,6.0,true,rare,cold,quesadilla,../data/prolific_output/run5_scalar_heat-group_scalar_heat/qu70-s_qu3-batch1.csv
qu70-s_qu3-batch1.csv-3,3,NOT AVAILABLE,NOT AVAILABLE,6d3579fa-979b-4f40-8e61-d17b09d60808,PROLIFIC,11-Feb-2021 14:41:14,1175,46612,c7121608-9524-4de6-86bf-e0115e17df6a,"I think (a/an) quesadilla can be cold, but this is rare or uncommon.","I think (a/an) chocolate can be salty, but this is rare or uncommon.","I think (a/an) cherry can be salty, but this is rare or uncommon.",5_scalar_heat-set_extension_full_range,https://app.prolific.co/submissions/complete?cc=135DD3C8,Agree or disagree (run5_scalar_heat-set_extension_full_range-experiment_scalar-batch1-70-70),410110,4c4486cb-8dcc-4a9a-a91a-34d9293a3175,2021-02-11 14:41:14,1192.435,2021-02-11 13:22:48.051000,2021-02-11 13:42:40.486000,1.0,true,rare,cold,quesadilla,../data/prolific_output/run5_scalar_heat-group_scalar_heat/qu70-s_qu3-batch1.csv
qu70-s_qu3-batch1.csv-3,3,NOT AVAILABLE,NOT AVAILABLE,cdbc1fee-804e-441b-89d3-98ac0ac8ce4d,PROLIFIC,11-Feb-2021 13:45:59,1175,46612,c7121608-9524-4de6-86bf-e0115e17df6a,"I think (a/an) quesadilla can be cold, but this is rare or uncommon.","I think (a/an) chocolate can be salty, but this is rare or uncommon.","I think (a/an) cherry can be salty, but this is rare or uncommon.",5_scalar_heat-set_extension_full_range,https://app.prolific.co/submissions/complete?cc=135DD3C8,Agree or disagree (run5_scalar_heat-set_extension_full_range-experiment_scalar-batch1-70-70),408708,b3e29073-8467-4dfd-8418-aadaa6dad0dd,2021-02-11 13:45:59,397.434,2021-02-11 12:42:36.412000,2021-02-11 12:49:13.846000,4.0,false,rare,cold,quesadilla,../data/prolific_output/run5_scalar_heat-group_scalar_heat/qu70-s_qu3-batch1.csv
qu70-s_qu3-batch1.csv-3,3,NOT AVAILABLE,NOT AVAILABLE,3dad7290-5e89-4340-9c49-15454b8ca9bf,PROLIFIC,11-Feb-2021 15:21:58,1175,46612,c7121608-9524-4de6-86bf-e0115e17df6a,"I think (a/an) quesadilla can be cold, but this is rare or uncommon.","I think (a/an) chocolate can be salty, but this is rare or uncommon.","I think (a/an) cherry can be salty, but this is rare or uncommon.",5_scalar_heat-set_extension_full_range,https://app.prolific.co/submissions/complete?cc=135DD3C8,Agree or disagree (run5_scalar_heat-set_extension_full_range-experiment_scalar-batch1-70-70),410568,bab8c5a2-7d47-48cb-a415-468b395c0df9,2021-02-11 15:21:58,338.556,2021-02-11 14:20:14.112000,2021-02-11 14:25:52.668000,3.0,true,rare,cold,quesadilla,../data/prolific_output/run5_scalar_heat-group_scalar_heat/qu70-s_qu3-batch1.csv
qu70-s_qu3-batch1.csv-3,3,NOT AVAILABLE,NOT AVAILABLE,d2716620-0f6b-4985-8f7a-496de72c4edf,PROLIFIC,11-Feb-2021 14:19:49,1175,46613,cf4a9139-6f31-44e0-aaaf-21559fce1c93,``Cold'' is one for the first things which come to mind when I hear ``moon' because cold is one of the typical temperatures of (a/an) moon'.,``Bitter'' is one for the first things which come to mind when I hear ``coffee' because bitter is one of the typical tastes of (a/an) coffee'.,``Salty'' is one for the first things which come to mind when I hear ``beer' because salty is one of the typical tastes of (a/an) beer'.,5_scalar_heat-set_extension_full_range,https://app.prolific.co/submissions/complete?cc=135DD3C8,Agree or disagree (run5_scalar_heat-set_extension_full_range-experiment_scalar-batch1-70-70),409763,d1c7f412-3d10-4d9a-babf-f4b42b5f1f96,2021-02-11 14:19:49,637.11,2021-02-11 13:12:57.882000,2021-02-11 13:23:34.992000,59.0,true,typical_of_concept,cold,moon,../data/prolific_output/run5_scalar_heat-group_scalar_heat/qu70-s_qu3-batch1.csv
qu70-s_qu3-batch1.csv-3,3,NOT AVAILABLE,NOT AVAILABLE,dac5112b-e90f-43d3-81c2-3642f5b6e2f9,PROLIFIC,11-Feb-2021 14:13:06,1175,46613,cf4a9139-6f31-44e0-aaaf-21559fce1c93,``Cold'' is one for the first things which come to mind when I hear ``moon' because cold is one of the typical temperatures of (a/an) moon'.,``Bitter'' is one for the first things which come to mind when I hear ``coffee' because bitter is one of the typical tastes of (a/an) coffee'.,``Salty'' is one for the first things which come to mind when I hear ``beer' because salty is one of the typical tastes of (a/an) beer'.,5_scalar_heat-set_extension_full_range,https://app.prolific.co/submissions/complete?cc=135DD3C8,Agree or disagree (run5_scalar_heat-set_extension_full_range-experiment_scalar-batch1-70-70),409467,52a0be8b-0d16-4836-a130-8adfc7791e90,2021-02-11 14:13:06,432.345,2021-02-11 13:06:47.662000,2021-02-11 13:14:00.007000,4.0,true,typical_of_concept,cold,moon,../data/prolific_output/run5_scalar_heat-group_scalar_heat/qu70-s_qu3-batch1.csv
qu70-s_qu3-batch1.csv-3,3,NOT AVAILABLE,NOT AVAILABLE,c86c92f5-934b-4073-b69b-aa1a3a830dc3,PROLIFIC,11-Feb-2021 14:15:40,1175,46613,cf4a9139-6f31-44e0-aaaf-21559fce1c93,``Cold'' is one for the first things which come to mind when I hear ``moon' because cold is one of the typical temperatures of (a/an) moon'.,``Bitter'' is one for the first things which come to mind when I hear ``coffee' because bitter is one of the typical tastes of (a/an) coffee'.,``Salty'' is one for the first things which come to mind when I hear ``beer' because salty is one of the typical tastes of (a/an) beer'.,5_scalar_heat-set_extension_full_range,https://app.prolific.co/submissions/complete?cc=135DD3C8,Agree or disagree (run5_scalar_heat-set_extension_full_range-experiment_scalar-batch1-70-70),409573,4172de1a-ef76-4dc4-9764-6b958971cf15,2021-02-11 14:15:40,1299.53,2021-02-11 13:03:43.109000,2021-02-11 13:25:22.639000,11.0,false,typical_of_concept,cold,moon,../data/prolific_output/run5_scalar_heat-group_scalar_heat/qu70-s_qu3-batch1.csv
qu70-s_qu3-batch1.csv-3,3,NOT AVAILABLE,NOT AVAILABLE,965f4ff2-bcc0-4ec5-91f4-5904025dc272,PROLIFIC,11-Feb-2021 14:54:35,1175,46613,cf4a9139-6f31-44e0-aaaf-21559fce1c93,``Cold'' is one for the first things which come to mind when I hear ``moon' because cold is one of the typical temperatures of (a/an) moon'.,``Bitter'' is one for the first things which come to mind when I hear ``coffee' because bitter is one of the typical tastes of (a/an) coffee'.,``Salty'' is one for the first things which come to mind when I hear ``beer' because salty is one of the typical tastes of (a/an) beer'.,5_scalar_heat-set_extension_full_range,https://app.prolific.co/submissions/complete?cc=135DD3C8,Agree or disagree (run5_scalar_heat-set_extension_full_range-experiment_scalar-batch1-70-70),410324,6e02750a-c981-45a8-8551-672658dc369e,2021-02-11 14:54:35,285.593,2021-02-11 13:50:20.301000,2021-02-11 13:55:05.894000,2.0,true,typical_of_concept,cold,moon,../data/prolific_output/run5_scalar_heat-group_scalar_heat/qu70-s_qu3-batch1.csv
qu70-s_qu3-batch1.csv-3,3,NOT AVAILABLE,NOT AVAILABLE,34e021b9-d47d-4dd4-bc71-ddc5ab813ce2,PROLIFIC,11-Feb-2021 13:58:30,1175,46613,cf4a9139-6f31-44e0-aaaf-21559fce1c93,``Cold'' is one for the first things which come to mind when I hear ``moon' because cold is one of the typical temperatures of (a/an) moon'.,``Bitter'' is one for the first things which come to mind when I hear ``coffee' because bitter is one of the typical tastes of (a/an) coffee'.,``Salty'' is one for the first things which come to mind when I hear ``beer' because salty is one of the typical tastes of (a/an) beer'.,5_scalar_heat-set_extension_full_range,https://app.prolific.co/submissions/complete?cc=135DD3C8,Agree or disagree (run5_scalar_heat-set_extension_full_range-experiment_scalar-batch1-70-70),409070,ca0f87e8-b676-4472-a5f1-a37af297c39e,2021-02-11 13:58:30,541.406,2021-02-11 12:51:21.531000,2021-02-11 13:00:22.937000,9.0,false,typical_of_concept,cold,moon,../data/prolific_output/run5_scalar_heat-group_scalar_heat/qu70-s_qu3-batch1.csv
qu70-s_qu3-batch1.csv-3,3,NOT AVAILABLE,NOT AVAILABLE,6d3579fa-979b-4f40-8e61-d17b09d60808,PROLIFIC,11-Feb-2021 14:29:32,1175,46613,cf4a9139-6f31-44e0-aaaf-21559fce1c93,``Cold'' is one for the first things which come to mind when I hear ``moon' because cold is one of the typical temperatures of (a/an) moon'.,``Bitter'' is one for the first things which come to mind when I hear ``coffee' because bitter is one of the typical tastes of (a/an) coffee'.,``Salty'' is one for the first things which come to mind when I hear ``beer' because salty is one of the typical tastes of (a/an) beer'.,5_scalar_heat-set_extension_full_range,https://app.prolific.co/submissions/complete?cc=135DD3C8,Agree or disagree (run5_scalar_heat-set_extension_full_range-experiment_scalar-batch1-70-70),409911,6c9feb13-e2ac-4922-8c52-5ad36cd470a5,2021-02-11 14:29:32,1192.435,2021-02-11 13:22:48.051000,2021-02-11 13:42:40.486000,5.0,false,typical_of_concept,cold,moon,../data/prolific_output/run5_scalar_heat-group_scalar_heat/qu70-s_qu3-batch1.csv
qu70-s_qu3-batch1.csv-3,3,NOT AVAILABLE,NOT AVAILABLE,cdbc1fee-804e-441b-89d3-98ac0ac8ce4d,PROLIFIC,11-Feb-2021 13:48:40,1175,46613,cf4a9139-6f31-44e0-aaaf-21559fce1c93,``Cold'' is one for the first things which come to mind when I hear ``moon' because cold is one of the typical temperatures of (a/an) moon'.,``Bitter'' is one for the first things which come to mind when I hear ``coffee' because bitter is one of the typical tastes of (a/an) coffee'.,``Salty'' is one for the first things which come to mind when I hear ``beer' because salty is one of the typical tastes of (a/an) beer'.,5_scalar_heat-set_extension_full_range,https://app.prolific.co/submissions/complete?cc=135DD3C8,Agree or disagree (run5_scalar_heat-set_extension_full_range-experiment_scalar-batch1-70-70),408740,78b412cf-fc1c-40f9-aa19-ecca51265386,2021-02-11 13:48:40,397.434,2021-02-11 12:42:36.412000,2021-02-11 12:49:13.846000,5.0,false,typical_of_concept,cold,moon,../data/prolific_output/run5_scalar_heat-group_scalar_heat/qu70-s_qu3-batch1.csv
qu70-s_qu3-batch1.csv-3,3,NOT AVAILABLE,NOT AVAILABLE,3dad7290-5e89-4340-9c49-15454b8ca9bf,PROLIFIC,11-Feb-2021 15:22:47,1175,46613,cf4a9139-6f31-44e0-aaaf-21559fce1c93,``Cold'' is one for the first things which come to mind when I hear ``moon' because cold is one of the typical temperatures of (a/an) moon'.,``Bitter'' is one for the first things which come to mind when I hear ``coffee' because bitter is one of the typical tastes of (a/an) coffee'.,``Salty'' is one for the first things which come to mind when I hear ``beer' because salty is one of the typical tastes of (a/an) beer'.,5_scalar_heat-set_extension_full_range,https://app.prolific.co/submissions/complete?cc=135DD3C8,Agree or disagree (run5_scalar_heat-set_extension_full_range-experiment_scalar-batch1-70-70),410576,562d5696-356c-4348-97b9-5dba3b124475,2021-02-11 15:22:47,338.556,2021-02-11 14:20:14.112000,2021-02-11 14:25:52.668000,4.0,false,typical_of_concept,cold,moon,../data/prolific_output/run5_scalar_heat-group_scalar_heat/qu70-s_qu3-batch1.csv
qu70-s_qu3-batch1.csv-3,3,NOT AVAILABLE,NOT AVAILABLE,d2716620-0f6b-4985-8f7a-496de72c4edf,PROLIFIC,11-Feb-2021 14:16:46,1175,46614,1244e55e-3aeb-46b9-b4d2-08d6a7904de5,"I think (a/an) moon can be cold, but this is rare or uncommon.","I think (a/an) pizza can be sweet, but this is rare or uncommon.","I think (a/an) pizza can be savory, but this is rare or uncommon.",5_scalar_heat-set_extension_full_range,https://app.prolific.co/submissions/complete?cc=135DD3C8,Agree or disagree (run5_scalar_heat-set_extension_full_range-experiment_scalar-batch1-70-70),409628,ed94daec-e4b3-42e2-838a-ac719160c450,2021-02-11 14:16:46,637.11,2021-02-11 13:12:57.882000,2021-02-11 13:23:34.992000,9.0,false,rare,cold,moon,../data/prolific_output/run5_scalar_heat-group_scalar_heat/qu70-s_qu3-batch1.csv
qu70-s_qu3-batch1.csv-3,3,NOT AVAILABLE,NOT AVAILABLE,dac5112b-e90f-43d3-81c2-3642f5b6e2f9,PROLIFIC,11-Feb-2021 14:12:46,1175,46614,1244e55e-3aeb-46b9-b4d2-08d6a7904de5,"I think (a/an) moon can be cold, but this is rare or uncommon.","I think (a/an) pizza can be sweet, but this is rare or uncommon.","I think (a/an) pizza can be savory, but this is rare or uncommon.",5_scalar_heat-set_extension_full_range,https://app.prolific.co/submissions/complete?cc=135DD3C8,Agree or disagree (run5_scalar_heat-set_extension_full_range-experiment_scalar-batch1-70-70),409456,72e7bbba-bcd6-4911-b2cb-63330b432fa4,2021-02-11 14:12:46,432.345,2021-02-11 13:06:47.662000,2021-02-11 13:14:00.007000,2.0,false,rare,cold,moon,../data/prolific_output/run5_scalar_heat-group_scalar_heat/qu70-s_qu3-batch1.csv
qu70-s_qu3-batch1.csv-3,3,NOT AVAILABLE,NOT AVAILABLE,c86c92f5-934b-4073-b69b-aa1a3a830dc3,PROLIFIC,11-Feb-2021 14:21:44,1175,46614,1244e55e-3aeb-46b9-b4d2-08d6a7904de5,"I think (a/an) moon can be cold, but this is rare or uncommon.","I think (a/an) pizza can be sweet, but this is rare or uncommon.","I think (a/an) pizza can be savory, but this is rare or uncommon.",5_scalar_heat-set_extension_full_range,https://app.prolific.co/submissions/complete?cc=135DD3C8,Agree or disagree (run5_scalar_heat-set_extension_full_range-experiment_scalar-batch1-70-70),409800,82ff5a7a-c8bd-4666-917c-a020ec32d1b2,2021-02-11 14:21:44,1299.53,2021-02-11 13:03:43.109000,2021-02-11 13:25:22.639000,11.0,false,rare,cold,moon,../data/prolific_output/run5_scalar_heat-group_scalar_heat/qu70-s_qu3-batch1.csv
qu70-s_qu3-batch1.csv-3,3,NOT AVAILABLE,NOT AVAILABLE,965f4ff2-bcc0-4ec5-91f4-5904025dc272,PROLIFIC,11-Feb-2021 14:53:54,1175,46614,1244e55e-3aeb-46b9-b4d2-08d6a7904de5,"I think (a/an) moon can be cold, but this is rare or uncommon.","I think (a/an) pizza can be sweet, but this is rare or uncommon.","I think (a/an) pizza can be savory, but this is rare or uncommon.",5_scalar_heat-set_extension_full_range,https://app.prolific.co/submissions/complete?cc=135DD3C8,Agree or disagree (run5_scalar_heat-set_extension_full_range-experiment_scalar-batch1-70-70),410296,abcd3f4e-fdda-4b68-a93b-687581336b64,2021-02-11 14:53:54,285.593,2021-02-11 13:50:20.301000,2021-02-11 13:55:05.894000,1.0,false,rare,cold,moon,../data/prolific_output/run5_scalar_heat-group_scalar_heat/qu70-s_qu3-batch1.csv
qu70-s_qu3-batch1.csv-3,3,NOT AVAILABLE,NOT AVAILABLE,34e021b9-d47d-4dd4-bc71-ddc5ab813ce2,PROLIFIC,11-Feb-2021 13:57:48,1175,46614,1244e55e-3aeb-46b9-b4d2-08d6a7904de5,"I think (a/an) moon can be cold, but this is rare or uncommon.","I think (a/an) pizza can be sweet, but this is rare or uncommon.","I think (a/an) pizza can be savory, but this is rare or uncommon.",5_scalar_heat-set_extension_full_range,https://app.prolific.co/submissions/complete?cc=135DD3C8,Agree or disagree (run5_scalar_heat-set_extension_full_range-experiment_scalar-batch1-70-70),409041,7669192f-875c-4a61-abe4-a8c348a2edf0,2021-02-11 13:57:48,541.406,2021-02-11 12:51:21.531000,2021-02-11 13:00:22.937000,5.0,false,rare,cold,moon,../data/prolific_output/run5_scalar_heat-group_scalar_heat/qu70-s_qu3-batch1.csv
qu70-s_qu3-batch1.csv-3,3,NOT AVAILABLE,NOT AVAILABLE,6d3579fa-979b-4f40-8e61-d17b09d60808,PROLIFIC,11-Feb-2021 14:41:20,1175,46614,1244e55e-3aeb-46b9-b4d2-08d6a7904de5,"I think (a/an) moon can be cold, but this is rare or uncommon.","I think (a/an) pizza can be sweet, but this is rare or uncommon.","I think (a/an) pizza can be savory, but this is rare or uncommon.",5_scalar_heat-set_extension_full_range,https://app.prolific.co/submissions/complete?cc=135DD3C8,Agree or disagree (run5_scalar_heat-set_extension_full_range-experiment_scalar-batch1-70-70),410113,f7733c4d-cb22-493e-9a3a-d73792779043,2021-02-11 14:41:20,1192.435,2021-02-11 13:22:48.051000,2021-02-11 13:42:40.486000,2.0,false,rare,cold,moon,../data/prolific_output/run5_scalar_heat-group_scalar_heat/qu70-s_qu3-batch1.csv
qu70-s_qu3-batch1.csv-3,3,NOT AVAILABLE,NOT AVAILABLE,cdbc1fee-804e-441b-89d3-98ac0ac8ce4d,PROLIFIC,11-Feb-2021 13:48:54,1175,46614,1244e55e-3aeb-46b9-b4d2-08d6a7904de5,"I think (a/an) moon can be cold, but this is rare or uncommon.","I think (a/an) pizza can be sweet, but this is rare or uncommon.","I think (a/an) pizza can be savory, but this is rare or uncommon.",5_scalar_heat-set_extension_full_range,https://app.prolific.co/submissions/complete?cc=135DD3C8,Agree or disagree (run5_scalar_heat-set_extension_full_range-experiment_scalar-batch1-70-70),408746,e0aaf426-42e1-41b2-9ba9-854c55209d0d,2021-02-11 13:48:54,397.434,2021-02-11 12:42:36.412000,2021-02-11 12:49:13.846000,4.0,false,rare,cold,moon,../data/prolific_output/run5_scalar_heat-group_scalar_heat/qu70-s_qu3-batch1.csv
qu70-s_qu3-batch1.csv-3,3,NOT AVAILABLE,NOT AVAILABLE,3dad7290-5e89-4340-9c49-15454b8ca9bf,PROLIFIC,11-Feb-2021 15:22:43,1175,46614,1244e55e-3aeb-46b9-b4d2-08d6a7904de5,"I think (a/an) moon can be cold, but this is rare or uncommon.","I think (a/an) pizza can be sweet, but this is rare or uncommon.","I think (a/an) pizza can be savory, but this is rare or uncommon.",5_scalar_heat-set_extension_full_range,https://app.prolific.co/submissions/complete?cc=135DD3C8,Agree or disagree (run5_scalar_heat-set_extension_full_range-experiment_scalar-batch1-70-70),410575,c45777fd-8fbe-400b-9229-27e71b36c485,2021-02-11 15:22:43,338.556,2021-02-11 14:20:14.112000,2021-02-11 14:25:52.668000,5.0,false,rare,cold,moon,../data/prolific_output/run5_scalar_heat-group_scalar_heat/qu70-s_qu3-batch1.csv
qu70-s_qu3-batch1.csv-3,3,NOT AVAILABLE,NOT AVAILABLE,d2716620-0f6b-4985-8f7a-496de72c4edf,PROLIFIC,11-Feb-2021 14:15:18,1175,46615,a16f1f7f-bdf8-4ef5-8742-382e5b244a43,``Moon'' is one of the first things which come to mind when I hear ``cold' because (a/an) moon is a typical example of things which are cold'. ,``Mouse'' is one of the first things which come to mind when I hear ``small' because (a/an) mouse is a typical example of things which are small'. ,``Dog'' is one of the first things which come to mind when I hear ``small' because (a/an) dog is a typical example of things which are small'. ,5_scalar_heat-set_extension_full_range,https://app.prolific.co/submissions/complete?cc=135DD3C8,Agree or disagree (run5_scalar_heat-set_extension_full_range-experiment_scalar-batch1-70-70),409549,93b23016-a611-4477-b43a-e6ef15d73716,2021-02-11 14:15:18,637.11,2021-02-11 13:12:57.882000,2021-02-11 13:23:34.992000,7.0,false,typical_of_property,cold,moon,../data/prolific_output/run5_scalar_heat-group_scalar_heat/qu70-s_qu3-batch1.csv
qu70-s_qu3-batch1.csv-3,3,NOT AVAILABLE,NOT AVAILABLE,dac5112b-e90f-43d3-81c2-3642f5b6e2f9,PROLIFIC,11-Feb-2021 14:11:54,1175,46615,a16f1f7f-bdf8-4ef5-8742-382e5b244a43,``Moon'' is one of the first things which come to mind when I hear ``cold' because (a/an) moon is a typical example of things which are cold'. ,``Mouse'' is one of the first things which come to mind when I hear ``small' because (a/an) mouse is a typical example of things which are small'. ,``Dog'' is one of the first things which come to mind when I hear ``small' because (a/an) dog is a typical example of things which are small'. ,5_scalar_heat-set_extension_full_range,https://app.prolific.co/submissions/complete?cc=135DD3C8,Agree or disagree (run5_scalar_heat-set_extension_full_range-experiment_scalar-batch1-70-70),409423,7b5154e1-5817-4562-b10a-c8521e6cf7c2,2021-02-11 14:11:54,432.345,2021-02-11 13:06:47.662000,2021-02-11 13:14:00.007000,7.0,false,typical_of_property,cold,moon,../data/prolific_output/run5_scalar_heat-group_scalar_heat/qu70-s_qu3-batch1.csv
qu70-s_qu3-batch1.csv-3,3,NOT AVAILABLE,NOT AVAILABLE,c86c92f5-934b-4073-b69b-aa1a3a830dc3,PROLIFIC,11-Feb-2021 14:04:53,1175,46615,a16f1f7f-bdf8-4ef5-8742-382e5b244a43,``Moon'' is one of the first things which come to mind when I hear ``cold' because (a/an) moon is a typical example of things which are cold'. ,``Mouse'' is one of the first things which come to mind when I hear ``small' because (a/an) mouse is a typical example of things which are small'. ,``Dog'' is one of the first things which come to mind when I hear ``small' because (a/an) dog is a typical example of things which are small'. ,5_scalar_heat-set_extension_full_range,https://app.prolific.co/submissions/complete?cc=135DD3C8,Agree or disagree (run5_scalar_heat-set_extension_full_range-experiment_scalar-batch1-70-70),409206,7b1c0401-99c4-41bd-aedb-174080d7f127,2021-02-11 14:04:53,1299.53,2021-02-11 13:03:43.109000,2021-02-11 13:25:22.639000,33.0,false,typical_of_property,cold,moon,../data/prolific_output/run5_scalar_heat-group_scalar_heat/qu70-s_qu3-batch1.csv
qu70-s_qu3-batch1.csv-3,3,NOT AVAILABLE,NOT AVAILABLE,965f4ff2-bcc0-4ec5-91f4-5904025dc272,PROLIFIC,11-Feb-2021 14:52:10,1175,46615,a16f1f7f-bdf8-4ef5-8742-382e5b244a43,``Moon'' is one of the first things which come to mind when I hear ``cold' because (a/an) moon is a typical example of things which are cold'. ,``Mouse'' is one of the first things which come to mind when I hear ``small' because (a/an) mouse is a typical example of things which are small'. ,``Dog'' is one of the first things which come to mind when I hear ``small' because (a/an) dog is a typical example of things which are small'. ,5_scalar_heat-set_extension_full_range,https://app.prolific.co/submissions/complete?cc=135DD3C8,Agree or disagree (run5_scalar_heat-set_extension_full_range-experiment_scalar-batch1-70-70),410252,d9e5887d-e678-433a-9f56-9e824b87a987,2021-02-11 14:52:10,285.593,2021-02-11 13:50:20.301000,2021-02-11 13:55:05.894000,3.0,true,typical_of_property,cold,moon,../data/prolific_output/run5_scalar_heat-group_scalar_heat/qu70-s_qu3-batch1.csv
qu70-s_qu3-batch1.csv-3,3,NOT AVAILABLE,NOT AVAILABLE,34e021b9-d47d-4dd4-bc71-ddc5ab813ce2,PROLIFIC,11-Feb-2021 13:59:54,1175,46615,a16f1f7f-bdf8-4ef5-8742-382e5b244a43,``Moon'' is one of the first things which come to mind when I hear ``cold' because (a/an) moon is a typical example of things which are cold'. ,``Mouse'' is one of the first things which come to mind when I hear ``small' because (a/an) mouse is a typical example of things which are small'. ,``Dog'' is one of the first things which come to mind when I hear ``small' because (a/an) dog is a typical example of things which are small'. ,5_scalar_heat-set_extension_full_range,https://app.prolific.co/submissions/complete?cc=135DD3C8,Agree or disagree (run5_scalar_heat-set_extension_full_range-experiment_scalar-batch1-70-70),409126,52a61679-8e9e-4e8c-aaab-9de4df0e58f7,2021-02-11 13:59:54,541.406,2021-02-11 12:51:21.531000,2021-02-11 13:00:22.937000,4.0,false,typical_of_property,cold,moon,../data/prolific_output/run5_scalar_heat-group_scalar_heat/qu70-s_qu3-batch1.csv
qu70-s_qu3-batch1.csv-3,3,NOT AVAILABLE,NOT AVAILABLE,6d3579fa-979b-4f40-8e61-d17b09d60808,PROLIFIC,11-Feb-2021 14:31:50,1175,46615,a16f1f7f-bdf8-4ef5-8742-382e5b244a43,``Moon'' is one of the first things which come to mind when I hear ``cold' because (a/an) moon is a typical example of things which are cold'. ,``Mouse'' is one of the first things which come to mind when I hear ``small' because (a/an) mouse is a typical example of things which are small'. ,``Dog'' is one of the first things which come to mind when I hear ``small' because (a/an) dog is a typical example of things which are small'. ,5_scalar_heat-set_extension_full_range,https://app.prolific.co/submissions/complete?cc=135DD3C8,Agree or disagree (run5_scalar_heat-set_extension_full_range-experiment_scalar-batch1-70-70),409957,375258cb-dce8-4d78-bd2c-d1befcab656c,2021-02-11 14:31:50,1192.435,2021-02-11 13:22:48.051000,2021-02-11 13:42:40.486000,122.0,false,typical_of_property,cold,moon,../data/prolific_output/run5_scalar_heat-group_scalar_heat/qu70-s_qu3-batch1.csv
qu70-s_qu3-batch1.csv-3,3,NOT AVAILABLE,NOT AVAILABLE,cdbc1fee-804e-441b-89d3-98ac0ac8ce4d,PROLIFIC,11-Feb-2021 13:48:47,1175,46615,a16f1f7f-bdf8-4ef5-8742-382e5b244a43,``Moon'' is one of the first things which come to mind when I hear ``cold' because (a/an) moon is a typical example of things which are cold'. ,``Mouse'' is one of the first things which come to mind when I hear ``small' because (a/an) mouse is a typical example of things which are small'. ,``Dog'' is one of the first things which come to mind when I hear ``small' because (a/an) dog is a typical example of things which are small'. ,5_scalar_heat-set_extension_full_range,https://app.prolific.co/submissions/complete?cc=135DD3C8,Agree or disagree (run5_scalar_heat-set_extension_full_range-experiment_scalar-batch1-70-70),408744,cb15bad2-f2b7-4aca-a65f-59626ab6b3a3,2021-02-11 13:48:47,397.434,2021-02-11 12:42:36.412000,2021-02-11 12:49:13.846000,3.0,false,typical_of_property,cold,moon,../data/prolific_output/run5_scalar_heat-group_scalar_heat/qu70-s_qu3-batch1.csv
qu70-s_qu3-batch1.csv-3,3,NOT AVAILABLE,NOT AVAILABLE,3dad7290-5e89-4340-9c49-15454b8ca9bf,PROLIFIC,11-Feb-2021 15:24:28,1175,46615,a16f1f7f-bdf8-4ef5-8742-382e5b244a43,``Moon'' is one of the first things which come to mind when I hear ``cold' because (a/an) moon is a typical example of things which are cold'. ,``Mouse'' is one of the first things which come to mind when I hear ``small' because (a/an) mouse is a typical example of things which are small'. ,``Dog'' is one of the first things which come to mind when I hear ``small' because (a/an) dog is a typical example of things which are small'. ,5_scalar_heat-set_extension_full_range,https://app.prolific.co/submissions/complete?cc=135DD3C8,Agree or disagree (run5_scalar_heat-set_extension_full_range-experiment_scalar-batch1-70-70),410600,2b6530a9-dc35-4459-b87c-e6207789131f,2021-02-11 15:24:28,338.556,2021-02-11 14:20:14.112000,2021-02-11 14:25:52.668000,2.0,false,typical_of_property,cold,moon,../data/prolific_output/run5_scalar_heat-group_scalar_heat/qu70-s_qu3-batch1.csv
qu70-s_qu3-batch1.csv-3,3,NOT AVAILABLE,NOT AVAILABLE,d2716620-0f6b-4985-8f7a-496de72c4edf,PROLIFIC,11-Feb-2021 14:22:03,1175,46616,16373b73-3f1b-46e1-8f1c-c1cc6b29d808,"I could say (a/an) moon is cold, but I would most certainly not mean it literally.","I could say (a/an) anger is hot, but I would most certainly not mean it literally.
I could say (a/an) person is cold, but I would most certainly not mean it literally.
I could say (a/an) story is dark, but I would most certainly not mean it literally.","I could say (a/an) fire is hot, but I would most certainly not mean it literally.
I could say (a/an) stone is heavy, but I would most certainly not mean it literally.
I could say (a/an) argument is liquid, but I would most certainly not mean it literally.",5_scalar_heat-set_extension_full_range,https://app.prolific.co/submissions/complete?cc=135DD3C8,Agree or disagree (run5_scalar_heat-set_extension_full_range-experiment_scalar-batch1-70-70),409803,c360b9a4-3801-4b9d-8f5a-152af17f068e,2021-02-11 14:22:03,637.11,2021-02-11 13:12:57.882000,2021-02-11 13:23:34.992000,6.0,false,creative,cold,moon,../data/prolific_output/run5_scalar_heat-group_scalar_heat/qu70-s_qu3-batch1.csv
qu70-s_qu3-batch1.csv-3,3,NOT AVAILABLE,NOT AVAILABLE,dac5112b-e90f-43d3-81c2-3642f5b6e2f9,PROLIFIC,11-Feb-2021 14:10:14,1175,46616,16373b73-3f1b-46e1-8f1c-c1cc6b29d808,"I could say (a/an) moon is cold, but I would most certainly not mean it literally.","I could say (a/an) anger is hot, but I would most certainly not mean it literally.
I could say (a/an) person is cold, but I would most certainly not mean it literally.
I could say (a/an) story is dark, but I would most certainly not mean it literally.","I could say (a/an) fire is hot, but I would most certainly not mean it literally.
I could say (a/an) stone is heavy, but I would most certainly not mean it literally.
I could say (a/an) argument is liquid, but I would most certainly not mean it literally.",5_scalar_heat-set_extension_full_range,https://app.prolific.co/submissions/complete?cc=135DD3C8,Agree or disagree (run5_scalar_heat-set_extension_full_range-experiment_scalar-batch1-70-70),409367,7a724203-a5dc-4713-b391-041fc546835a,2021-02-11 14:10:14,432.345,2021-02-11 13:06:47.662000,2021-02-11 13:14:00.007000,2.0,false,creative,cold,moon,../data/prolific_output/run5_scalar_heat-group_scalar_heat/qu70-s_qu3-batch1.csv
qu70-s_qu3-batch1.csv-3,3,NOT AVAILABLE,NOT AVAILABLE,c86c92f5-934b-4073-b69b-aa1a3a830dc3,PROLIFIC,11-Feb-2021 14:18:36,1175,46616,16373b73-3f1b-46e1-8f1c-c1cc6b29d808,"I could say (a/an) moon is cold, but I would most certainly not mean it literally.","I could say (a/an) anger is hot, but I would most certainly not mean it literally.
I could say (a/an) person is cold, but I would most certainly not mean it literally.
I could say (a/an) story is dark, but I would most certainly not mean it literally.","I could say (a/an) fire is hot, but I would most certainly not mean it literally.
I could say (a/an) stone is heavy, but I would most certainly not mean it literally.
I could say (a/an) argument is liquid, but I would most certainly not mean it literally.",5_scalar_heat-set_extension_full_range,https://app.prolific.co/submissions/complete?cc=135DD3C8,Agree or disagree (run5_scalar_heat-set_extension_full_range-experiment_scalar-batch1-70-70),409716,78cd27fd-56af-41bc-98d4-e360437626a5,2021-02-11 14:18:36,1299.53,2021-02-11 13:03:43.109000,2021-02-11 13:25:22.639000,7.0,true,creative,cold,moon,../data/prolific_output/run5_scalar_heat-group_scalar_heat/qu70-s_qu3-batch1.csv
qu70-s_qu3-batch1.csv-3,3,NOT AVAILABLE,NOT AVAILABLE,965f4ff2-bcc0-4ec5-91f4-5904025dc272,PROLIFIC,11-Feb-2021 14:55:01,1175,46616,16373b73-3f1b-46e1-8f1c-c1cc6b29d808,"I could say (a/an) moon is cold, but I would most certainly not mean it literally.","I could say (a/an) anger is hot, but I would most certainly not mean it literally.
I could say (a/an) person is cold, but I would most certainly not mean it literally.
I could say (a/an) story is dark, but I would most certainly not mean it literally.","I could say (a/an) fire is hot, but I would most certainly not mean it literally.
I could say (a/an) stone is heavy, but I would most certainly not mean it literally.
I could say (a/an) argument is liquid, but I would most certainly not mean it literally.",5_scalar_heat-set_extension_full_range,https://app.prolific.co/submissions/complete?cc=135DD3C8,Agree or disagree (run5_scalar_heat-set_extension_full_range-experiment_scalar-batch1-70-70),410349,95a7ca1b-80f5-423b-9a20-a0619d4eab71,2021-02-11 14:55:01,285.593,2021-02-11 13:50:20.301000,2021-02-11 13:55:05.894000,1.0,false,creative,cold,moon,../data/prolific_output/run5_scalar_heat-group_scalar_heat/qu70-s_qu3-batch1.csv
qu70-s_qu3-batch1.csv-3,3,NOT AVAILABLE,NOT AVAILABLE,34e021b9-d47d-4dd4-bc71-ddc5ab813ce2,PROLIFIC,11-Feb-2021 13:54:15,1175,46616,16373b73-3f1b-46e1-8f1c-c1cc6b29d808,"I could say (a/an) moon is cold, but I would most certainly not mean it literally.","I could say (a/an) anger is hot, but I would most certainly not mean it literally.
I could say (a/an) person is cold, but I would most certainly not mean it literally.
I could say (a/an) story is dark, but I would most certainly not mean it literally.","I could say (a/an) fire is hot, but I would most certainly not mean it literally.
I could say (a/an) stone is heavy, but I would most certainly not mean it literally.
I could say (a/an) argument is liquid, but I would most certainly not mean it literally.",5_scalar_heat-set_extension_full_range,https://app.prolific.co/submissions/complete?cc=135DD3C8,Agree or disagree (run5_scalar_heat-set_extension_full_range-experiment_scalar-batch1-70-70),408897,2f8af115-bfb2-46a5-91ac-e65b3ee768da,2021-02-11 13:54:15,541.406,2021-02-11 12:51:21.531000,2021-02-11 13:00:22.937000,9.0,true,creative,cold,moon,../data/prolific_output/run5_scalar_heat-group_scalar_heat/qu70-s_qu3-batch1.csv
qu70-s_qu3-batch1.csv-3,3,NOT AVAILABLE,NOT AVAILABLE,6d3579fa-979b-4f40-8e61-d17b09d60808,PROLIFIC,11-Feb-2021 14:24:38,1175,46616,16373b73-3f1b-46e1-8f1c-c1cc6b29d808,"I could say (a/an) moon is cold, but I would most certainly not mean it literally.","I could say (a/an) anger is hot, but I would most certainly not mean it literally.
I could say (a/an) person is cold, but I would most certainly not mean it literally.
I could say (a/an) story is dark, but I would most certainly not mean it literally.","I could say (a/an) fire is hot, but I would most certainly not mean it literally.
I could say (a/an) stone is heavy, but I would most certainly not mean it literally.
I could say (a/an) argument is liquid, but I would most certainly not mean it literally.",5_scalar_heat-set_extension_full_range,https://app.prolific.co/submissions/complete?cc=135DD3C8,Agree or disagree (run5_scalar_heat-set_extension_full_range-experiment_scalar-batch1-70-70),409841,587bb349-a6e5-47ee-ad07-27a0b411e02a,2021-02-11 14:24:38,1192.435,2021-02-11 13:22:48.051000,2021-02-11 13:42:40.486000,2.0,false,creative,cold,moon,../data/prolific_output/run5_scalar_heat-group_scalar_heat/qu70-s_qu3-batch1.csv
qu70-s_qu3-batch1.csv-3,3,NOT AVAILABLE,NOT AVAILABLE,cdbc1fee-804e-441b-89d3-98ac0ac8ce4d,PROLIFIC,11-Feb-2021 13:45:08,1175,46616,16373b73-3f1b-46e1-8f1c-c1cc6b29d808,"I could say (a/an) moon is cold, but I would most certainly not mean it literally.","I could say (a/an) anger is hot, but I would most certainly not mean it literally.
I could say (a/an) person is cold, but I would most certainly not mean it literally.
I could say (a/an) story is dark, but I would most certainly not mean it literally.","I could say (a/an) fire is hot, but I would most certainly not mean it literally.
I could say (a/an) stone is heavy, but I would most certainly not mean it literally.
I could say (a/an) argument is liquid, but I would most certainly not mean it literally.",5_scalar_heat-set_extension_full_range,https://app.prolific.co/submissions/complete?cc=135DD3C8,Agree or disagree (run5_scalar_heat-set_extension_full_range-experiment_scalar-batch1-70-70),408691,5e26a3b1-29a3-4286-80ed-7090abe81aed,2021-02-11 13:45:08,397.434,2021-02-11 12:42:36.412000,2021-02-11 12:49:13.846000,7.0,false,creative,cold,moon,../data/prolific_output/run5_scalar_heat-group_scalar_heat/qu70-s_qu3-batch1.csv
qu70-s_qu3-batch1.csv-3,3,NOT AVAILABLE,NOT AVAILABLE,3dad7290-5e89-4340-9c49-15454b8ca9bf,PROLIFIC,11-Feb-2021 15:25:35,1175,46616,16373b73-3f1b-46e1-8f1c-c1cc6b29d808,"I could say (a/an) moon is cold, but I would most certainly not mean it literally.","I could say (a/an) anger is hot, but I would most certainly not mean it literally.
I could say (a/an) person is cold, but I would most certainly not mean it literally.
I could say (a/an) story is dark, but I would most certainly not mean it literally.","I could say (a/an) fire is hot, but I would most certainly not mean it literally.
I could say (a/an) stone is heavy, but I would most certainly not mean it literally.
I could say (a/an) argument is liquid, but I would most certainly not mean it literally.",5_scalar_heat-set_extension_full_range,https://app.prolific.co/submissions/complete?cc=135DD3C8,Agree or disagree (run5_scalar_heat-set_extension_full_range-experiment_scalar-batch1-70-70),410615,2c071b2f-ff47-412a-8633-606df6d436d9,2021-02-11 15:25:35,338.556,2021-02-11 14:20:14.112000,2021-02-11 14:25:52.668000,2.0,false,creative,cold,moon,../data/prolific_output/run5_scalar_heat-group_scalar_heat/qu70-s_qu3-batch1.csv
qu70-s_qu3-batch1.csv-3,3,NOT AVAILABLE,NOT AVAILABLE,d2716620-0f6b-4985-8f7a-496de72c4edf,PROLIFIC,11-Feb-2021 14:19:59,1175,46617,5da9d422-8fcc-41cf-922d-4916a610b076,You can find (a/an) moon which is cold. (A/an) moon is usually either cold or not cold. It cannot be a bit more or less cold.,You can find (a/an) pea which is frozen. (A/an) pea is usually either frozen or not frozen. It cannot be a bit more or less frozen.,You can find (a/an) soup which is salty. (A/an) soup is usually either salty or not salty. It cannot be a bit more or less salty.,5_scalar_heat-set_extension_full_range,https://app.prolific.co/submissions/complete?cc=135DD3C8,Agree or disagree (run5_scalar_heat-set_extension_full_range-experiment_scalar-batch1-70-70),409767,923ceb1f-7c91-4992-8613-a7a6f4e67032,2021-02-11 14:19:59,637.11,2021-02-11 13:12:57.882000,2021-02-11 13:23:34.992000,10.0,false,variability_limited,cold,moon,../data/prolific_output/run5_scalar_heat-group_scalar_heat/qu70-s_qu3-batch1.csv
qu70-s_qu3-batch1.csv-3,3,NOT AVAILABLE,NOT AVAILABLE,dac5112b-e90f-43d3-81c2-3642f5b6e2f9,PROLIFIC,11-Feb-2021 14:12:08,1175,46617,5da9d422-8fcc-41cf-922d-4916a610b076,You can find (a/an) moon which is cold. (A/an) moon is usually either cold or not cold. It cannot be a bit more or less cold.,You can find (a/an) pea which is frozen. (A/an) pea is usually either frozen or not frozen. It cannot be a bit more or less frozen.,You can find (a/an) soup which is salty. (A/an) soup is usually either salty or not salty. It cannot be a bit more or less salty.,5_scalar_heat-set_extension_full_range,https://app.prolific.co/submissions/complete?cc=135DD3C8,Agree or disagree (run5_scalar_heat-set_extension_full_range-experiment_scalar-batch1-70-70),409434,8ed336fd-9998-4c04-b97f-d26692a5368b,2021-02-11 14:12:08,432.345,2021-02-11 13:06:47.662000,2021-02-11 13:14:00.007000,3.0,false,variability_limited,cold,moon,../data/prolific_output/run5_scalar_heat-group_scalar_heat/qu70-s_qu3-batch1.csv
qu70-s_qu3-batch1.csv-3,3,NOT AVAILABLE,NOT AVAILABLE,c86c92f5-934b-4073-b69b-aa1a3a830dc3,PROLIFIC,11-Feb-2021 14:23:22,1175,46617,5da9d422-8fcc-41cf-922d-4916a610b076,You can find (a/an) moon which is cold. (A/an) moon is usually either cold or not cold. It cannot be a bit more or less cold.,You can find (a/an) pea which is frozen. (A/an) pea is usually either frozen or not frozen. It cannot be a bit more or less frozen.,You can find (a/an) soup which is salty. (A/an) soup is usually either salty or not salty. It cannot be a bit more or less salty.,5_scalar_heat-set_extension_full_range,https://app.prolific.co/submissions/complete?cc=135DD3C8,Agree or disagree (run5_scalar_heat-set_extension_full_range-experiment_scalar-batch1-70-70),409822,e95049a8-241d-475f-b710-5f7d9a3198ac,2021-02-11 14:23:22,1299.53,2021-02-11 13:03:43.109000,2021-02-11 13:25:22.639000,2.0,false,variability_limited,cold,moon,../data/prolific_output/run5_scalar_heat-group_scalar_heat/qu70-s_qu3-batch1.csv
qu70-s_qu3-batch1.csv-3,3,NOT AVAILABLE,NOT AVAILABLE,965f4ff2-bcc0-4ec5-91f4-5904025dc272,PROLIFIC,11-Feb-2021 14:54:11,1175,46617,5da9d422-8fcc-41cf-922d-4916a610b076,You can find (a/an) moon which is cold. (A/an) moon is usually either cold or not cold. It cannot be a bit more or less cold.,You can find (a/an) pea which is frozen. (A/an) pea is usually either frozen or not frozen. It cannot be a bit more or less frozen.,You can find (a/an) soup which is salty. (A/an) soup is usually either salty or not salty. It cannot be a bit more or less salty.,5_scalar_heat-set_extension_full_range,https://app.prolific.co/submissions/complete?cc=135DD3C8,Agree or disagree (run5_scalar_heat-set_extension_full_range-experiment_scalar-batch1-70-70),410305,55a9f534-33d1-4498-b9d4-49694779b269,2021-02-11 14:54:11,285.593,2021-02-11 13:50:20.301000,2021-02-11 13:55:05.894000,2.0,false,variability_limited,cold,moon,../data/prolific_output/run5_scalar_heat-group_scalar_heat/qu70-s_qu3-batch1.csv
qu70-s_qu3-batch1.csv-3,3,NOT AVAILABLE,NOT AVAILABLE,34e021b9-d47d-4dd4-bc71-ddc5ab813ce2,PROLIFIC,11-Feb-2021 13:56:34,1175,46617,5da9d422-8fcc-41cf-922d-4916a610b076,You can find (a/an) moon which is cold. (A/an) moon is usually either cold or not cold. It cannot be a bit more or less cold.,You can find (a/an) pea which is frozen. (A/an) pea is usually either frozen or not frozen. It cannot be a bit more or less frozen.,You can find (a/an) soup which is salty. (A/an) soup is usually either salty or not salty. It cannot be a bit more or less salty.,5_scalar_heat-set_extension_full_range,https://app.prolific.co/submissions/complete?cc=135DD3C8,Agree or disagree (run5_scalar_heat-set_extension_full_range-experiment_scalar-batch1-70-70),408989,18107cd1-757e-4428-9aec-8c714896a261,2021-02-11 13:56:34,541.406,2021-02-11 12:51:21.531000,2021-02-11 13:00:22.937000,13.0,false,variability_limited,cold,moon,../data/prolific_output/run5_scalar_heat-group_scalar_heat/qu70-s_qu3-batch1.csv
qu70-s_qu3-batch1.csv-3,3,NOT AVAILABLE,NOT AVAILABLE,6d3579fa-979b-4f40-8e61-d17b09d60808,PROLIFIC,11-Feb-2021 14:24:30,1175,46617,5da9d422-8fcc-41cf-922d-4916a610b076,You can find (a/an) moon which is cold. (A/an) moon is usually either cold or not cold. It cannot be a bit more or less cold.,You can find (a/an) pea which is frozen. (A/an) pea is usually either frozen or not frozen. It cannot be a bit more or less frozen.,You can find (a/an) soup which is salty. (A/an) soup is usually either salty or not salty. It cannot be a bit more or less salty.,5_scalar_heat-set_extension_full_range,https://app.prolific.co/submissions/complete?cc=135DD3C8,Agree or disagree (run5_scalar_heat-set_extension_full_range-experiment_scalar-batch1-70-70),409838,f8738827-4a39-46c8-b468-07bd9e8848cb,2021-02-11 14:24:30,1192.435,2021-02-11 13:22:48.051000,2021-02-11 13:42:40.486000,10.0,false,variability_limited,cold,moon,../data/prolific_output/run5_scalar_heat-group_scalar_heat/qu70-s_qu3-batch1.csv
qu70-s_qu3-batch1.csv-3,3,NOT AVAILABLE,NOT AVAILABLE,cdbc1fee-804e-441b-89d3-98ac0ac8ce4d,PROLIFIC,11-Feb-2021 13:49:06,1175,46617,5da9d422-8fcc-41cf-922d-4916a610b076,You can find (a/an) moon which is cold. (A/an) moon is usually either cold or not cold. It cannot be a bit more or less cold.,You can find (a/an) pea which is frozen. (A/an) pea is usually either frozen or not frozen. It cannot be a bit more or less frozen.,You can find (a/an) soup which is salty. (A/an) soup is usually either salty or not salty. It cannot be a bit more or less salty.,5_scalar_heat-set_extension_full_range,https://app.prolific.co/submissions/complete?cc=135DD3C8,Agree or disagree (run5_scalar_heat-set_extension_full_range-experiment_scalar-batch1-70-70),408750,640a273d-3d46-40ef-bef8-eda804491164,2021-02-11 13:49:06,397.434,2021-02-11 12:42:36.412000,2021-02-11 12:49:13.846000,8.0,false,variability_limited,cold,moon,../data/prolific_output/run5_scalar_heat-group_scalar_heat/qu70-s_qu3-batch1.csv
qu70-s_qu3-batch1.csv-3,3,NOT AVAILABLE,NOT AVAILABLE,3dad7290-5e89-4340-9c49-15454b8ca9bf,PROLIFIC,11-Feb-2021 15:22:09,1175,46617,5da9d422-8fcc-41cf-922d-4916a610b076,You can find (a/an) moon which is cold. (A/an) moon is usually either cold or not cold. It cannot be a bit more or less cold.,You can find (a/an) pea which is frozen. (A/an) pea is usually either frozen or not frozen. It cannot be a bit more or less frozen.,You can find (a/an) soup which is salty. (A/an) soup is usually either salty or not salty. It cannot be a bit more or less salty.,5_scalar_heat-set_extension_full_range,https://app.prolific.co/submissions/complete?cc=135DD3C8,Agree or disagree (run5_scalar_heat-set_extension_full_range-experiment_scalar-batch1-70-70),410570,f667d2c7-c0f2-4b79-9025-ded51ff15f16,2021-02-11 15:22:09,338.556,2021-02-11 14:20:14.112000,2021-02-11 14:25:52.668000,6.0,false,variability_limited,cold,moon,../data/prolific_output/run5_scalar_heat-group_scalar_heat/qu70-s_qu3-batch1.csv
qu70-s_qu3-batch1.csv-3,3,NOT AVAILABLE,NOT AVAILABLE,d2716620-0f6b-4985-8f7a-496de72c4edf,PROLIFIC,11-Feb-2021 14:16:27,1175,46618,71829812-9f15-4859-9ed7-8d69a1e948a5,"You can find (a/an) moon which is cold. (A/an) moon is usually either cold, a bit more or less cold or the opposite of cold.","You can find (a/an) soup which is salty. (A/an) soup is usually either salty, a bit more or less salty or the opposite of salty.","You can find (a/an) strawberry which is salty. (A/an) strawberry is usually either salty, a bit more or less salty or the opposite of salty.",5_scalar_heat-set_extension_full_range,https://app.prolific.co/submissions/complete?cc=135DD3C8,Agree or disagree (run5_scalar_heat-set_extension_full_range-experiment_scalar-batch1-70-70),409614,884ea737-34c7-49de-9eb7-6a0409fb6230,2021-02-11 14:16:27,637.11,2021-02-11 13:12:57.882000,2021-02-11 13:23:34.992000,38.0,false,variability_open,cold,moon,../data/prolific_output/run5_scalar_heat-group_scalar_heat/qu70-s_qu3-batch1.csv
qu70-s_qu3-batch1.csv-3,3,NOT AVAILABLE,NOT AVAILABLE,dac5112b-e90f-43d3-81c2-3642f5b6e2f9,PROLIFIC,11-Feb-2021 14:10:55,1175,46618,71829812-9f15-4859-9ed7-8d69a1e948a5,"You can find (a/an) moon which is cold. (A/an) moon is usually either cold, a bit more or less cold or the opposite of cold.","You can find (a/an) soup which is salty. (A/an) soup is usually either salty, a bit more or less salty or the opposite of salty.","You can find (a/an) strawberry which is salty. (A/an) strawberry is usually either salty, a bit more or less salty or the opposite of salty.",5_scalar_heat-set_extension_full_range,https://app.prolific.co/submissions/complete?cc=135DD3C8,Agree or disagree (run5_scalar_heat-set_extension_full_range-experiment_scalar-batch1-70-70),409392,2f582c9c-2afa-45e2-83db-b93fbff16f1a,2021-02-11 14:10:55,432.345,2021-02-11 13:06:47.662000,2021-02-11 13:14:00.007000,16.0,false,variability_open,cold,moon,../data/prolific_output/run5_scalar_heat-group_scalar_heat/qu70-s_qu3-batch1.csv
qu70-s_qu3-batch1.csv-3,3,NOT AVAILABLE,NOT AVAILABLE,c86c92f5-934b-4073-b69b-aa1a3a830dc3,PROLIFIC,11-Feb-2021 14:10:12,1175,46618,71829812-9f15-4859-9ed7-8d69a1e948a5,"You can find (a/an) moon which is cold. (A/an) moon is usually either cold, a bit more or less cold or the opposite of cold.","You can find (a/an) soup which is salty. (A/an) soup is usually either salty, a bit more or less salty or the opposite of salty.","You can find (a/an) strawberry which is salty. (A/an) strawberry is usually either salty, a bit more or less salty or the opposite of salty.",5_scalar_heat-set_extension_full_range,https://app.prolific.co/submissions/complete?cc=135DD3C8,Agree or disagree (run5_scalar_heat-set_extension_full_range-experiment_scalar-batch1-70-70),409365,f7620f5c-e613-4cd1-8200-38b4c494ad1a,2021-02-11 14:10:12,1299.53,2021-02-11 13:03:43.109000,2021-02-11 13:25:22.639000,29.0,false,variability_open,cold,moon,../data/prolific_output/run5_scalar_heat-group_scalar_heat/qu70-s_qu3-batch1.csv
qu70-s_qu3-batch1.csv-3,3,NOT AVAILABLE,NOT AVAILABLE,965f4ff2-bcc0-4ec5-91f4-5904025dc272,PROLIFIC,11-Feb-2021 14:53:06,1175,46618,71829812-9f15-4859-9ed7-8d69a1e948a5,"You can find (a/an) moon which is cold. (A/an) moon is usually either cold, a bit more or less cold or the opposite of cold.","You can find (a/an) soup which is salty. (A/an) soup is usually either salty, a bit more or less salty or the opposite of salty.","You can find (a/an) strawberry which is salty. (A/an) strawberry is usually either salty, a bit more or less salty or the opposite of salty.",5_scalar_heat-set_extension_full_range,https://app.prolific.co/submissions/complete?cc=135DD3C8,Agree or disagree (run5_scalar_heat-set_extension_full_range-experiment_scalar-batch1-70-70),410273,35a4e9e7-5675-49ee-afd1-151f8fbc885c,2021-02-11 14:53:06,285.593,2021-02-11 13:50:20.301000,2021-02-11 13:55:05.894000,3.0,false,variability_open,cold,moon,../data/prolific_output/run5_scalar_heat-group_scalar_heat/qu70-s_qu3-batch1.csv
qu70-s_qu3-batch1.csv-3,3,NOT AVAILABLE,NOT AVAILABLE,34e021b9-d47d-4dd4-bc71-ddc5ab813ce2,PROLIFIC,11-Feb-2021 13:55:39,1175,46618,71829812-9f15-4859-9ed7-8d69a1e948a5,"You can find (a/an) moon which is cold. (A/an) moon is usually either cold, a bit more or less cold or the opposite of cold.","You can find (a/an) soup which is salty. (A/an) soup is usually either salty, a bit more or less salty or the opposite of salty.","You can find (a/an) strawberry which is salty. (A/an) strawberry is usually either salty, a bit more or less salty or the opposite of salty.",5_scalar_heat-set_extension_full_range,https://app.prolific.co/submissions/complete?cc=135DD3C8,Agree or disagree (run5_scalar_heat-set_extension_full_range-experiment_scalar-batch1-70-70),408951,0e62a393-b984-4bec-bad1-2da485f7a249,2021-02-11 13:55:39,541.406,2021-02-11 12:51:21.531000,2021-02-11 13:00:22.937000,11.0,false,variability_open,cold,moon,../data/prolific_output/run5_scalar_heat-group_scalar_heat/qu70-s_qu3-batch1.csv
qu70-s_qu3-batch1.csv-3,3,NOT AVAILABLE,NOT AVAILABLE,6d3579fa-979b-4f40-8e61-d17b09d60808,PROLIFIC,11-Feb-2021 14:42:26,1175,46618,71829812-9f15-4859-9ed7-8d69a1e948a5,"You can find (a/an) moon which is cold. (A/an) moon is usually either cold, a bit more or less cold or the opposite of cold.","You can find (a/an) soup which is salty. (A/an) soup is usually either salty, a bit more or less salty or the opposite of salty.","You can find (a/an) strawberry which is salty. (A/an) strawberry is usually either salty, a bit more or less salty or the opposite of salty.",5_scalar_heat-set_extension_full_range,https://app.prolific.co/submissions/complete?cc=135DD3C8,Agree or disagree (run5_scalar_heat-set_extension_full_range-experiment_scalar-batch1-70-70),410121,02135296-1ac7-42b0-a43c-2cb415a7ab84,2021-02-11 14:42:26,1192.435,2021-02-11 13:22:48.051000,2021-02-11 13:42:40.486000,3.0,false,variability_open,cold,moon,../data/prolific_output/run5_scalar_heat-group_scalar_heat/qu70-s_qu3-batch1.csv
qu70-s_qu3-batch1.csv-3,3,NOT AVAILABLE,NOT AVAILABLE,cdbc1fee-804e-441b-89d3-98ac0ac8ce4d,PROLIFIC,11-Feb-2021 13:48:01,1175,46618,71829812-9f15-4859-9ed7-8d69a1e948a5,"You can find (a/an) moon which is cold. (A/an) moon is usually either cold, a bit more or less cold or the opposite of cold.","You can find (a/an) soup which is salty. (A/an) soup is usually either salty, a bit more or less salty or the opposite of salty.","You can find (a/an) strawberry which is salty. (A/an) strawberry is usually either salty, a bit more or less salty or the opposite of salty.",5_scalar_heat-set_extension_full_range,https://app.prolific.co/submissions/complete?cc=135DD3C8,Agree or disagree (run5_scalar_heat-set_extension_full_range-experiment_scalar-batch1-70-70),408729,d74765da-ff77-4a58-beff-597f55bf8016,2021-02-11 13:48:01,397.434,2021-02-11 12:42:36.412000,2021-02-11 12:49:13.846000,4.0,true,variability_open,cold,moon,../data/prolific_output/run5_scalar_heat-group_scalar_heat/qu70-s_qu3-batch1.csv
qu70-s_qu3-batch1.csv-3,3,NOT AVAILABLE,NOT AVAILABLE,3dad7290-5e89-4340-9c49-15454b8ca9bf,PROLIFIC,11-Feb-2021 15:24:49,1175,46618,71829812-9f15-4859-9ed7-8d69a1e948a5,"You can find (a/an) moon which is cold. (A/an) moon is usually either cold, a bit more or less cold or the opposite of cold.","You can find (a/an) soup which is salty. (A/an) soup is usually either salty, a bit more or less salty or the opposite of salty.","You can find (a/an) strawberry which is salty. (A/an) strawberry is usually either salty, a bit more or less salty or the opposite of salty.",5_scalar_heat-set_extension_full_range,https://app.prolific.co/submissions/complete?cc=135DD3C8,Agree or disagree (run5_scalar_heat-set_extension_full_range-experiment_scalar-batch1-70-70),410604,27537522-a3be-4072-9dca-baf6b897170f,2021-02-11 15:24:49,338.556,2021-02-11 14:20:14.112000,2021-02-11 14:25:52.668000,3.0,false,variability_open,cold,moon,../data/prolific_output/run5_scalar_heat-group_scalar_heat/qu70-s_qu3-batch1.csv
qu70-s_qu3-batch1.csv-3,3,NOT AVAILABLE,NOT AVAILABLE,d2716620-0f6b-4985-8f7a-496de72c4edf,PROLIFIC,11-Feb-2021 14:22:33,1175,46619,c0b024a5-e29e-4fb2-a7fe-fb99808e28f0,"Usually, (a/an) moon is not cold, but there could be a highly unusual situation in which (a/an) moon is cold.","Usually, (a/an) clock is not melting, but there could be a highly unusual situation in which (a/an) clock is melting.","Usually, (a/an) ice cream is not melting, but there could be a highly unusual situation in which (a/an) ice cream is melting.",5_scalar_heat-set_extension_full_range,https://app.prolific.co/submissions/complete?cc=135DD3C8,Agree or disagree (run5_scalar_heat-set_extension_full_range-experiment_scalar-batch1-70-70),409808,b45bb5fc-3afe-46af-89d9-6fcec1748c9e,2021-02-11 14:22:33,637.11,2021-02-11 13:12:57.882000,2021-02-11 13:23:34.992000,7.0,false,unusual,cold,moon,../data/prolific_output/run5_scalar_heat-group_scalar_heat/qu70-s_qu3-batch1.csv
qu70-s_qu3-batch1.csv-3,3,NOT AVAILABLE,NOT AVAILABLE,dac5112b-e90f-43d3-81c2-3642f5b6e2f9,PROLIFIC,11-Feb-2021 14:13:28,1175,46619,c0b024a5-e29e-4fb2-a7fe-fb99808e28f0,"Usually, (a/an) moon is not cold, but there could be a highly unusual situation in which (a/an) moon is cold.","Usually, (a/an) clock is not melting, but there could be a highly unusual situation in which (a/an) clock is melting.","Usually, (a/an) ice cream is not melting, but there could be a highly unusual situation in which (a/an) ice cream is melting.",5_scalar_heat-set_extension_full_range,https://app.prolific.co/submissions/complete?cc=135DD3C8,Agree or disagree (run5_scalar_heat-set_extension_full_range-experiment_scalar-batch1-70-70),409478,51fd0d48-f98d-4c7a-aa40-627651a45944,2021-02-11 14:13:28,432.345,2021-02-11 13:06:47.662000,2021-02-11 13:14:00.007000,3.0,false,unusual,cold,moon,../data/prolific_output/run5_scalar_heat-group_scalar_heat/qu70-s_qu3-batch1.csv
qu70-s_qu3-batch1.csv-3,3,NOT AVAILABLE,NOT AVAILABLE,c86c92f5-934b-4073-b69b-aa1a3a830dc3,PROLIFIC,11-Feb-2021 14:15:05,1175,46619,c0b024a5-e29e-4fb2-a7fe-fb99808e28f0,"Usually, (a/an) moon is not cold, but there could be a highly unusual situation in which (a/an) moon is cold.","Usually, (a/an) clock is not melting, but there could be a highly unusual situation in which (a/an) clock is melting.","Usually, (a/an) ice cream is not melting, but there could be a highly unusual situation in which (a/an) ice cream is melting.",5_scalar_heat-set_extension_full_range,https://app.prolific.co/submissions/complete?cc=135DD3C8,Agree or disagree (run5_scalar_heat-set_extension_full_range-experiment_scalar-batch1-70-70),409536,2cedab1f-a9b4-4ca5-8c70-851055db5329,2021-02-11 14:15:05,1299.53,2021-02-11 13:03:43.109000,2021-02-11 13:25:22.639000,6.0,false,unusual,cold,moon,../data/prolific_output/run5_scalar_heat-group_scalar_heat/qu70-s_qu3-batch1.csv
qu70-s_qu3-batch1.csv-3,3,NOT AVAILABLE,NOT AVAILABLE,965f4ff2-bcc0-4ec5-91f4-5904025dc272,PROLIFIC,11-Feb-2021 14:53:01,1175,46619,c0b024a5-e29e-4fb2-a7fe-fb99808e28f0,"Usually, (a/an) moon is not cold, but there could be a highly unusual situation in which (a/an) moon is cold.","Usually, (a/an) clock is not melting, but there could be a highly unusual situation in which (a/an) clock is melting.","Usually, (a/an) ice cream is not melting, but there could be a highly unusual situation in which (a/an) ice cream is melting.",5_scalar_heat-set_extension_full_range,https://app.prolific.co/submissions/complete?cc=135DD3C8,Agree or disagree (run5_scalar_heat-set_extension_full_range-experiment_scalar-batch1-70-70),410271,8402d09c-c6ee-4a0b-af71-f68656a02151,2021-02-11 14:53:01,285.593,2021-02-11 13:50:20.301000,2021-02-11 13:55:05.894000,2.0,false,unusual,cold,moon,../data/prolific_output/run5_scalar_heat-group_scalar_heat/qu70-s_qu3-batch1.csv
qu70-s_qu3-batch1.csv-3,3,NOT AVAILABLE,NOT AVAILABLE,34e021b9-d47d-4dd4-bc71-ddc5ab813ce2,PROLIFIC,11-Feb-2021 13:54:25,1175,46619,c0b024a5-e29e-4fb2-a7fe-fb99808e28f0,"Usually, (a/an) moon is not cold, but there could be a highly unusual situation in which (a/an) moon is cold.","Usually, (a/an) clock is not melting, but there could be a highly unusual situation in which (a/an) clock is melting.","Usually, (a/an) ice cream is not melting, but there could be a highly unusual situation in which (a/an) ice cream is melting.",5_scalar_heat-set_extension_full_range,https://app.prolific.co/submissions/complete?cc=135DD3C8,Agree or disagree (run5_scalar_heat-set_extension_full_range-experiment_scalar-batch1-70-70),408904,69edb3fd-e8b3-4196-95a1-979c83d0d85a,2021-02-11 13:54:25,541.406,2021-02-11 12:51:21.531000,2021-02-11 13:00:22.937000,5.0,false,unusual,cold,moon,../data/prolific_output/run5_scalar_heat-group_scalar_heat/qu70-s_qu3-batch1.csv
qu70-s_qu3-batch1.csv-3,3,NOT AVAILABLE,NOT AVAILABLE,6d3579fa-979b-4f40-8e61-d17b09d60808,PROLIFIC,11-Feb-2021 14:42:23,1175,46619,c0b024a5-e29e-4fb2-a7fe-fb99808e28f0,"Usually, (a/an) moon is not cold, but there could be a highly unusual situation in which (a/an) moon is cold.","Usually, (a/an) clock is not melting, but there could be a highly unusual situation in which (a/an) clock is melting.","Usually, (a/an) ice cream is not melting, but there could be a highly unusual situation in which (a/an) ice cream is melting.",5_scalar_heat-set_extension_full_range,https://app.prolific.co/submissions/complete?cc=135DD3C8,Agree or disagree (run5_scalar_heat-set_extension_full_range-experiment_scalar-batch1-70-70),410120,82724f5b-c0b6-47ed-b9e3-cd9250cefe51,2021-02-11 14:42:23,1192.435,2021-02-11 13:22:48.051000,2021-02-11 13:42:40.486000,5.0,false,unusual,cold,moon,../data/prolific_output/run5_scalar_heat-group_scalar_heat/qu70-s_qu3-batch1.csv
qu70-s_qu3-batch1.csv-3,3,NOT AVAILABLE,NOT AVAILABLE,cdbc1fee-804e-441b-89d3-98ac0ac8ce4d,PROLIFIC,11-Feb-2021 13:49:09,1175,46619,c0b024a5-e29e-4fb2-a7fe-fb99808e28f0,"Usually, (a/an) moon is not cold, but there could be a highly unusual situation in which (a/an) moon is cold.","Usually, (a/an) clock is not melting, but there could be a highly unusual situation in which (a/an) clock is melting.","Usually, (a/an) ice cream is not melting, but there could be a highly unusual situation in which (a/an) ice cream is melting.",5_scalar_heat-set_extension_full_range,https://app.prolific.co/submissions/complete?cc=135DD3C8,Agree or disagree (run5_scalar_heat-set_extension_full_range-experiment_scalar-batch1-70-70),408752,0783b7a8-347f-4584-82bf-d5de675f457b,2021-02-11 13:49:09,397.434,2021-02-11 12:42:36.412000,2021-02-11 12:49:13.846000,7.846,false,unusual,cold,moon,../data/prolific_output/run5_scalar_heat-group_scalar_heat/qu70-s_qu3-batch1.csv
qu70-s_qu3-batch1.csv-3,3,NOT AVAILABLE,NOT AVAILABLE,3dad7290-5e89-4340-9c49-15454b8ca9bf,PROLIFIC,11-Feb-2021 15:25:28,1175,46619,c0b024a5-e29e-4fb2-a7fe-fb99808e28f0,"Usually, (a/an) moon is not cold, but there could be a highly unusual situation in which (a/an) moon is cold.","Usually, (a/an) clock is not melting, but there could be a highly unusual situation in which (a/an) clock is melting.","Usually, (a/an) ice cream is not melting, but there could be a highly unusual situation in which (a/an) ice cream is melting.",5_scalar_heat-set_extension_full_range,https://app.prolific.co/submissions/complete?cc=135DD3C8,Agree or disagree (run5_scalar_heat-set_extension_full_range-experiment_scalar-batch1-70-70),410613,6eb44e2b-9918-41a8-85a8-f866ba1daa4a,2021-02-11 15:25:28,338.556,2021-02-11 14:20:14.112000,2021-02-11 14:25:52.668000,6.0,false,unusual,cold,moon,../data/prolific_output/run5_scalar_heat-group_scalar_heat/qu70-s_qu3-batch1.csv
qu70-s_qu3-batch1.csv-3,3,NOT AVAILABLE,NOT AVAILABLE,d2716620-0f6b-4985-8f7a-496de72c4edf,PROLIFIC,11-Feb-2021 14:18:46,1175,46620,91c2d375-8b87-4e99-ba50-fd5876e966c9,I know that being cold is necessary for many things (a/an) moon does or is used for. ,I know that being pointy is necessary for many things (a/an) needle does or is used for. ,I know that being white is necessary for many things (a/an) t-shirt does or is used for. ,5_scalar_heat-set_extension_full_range,https://app.prolific.co/submissions/complete?cc=135DD3C8,Agree or disagree (run5_scalar_heat-set_extension_full_range-experiment_scalar-batch1-70-70),409726,b6d6fae7-6763-4316-803b-fd4e06e67215,2021-02-11 14:18:46,637.11,2021-02-11 13:12:57.882000,2021-02-11 13:23:34.992000,7.0,false,affording_activity,cold,moon,../data/prolific_output/run5_scalar_heat-group_scalar_heat/qu70-s_qu3-batch1.csv
qu70-s_qu3-batch1.csv-3,3,NOT AVAILABLE,NOT AVAILABLE,dac5112b-e90f-43d3-81c2-3642f5b6e2f9,PROLIFIC,11-Feb-2021 14:10:09,1175,46620,91c2d375-8b87-4e99-ba50-fd5876e966c9,I know that being cold is necessary for many things (a/an) moon does or is used for. ,I know that being pointy is necessary for many things (a/an) needle does or is used for. ,I know that being white is necessary for many things (a/an) t-shirt does or is used for. ,5_scalar_heat-set_extension_full_range,https://app.prolific.co/submissions/complete?cc=135DD3C8,Agree or disagree (run5_scalar_heat-set_extension_full_range-experiment_scalar-batch1-70-70),409362,65949a11-a7e1-452a-a839-2e61e421b772,2021-02-11 14:10:09,432.345,2021-02-11 13:06:47.662000,2021-02-11 13:14:00.007000,5.0,false,affording_activity,cold,moon,../data/prolific_output/run5_scalar_heat-group_scalar_heat/qu70-s_qu3-batch1.csv
qu70-s_qu3-batch1.csv-3,3,NOT AVAILABLE,NOT AVAILABLE,c86c92f5-934b-4073-b69b-aa1a3a830dc3,PROLIFIC,11-Feb-2021 14:24:12,1175,46620,91c2d375-8b87-4e99-ba50-fd5876e966c9,I know that being cold is necessary for many things (a/an) moon does or is used for. ,I know that being pointy is necessary for many things (a/an) needle does or is used for. ,I know that being white is necessary for many things (a/an) t-shirt does or is used for. ,5_scalar_heat-set_extension_full_range,https://app.prolific.co/submissions/complete?cc=135DD3C8,Agree or disagree (run5_scalar_heat-set_extension_full_range-experiment_scalar-batch1-70-70),409834,6d934fcc-b829-4ad7-bed9-53e9a26757f9,2021-02-11 14:24:12,1299.53,2021-02-11 13:03:43.109000,2021-02-11 13:25:22.639000,4.0,false,affording_activity,cold,moon,../data/prolific_output/run5_scalar_heat-group_scalar_heat/qu70-s_qu3-batch1.csv
qu70-s_qu3-batch1.csv-3,3,NOT AVAILABLE,NOT AVAILABLE,965f4ff2-bcc0-4ec5-91f4-5904025dc272,PROLIFIC,11-Feb-2021 14:52:16,1175,46620,91c2d375-8b87-4e99-ba50-fd5876e966c9,I know that being cold is necessary for many things (a/an) moon does or is used for. ,I know that being pointy is necessary for many things (a/an) needle does or is used for. ,I know that being white is necessary for many things (a/an) t-shirt does or is used for. ,5_scalar_heat-set_extension_full_range,https://app.prolific.co/submissions/complete?cc=135DD3C8,Agree or disagree (run5_scalar_heat-set_extension_full_range-experiment_scalar-batch1-70-70),410255,34028e1d-aac4-4975-8fd3-2708798e9269,2021-02-11 14:52:16,285.593,2021-02-11 13:50:20.301000,2021-02-11 13:55:05.894000,2.0,false,affording_activity,cold,moon,../data/prolific_output/run5_scalar_heat-group_scalar_heat/qu70-s_qu3-batch1.csv
qu70-s_qu3-batch1.csv-3,3,NOT AVAILABLE,NOT AVAILABLE,34e021b9-d47d-4dd4-bc71-ddc5ab813ce2,PROLIFIC,11-Feb-2021 13:53:55,1175,46620,91c2d375-8b87-4e99-ba50-fd5876e966c9,I know that being cold is necessary for many things (a/an) moon does or is used for. ,I know that being pointy is necessary for many things (a/an) needle does or is used for. ,I know that being white is necessary for many things (a/an) t-shirt does or is used for. ,5_scalar_heat-set_extension_full_range,https://app.prolific.co/submissions/complete?cc=135DD3C8,Agree or disagree (run5_scalar_heat-set_extension_full_range-experiment_scalar-batch1-70-70),408886,4f4631bd-1d56-4207-af4a-0c1ba748dedb,2021-02-11 13:53:55,541.406,2021-02-11 12:51:21.531000,2021-02-11 13:00:22.937000,12.0,false,affording_activity,cold,moon,../data/prolific_output/run5_scalar_heat-group_scalar_heat/qu70-s_qu3-batch1.csv
qu70-s_qu3-batch1.csv-3,3,NOT AVAILABLE,NOT AVAILABLE,6d3579fa-979b-4f40-8e61-d17b09d60808,PROLIFIC,11-Feb-2021 14:24:36,1175,46620,91c2d375-8b87-4e99-ba50-fd5876e966c9,I know that being cold is necessary for many things (a/an) moon does or is used for. ,I know that being pointy is necessary for many things (a/an) needle does or is used for. ,I know that being white is necessary for many things (a/an) t-shirt does or is used for. ,5_scalar_heat-set_extension_full_range,https://app.prolific.co/submissions/complete?cc=135DD3C8,Agree or disagree (run5_scalar_heat-set_extension_full_range-experiment_scalar-batch1-70-70),409840,b0bc10c0-a98e-4ac3-a82e-5cd95e6011de,2021-02-11 14:24:36,1192.435,2021-02-11 13:22:48.051000,2021-02-11 13:42:40.486000,4.0,false,affording_activity,cold,moon,../data/prolific_output/run5_scalar_heat-group_scalar_heat/qu70-s_qu3-batch1.csv
qu70-s_qu3-batch1.csv-3,3,NOT AVAILABLE,NOT AVAILABLE,cdbc1fee-804e-441b-89d3-98ac0ac8ce4d,PROLIFIC,11-Feb-2021 13:45:12,1175,46620,91c2d375-8b87-4e99-ba50-fd5876e966c9,I know that being cold is necessary for many things (a/an) moon does or is used for. ,I know that being pointy is necessary for many things (a/an) needle does or is used for. ,I know that being white is necessary for many things (a/an) t-shirt does or is used for. ,5_scalar_heat-set_extension_full_range,https://app.prolific.co/submissions/complete?cc=135DD3C8,Agree or disagree (run5_scalar_heat-set_extension_full_range-experiment_scalar-batch1-70-70),408692,54adb744-da4a-4d9f-8e87-66c374bec7d7,2021-02-11 13:45:12,397.434,2021-02-11 12:42:36.412000,2021-02-11 12:49:13.846000,4.0,false,affording_activity,cold,moon,../data/prolific_output/run5_scalar_heat-group_scalar_heat/qu70-s_qu3-batch1.csv
qu70-s_qu3-batch1.csv-3,3,NOT AVAILABLE,NOT AVAILABLE,3dad7290-5e89-4340-9c49-15454b8ca9bf,PROLIFIC,11-Feb-2021 15:23:47,1175,46620,91c2d375-8b87-4e99-ba50-fd5876e966c9,I know that being cold is necessary for many things (a/an) moon does or is used for. ,I know that being pointy is necessary for many things (a/an) needle does or is used for. ,I know that being white is necessary for many things (a/an) t-shirt does or is used for. ,5_scalar_heat-set_extension_full_range,https://app.prolific.co/submissions/complete?cc=135DD3C8,Agree or disagree (run5_scalar_heat-set_extension_full_range-experiment_scalar-batch1-70-70),410592,c6e3b7b6-c90e-4ae8-8ee3-6be46b11dcd3,2021-02-11 15:23:47,338.556,2021-02-11 14:20:14.112000,2021-02-11 14:25:52.668000,3.0,false,affording_activity,cold,moon,../data/prolific_output/run5_scalar_heat-group_scalar_heat/qu70-s_qu3-batch1.csv
qu70-s_qu3-batch1.csv-3,3,NOT AVAILABLE,NOT AVAILABLE,d2716620-0f6b-4985-8f7a-496de72c4edf,PROLIFIC,11-Feb-2021 14:21:05,1175,46621,50d78d08-0288-47d3-a57e-cd7f52f604da,I know that (a/an) moon is cold as most or all other things similar to (a/an) moon are cold. ,I know that (a/an) chocoloate_cake is sweet as most or all other things similar to (a/an) chocoloate_cake are sweet. ,I know that (a/an) table is transparent as most or all other things similar to (a/an) table are transparent. ,5_scalar_heat-set_extension_full_range,https://app.prolific.co/submissions/complete?cc=135DD3C8,Agree or disagree (run5_scalar_heat-set_extension_full_range-experiment_scalar-batch1-70-70),409792,4181b159-aa32-4810-b761-eafad0486a09,2021-02-11 14:21:05,637.11,2021-02-11 13:12:57.882000,2021-02-11 13:23:34.992000,7.0,false,implied_category,cold,moon,../data/prolific_output/run5_scalar_heat-group_scalar_heat/qu70-s_qu3-batch1.csv
qu70-s_qu3-batch1.csv-3,3,NOT AVAILABLE,NOT AVAILABLE,dac5112b-e90f-43d3-81c2-3642f5b6e2f9,PROLIFIC,11-Feb-2021 14:09:22,1175,46621,50d78d08-0288-47d3-a57e-cd7f52f604da,I know that (a/an) moon is cold as most or all other things similar to (a/an) moon are cold. ,I know that (a/an) chocoloate_cake is sweet as most or all other things similar to (a/an) chocoloate_cake are sweet. ,I know that (a/an) table is transparent as most or all other things similar to (a/an) table are transparent. ,5_scalar_heat-set_extension_full_range,https://app.prolific.co/submissions/complete?cc=135DD3C8,Agree or disagree (run5_scalar_heat-set_extension_full_range-experiment_scalar-batch1-70-70),409324,5c199e52-1e4d-41b0-8b2c-78a78c4f30bc,2021-02-11 14:09:22,432.345,2021-02-11 13:06:47.662000,2021-02-11 13:14:00.007000,7.0,true,implied_category,cold,moon,../data/prolific_output/run5_scalar_heat-group_scalar_heat/qu70-s_qu3-batch1.csv
qu70-s_qu3-batch1.csv-3,3,NOT AVAILABLE,NOT AVAILABLE,c86c92f5-934b-4073-b69b-aa1a3a830dc3,PROLIFIC,11-Feb-2021 14:21:00,1175,46621,50d78d08-0288-47d3-a57e-cd7f52f604da,I know that (a/an) moon is cold as most or all other things similar to (a/an) moon are cold. ,I know that (a/an) chocoloate_cake is sweet as most or all other things similar to (a/an) chocoloate_cake are sweet. ,I know that (a/an) table is transparent as most or all other things similar to (a/an) table are transparent. ,5_scalar_heat-set_extension_full_range,https://app.prolific.co/submissions/complete?cc=135DD3C8,Agree or disagree (run5_scalar_heat-set_extension_full_range-experiment_scalar-batch1-70-70),409791,878f954b-1966-496f-9fc4-427175d012b2,2021-02-11 14:21:00,1299.53,2021-02-11 13:03:43.109000,2021-02-11 13:25:22.639000,5.0,false,implied_category,cold,moon,../data/prolific_output/run5_scalar_heat-group_scalar_heat/qu70-s_qu3-batch1.csv
qu70-s_qu3-batch1.csv-3,3,NOT AVAILABLE,NOT AVAILABLE,965f4ff2-bcc0-4ec5-91f4-5904025dc272,PROLIFIC,11-Feb-2021 14:54:03,1175,46621,50d78d08-0288-47d3-a57e-cd7f52f604da,I know that (a/an) moon is cold as most or all other things similar to (a/an) moon are cold. ,I know that (a/an) chocoloate_cake is sweet as most or all other things similar to (a/an) chocoloate_cake are sweet. ,I know that (a/an) table is transparent as most or all other things similar to (a/an) table are transparent. ,5_scalar_heat-set_extension_full_range,https://app.prolific.co/submissions/complete?cc=135DD3C8,Agree or disagree (run5_scalar_heat-set_extension_full_range-experiment_scalar-batch1-70-70),410301,fa91fd1c-2d18-407e-ade7-b1a38088e71a,2021-02-11 14:54:03,285.593,2021-02-11 13:50:20.301000,2021-02-11 13:55:05.894000,9.0,true,implied_category,cold,moon,../data/prolific_output/run5_scalar_heat-group_scalar_heat/qu70-s_qu3-batch1.csv
qu70-s_qu3-batch1.csv-3,3,NOT AVAILABLE,NOT AVAILABLE,34e021b9-d47d-4dd4-bc71-ddc5ab813ce2,PROLIFIC,11-Feb-2021 13:56:02,1175,46621,50d78d08-0288-47d3-a57e-cd7f52f604da,I know that (a/an) moon is cold as most or all other things similar to (a/an) moon are cold. ,I know that (a/an) chocoloate_cake is sweet as most or all other things similar to (a/an) chocoloate_cake are sweet. ,I know that (a/an) table is transparent as most or all other things similar to (a/an) table are transparent. ,5_scalar_heat-set_extension_full_range,https://app.prolific.co/submissions/complete?cc=135DD3C8,Agree or disagree (run5_scalar_heat-set_extension_full_range-experiment_scalar-batch1-70-70),408968,1a90dcf3-cad3-49b4-b3a8-594a7c2d5ed8,2021-02-11 13:56:02,541.406,2021-02-11 12:51:21.531000,2021-02-11 13:00:22.937000,13.0,false,implied_category,cold,moon,../data/prolific_output/run5_scalar_heat-group_scalar_heat/qu70-s_qu3-batch1.csv
qu70-s_qu3-batch1.csv-3,3,NOT AVAILABLE,NOT AVAILABLE,6d3579fa-979b-4f40-8e61-d17b09d60808,PROLIFIC,11-Feb-2021 14:31:59,1175,46621,50d78d08-0288-47d3-a57e-cd7f52f604da,I know that (a/an) moon is cold as most or all other things similar to (a/an) moon are cold. ,I know that (a/an) chocoloate_cake is sweet as most or all other things similar to (a/an) chocoloate_cake are sweet. ,I know that (a/an) table is transparent as most or all other things similar to (a/an) table are transparent. ,5_scalar_heat-set_extension_full_range,https://app.prolific.co/submissions/complete?cc=135DD3C8,Agree or disagree (run5_scalar_heat-set_extension_full_range-experiment_scalar-batch1-70-70),409964,3bf92280-0ebd-4e92-883b-cbbdf33d862f,2021-02-11 14:31:59,1192.435,2021-02-11 13:22:48.051000,2021-02-11 13:42:40.486000,3.0,true,implied_category,cold,moon,../data/prolific_output/run5_scalar_heat-group_scalar_heat/qu70-s_qu3-batch1.csv
qu70-s_qu3-batch1.csv-3,3,NOT AVAILABLE,NOT AVAILABLE,cdbc1fee-804e-441b-89d3-98ac0ac8ce4d,PROLIFIC,11-Feb-2021 13:45:45,1175,46621,50d78d08-0288-47d3-a57e-cd7f52f604da,I know that (a/an) moon is cold as most or all other things similar to (a/an) moon are cold. ,I know that (a/an) chocoloate_cake is sweet as most or all other things similar to (a/an) chocoloate_cake are sweet. ,I know that (a/an) table is transparent as most or all other things similar to (a/an) table are transparent. ,5_scalar_heat-set_extension_full_range,https://app.prolific.co/submissions/complete?cc=135DD3C8,Agree or disagree (run5_scalar_heat-set_extension_full_range-experiment_scalar-batch1-70-70),408703,84826dde-dca6-4259-90f2-11e7163fbdad,2021-02-11 13:45:45,397.434,2021-02-11 12:42:36.412000,2021-02-11 12:49:13.846000,3.0,false,implied_category,cold,moon,../data/prolific_output/run5_scalar_heat-group_scalar_heat/qu70-s_qu3-batch1.csv
qu70-s_qu3-batch1.csv-3,3,NOT AVAILABLE,NOT AVAILABLE,3dad7290-5e89-4340-9c49-15454b8ca9bf,PROLIFIC,11-Feb-2021 15:25:10,1175,46621,50d78d08-0288-47d3-a57e-cd7f52f604da,I know that (a/an) moon is cold as most or all other things similar to (a/an) moon are cold. ,I know that (a/an) chocoloate_cake is sweet as most or all other things similar to (a/an) chocoloate_cake are sweet. ,I know that (a/an) table is transparent as most or all other things similar to (a/an) table are transparent. ,5_scalar_heat-set_extension_full_range,https://app.prolific.co/submissions/complete?cc=135DD3C8,Agree or disagree (run5_scalar_heat-set_extension_full_range-experiment_scalar-batch1-70-70),410608,b6ed8407-c526-4da8-85d1-5040f784bc46,2021-02-11 15:25:10,338.556,2021-02-11 14:20:14.112000,2021-02-11 14:25:52.668000,6.0,false,implied_category,cold,moon,../data/prolific_output/run5_scalar_heat-group_scalar_heat/qu70-s_qu3-batch1.csv
qu70-s_qu3-batch1.csv-3,3,NOT AVAILABLE,NOT AVAILABLE,d2716620-0f6b-4985-8f7a-496de72c4edf,PROLIFIC,11-Feb-2021 14:23:04,1175,46622,261abcca-2f16-45b0-a195-8072797c4cf0,I think it is impossible for (a/an) moon to be cold.,I think it is impossible for (a/an) water to be dry.,I think it is impossible for (a/an) rose to be white.,5_scalar_heat-set_extension_full_range,https://app.prolific.co/submissions/complete?cc=135DD3C8,Agree or disagree (run5_scalar_heat-set_extension_full_range-experiment_scalar-batch1-70-70),409815,ed95f802-add0-41e4-983a-1585ce6b2fa9,2021-02-11 14:23:04,637.11,2021-02-11 13:12:57.882000,2021-02-11 13:23:34.992000,5.0,false,impossible,cold,moon,../data/prolific_output/run5_scalar_heat-group_scalar_heat/qu70-s_qu3-batch1.csv
qu70-s_qu3-batch1.csv-3,3,NOT AVAILABLE,NOT AVAILABLE,dac5112b-e90f-43d3-81c2-3642f5b6e2f9,PROLIFIC,11-Feb-2021 14:10:28,1175,46622,261abcca-2f16-45b0-a195-8072797c4cf0,I think it is impossible for (a/an) moon to be cold.,I think it is impossible for (a/an) water to be dry.,I think it is impossible for (a/an) rose to be white.,5_scalar_heat-set_extension_full_range,https://app.prolific.co/submissions/complete?cc=135DD3C8,Agree or disagree (run5_scalar_heat-set_extension_full_range-experiment_scalar-batch1-70-70),409376,c838630a-4aa7-41ed-bd8e-63b03092a8fe,2021-02-11 14:10:28,432.345,2021-02-11 13:06:47.662000,2021-02-11 13:14:00.007000,2.0,false,impossible,cold,moon,../data/prolific_output/run5_scalar_heat-group_scalar_heat/qu70-s_qu3-batch1.csv
qu70-s_qu3-batch1.csv-3,3,NOT AVAILABLE,NOT AVAILABLE,c86c92f5-934b-4073-b69b-aa1a3a830dc3,PROLIFIC,11-Feb-2021 14:09:23,1175,46622,261abcca-2f16-45b0-a195-8072797c4cf0,I think it is impossible for (a/an) moon to be cold.,I think it is impossible for (a/an) water to be dry.,I think it is impossible for (a/an) rose to be white.,5_scalar_heat-set_extension_full_range,https://app.prolific.co/submissions/complete?cc=135DD3C8,Agree or disagree (run5_scalar_heat-set_extension_full_range-experiment_scalar-batch1-70-70),409325,dea04b7f-9469-445d-ba53-b79434dde59f,2021-02-11 14:09:23,1299.53,2021-02-11 13:03:43.109000,2021-02-11 13:25:22.639000,36.0,false,impossible,cold,moon,../data/prolific_output/run5_scalar_heat-group_scalar_heat/qu70-s_qu3-batch1.csv
qu70-s_qu3-batch1.csv-3,3,NOT AVAILABLE,NOT AVAILABLE,965f4ff2-bcc0-4ec5-91f4-5904025dc272,PROLIFIC,11-Feb-2021 14:52:12,1175,46622,261abcca-2f16-45b0-a195-8072797c4cf0,I think it is impossible for (a/an) moon to be cold.,I think it is impossible for (a/an) water to be dry.,I think it is impossible for (a/an) rose to be white.,5_scalar_heat-set_extension_full_range,https://app.prolific.co/submissions/complete?cc=135DD3C8,Agree or disagree (run5_scalar_heat-set_extension_full_range-experiment_scalar-batch1-70-70),410253,40aca111-3abf-47c3-b4dd-c9c1b303d7c7,2021-02-11 14:52:12,285.593,2021-02-11 13:50:20.301000,2021-02-11 13:55:05.894000,2.0,false,impossible,cold,moon,../data/prolific_output/run5_scalar_heat-group_scalar_heat/qu70-s_qu3-batch1.csv
qu70-s_qu3-batch1.csv-3,3,NOT AVAILABLE,NOT AVAILABLE,34e021b9-d47d-4dd4-bc71-ddc5ab813ce2,PROLIFIC,11-Feb-2021 13:59:01,1175,46622,261abcca-2f16-45b0-a195-8072797c4cf0,I think it is impossible for (a/an) moon to be cold.,I think it is impossible for (a/an) water to be dry.,I think it is impossible for (a/an) rose to be white.,5_scalar_heat-set_extension_full_range,https://app.prolific.co/submissions/complete?cc=135DD3C8,Agree or disagree (run5_scalar_heat-set_extension_full_range-experiment_scalar-batch1-70-70),409094,c762deeb-f39a-4a93-99f9-16fef3cbb901,2021-02-11 13:59:01,541.406,2021-02-11 12:51:21.531000,2021-02-11 13:00:22.937000,9.0,false,impossible,cold,moon,../data/prolific_output/run5_scalar_heat-group_scalar_heat/qu70-s_qu3-batch1.csv
qu70-s_qu3-batch1.csv-3,3,NOT AVAILABLE,NOT AVAILABLE,6d3579fa-979b-4f40-8e61-d17b09d60808,PROLIFIC,11-Feb-2021 14:29:22,1175,46622,261abcca-2f16-45b0-a195-8072797c4cf0,I think it is impossible for (a/an) moon to be cold.,I think it is impossible for (a/an) water to be dry.,I think it is impossible for (a/an) rose to be white.,5_scalar_heat-set_extension_full_range,https://app.prolific.co/submissions/complete?cc=135DD3C8,Agree or disagree (run5_scalar_heat-set_extension_full_range-experiment_scalar-batch1-70-70),409903,4774b316-cc81-422f-9a0e-b16855801bb5,2021-02-11 14:29:22,1192.435,2021-02-11 13:22:48.051000,2021-02-11 13:42:40.486000,2.0,false,impossible,cold,moon,../data/prolific_output/run5_scalar_heat-group_scalar_heat/qu70-s_qu3-batch1.csv
qu70-s_qu3-batch1.csv-3,3,NOT AVAILABLE,NOT AVAILABLE,cdbc1fee-804e-441b-89d3-98ac0ac8ce4d,PROLIFIC,11-Feb-2021 13:46:11,1175,46622,261abcca-2f16-45b0-a195-8072797c4cf0,I think it is impossible for (a/an) moon to be cold.,I think it is impossible for (a/an) water to be dry.,I think it is impossible for (a/an) rose to be white.,5_scalar_heat-set_extension_full_range,https://app.prolific.co/submissions/complete?cc=135DD3C8,Agree or disagree (run5_scalar_heat-set_extension_full_range-experiment_scalar-batch1-70-70),408712,5e90b484-761f-4be4-8e87-309429d955bf,2021-02-11 13:46:11,397.434,2021-02-11 12:42:36.412000,2021-02-11 12:49:13.846000,3.0,false,impossible,cold,moon,../data/prolific_output/run5_scalar_heat-group_scalar_heat/qu70-s_qu3-batch1.csv
qu70-s_qu3-batch1.csv-3,3,NOT AVAILABLE,NOT AVAILABLE,3dad7290-5e89-4340-9c49-15454b8ca9bf,PROLIFIC,11-Feb-2021 15:25:17,1175,46622,261abcca-2f16-45b0-a195-8072797c4cf0,I think it is impossible for (a/an) moon to be cold.,I think it is impossible for (a/an) water to be dry.,I think it is impossible for (a/an) rose to be white.,5_scalar_heat-set_extension_full_range,https://app.prolific.co/submissions/complete?cc=135DD3C8,Agree or disagree (run5_scalar_heat-set_extension_full_range-experiment_scalar-batch1-70-70),410611,428d8e60-d032-43c1-a46d-4a278590e021,2021-02-11 15:25:17,338.556,2021-02-11 14:20:14.112000,2021-02-11 14:25:52.668000,2.0,false,impossible,cold,moon,../data/prolific_output/run5_scalar_heat-group_scalar_heat/qu70-s_qu3-batch1.csv
qu70-s_qu3-batch1.csv-3,3,NOT AVAILABLE,NOT AVAILABLE,d2716620-0f6b-4985-8f7a-496de72c4edf,PROLIFIC,11-Feb-2021 14:20:24,1175,46623,8249cc6d-f353-4059-bb76-af46d5a4d7ff,"I think (a/an) cloud can be cold, but this is rare or uncommon.","I think (a/an) chocolate can be salty, but this is rare or uncommon.","I think (a/an) cherry can be salty, but this is rare or uncommon.",5_scalar_heat-set_extension_full_range,https://app.prolific.co/submissions/complete?cc=135DD3C8,Agree or disagree (run5_scalar_heat-set_extension_full_range-experiment_scalar-batch1-70-70),409781,2e7ed203-3837-497b-bd12-a377653f5e5b,2021-02-11 14:20:24,637.11,2021-02-11 13:12:57.882000,2021-02-11 13:23:34.992000,7.0,false,rare,cold,cloud,../data/prolific_output/run5_scalar_heat-group_scalar_heat/qu70-s_qu3-batch1.csv
qu70-s_qu3-batch1.csv-3,3,NOT AVAILABLE,NOT AVAILABLE,dac5112b-e90f-43d3-81c2-3642f5b6e2f9,PROLIFIC,11-Feb-2021 14:12:05,1175,46623,8249cc6d-f353-4059-bb76-af46d5a4d7ff,"I think (a/an) cloud can be cold, but this is rare or uncommon.","I think (a/an) chocolate can be salty, but this is rare or uncommon.","I think (a/an) cherry can be salty, but this is rare or uncommon.",5_scalar_heat-set_extension_full_range,https://app.prolific.co/submissions/complete?cc=135DD3C8,Agree or disagree (run5_scalar_heat-set_extension_full_range-experiment_scalar-batch1-70-70),409432,69df2840-b8fe-46d8-a3cb-d22bbb7fb39e,2021-02-11 14:12:05,432.345,2021-02-11 13:06:47.662000,2021-02-11 13:14:00.007000,3.0,false,rare,cold,cloud,../data/prolific_output/run5_scalar_heat-group_scalar_heat/qu70-s_qu3-batch1.csv
qu70-s_qu3-batch1.csv-3,3,NOT AVAILABLE,NOT AVAILABLE,c86c92f5-934b-4073-b69b-aa1a3a830dc3,PROLIFIC,11-Feb-2021 14:11:46,1175,46623,8249cc6d-f353-4059-bb76-af46d5a4d7ff,"I think (a/an) cloud can be cold, but this is rare or uncommon.","I think (a/an) chocolate can be salty, but this is rare or uncommon.","I think (a/an) cherry can be salty, but this is rare or uncommon.",5_scalar_heat-set_extension_full_range,https://app.prolific.co/submissions/complete?cc=135DD3C8,Agree or disagree (run5_scalar_heat-set_extension_full_range-experiment_scalar-batch1-70-70),409418,ac7bbc96-a747-47e5-a56b-7711ae07ba04,2021-02-11 14:11:46,1299.53,2021-02-11 13:03:43.109000,2021-02-11 13:25:22.639000,9.0,false,rare,cold,cloud,../data/prolific_output/run5_scalar_heat-group_scalar_heat/qu70-s_qu3-batch1.csv
qu70-s_qu3-batch1.csv-3,3,NOT AVAILABLE,NOT AVAILABLE,965f4ff2-bcc0-4ec5-91f4-5904025dc272,PROLIFIC,11-Feb-2021 14:54:57,1175,46623,8249cc6d-f353-4059-bb76-af46d5a4d7ff,"I think (a/an) cloud can be cold, but this is rare or uncommon.","I think (a/an) chocolate can be salty, but this is rare or uncommon.","I think (a/an) cherry can be salty, but this is rare or uncommon.",5_scalar_heat-set_extension_full_range,https://app.prolific.co/submissions/complete?cc=135DD3C8,Agree or disagree (run5_scalar_heat-set_extension_full_range-experiment_scalar-batch1-70-70),410344,43de3345-fa6a-4c0e-81fe-a820e76d8f4a,2021-02-11 14:54:57,285.593,2021-02-11 13:50:20.301000,2021-02-11 13:55:05.894000,2.0,false,rare,cold,cloud,../data/prolific_output/run5_scalar_heat-group_scalar_heat/qu70-s_qu3-batch1.csv
qu70-s_qu3-batch1.csv-3,3,NOT AVAILABLE,NOT AVAILABLE,34e021b9-d47d-4dd4-bc71-ddc5ab813ce2,PROLIFIC,11-Feb-2021 13:57:40,1175,46623,8249cc6d-f353-4059-bb76-af46d5a4d7ff,"I think (a/an) cloud can be cold, but this is rare or uncommon.","I think (a/an) chocolate can be salty, but this is rare or uncommon.","I think (a/an) cherry can be salty, but this is rare or uncommon.",5_scalar_heat-set_extension_full_range,https://app.prolific.co/submissions/complete?cc=135DD3C8,Agree or disagree (run5_scalar_heat-set_extension_full_range-experiment_scalar-batch1-70-70),409034,0930cfd8-4db2-41ec-9105-62cc59a366d2,2021-02-11 13:57:40,541.406,2021-02-11 12:51:21.531000,2021-02-11 13:00:22.937000,14.0,false,rare,cold,cloud,../data/prolific_output/run5_scalar_heat-group_scalar_heat/qu70-s_qu3-batch1.csv
qu70-s_qu3-batch1.csv-3,3,NOT AVAILABLE,NOT AVAILABLE,6d3579fa-979b-4f40-8e61-d17b09d60808,PROLIFIC,11-Feb-2021 14:32:05,1175,46623,8249cc6d-f353-4059-bb76-af46d5a4d7ff,"I think (a/an) cloud can be cold, but this is rare or uncommon.","I think (a/an) chocolate can be salty, but this is rare or uncommon.","I think (a/an) cherry can be salty, but this is rare or uncommon.",5_scalar_heat-set_extension_full_range,https://app.prolific.co/submissions/complete?cc=135DD3C8,Agree or disagree (run5_scalar_heat-set_extension_full_range-experiment_scalar-batch1-70-70),409968,ee70980c-695a-41c0-9f32-0ceb06ca16b9,2021-02-11 14:32:05,1192.435,2021-02-11 13:22:48.051000,2021-02-11 13:42:40.486000,2.0,false,rare,cold,cloud,../data/prolific_output/run5_scalar_heat-group_scalar_heat/qu70-s_qu3-batch1.csv
qu70-s_qu3-batch1.csv-3,3,NOT AVAILABLE,NOT AVAILABLE,cdbc1fee-804e-441b-89d3-98ac0ac8ce4d,PROLIFIC,11-Feb-2021 13:46:08,1175,46623,8249cc6d-f353-4059-bb76-af46d5a4d7ff,"I think (a/an) cloud can be cold, but this is rare or uncommon.","I think (a/an) chocolate can be salty, but this is rare or uncommon.","I think (a/an) cherry can be salty, but this is rare or uncommon.",5_scalar_heat-set_extension_full_range,https://app.prolific.co/submissions/complete?cc=135DD3C8,Agree or disagree (run5_scalar_heat-set_extension_full_range-experiment_scalar-batch1-70-70),408711,e47f31dc-b00e-44f8-976c-8eb90b8b86ea,2021-02-11 13:46:08,397.434,2021-02-11 12:42:36.412000,2021-02-11 12:49:13.846000,3.0,false,rare,cold,cloud,../data/prolific_output/run5_scalar_heat-group_scalar_heat/qu70-s_qu3-batch1.csv
qu70-s_qu3-batch1.csv-3,3,NOT AVAILABLE,NOT AVAILABLE,3dad7290-5e89-4340-9c49-15454b8ca9bf,PROLIFIC,11-Feb-2021 15:23:56,1175,46623,8249cc6d-f353-4059-bb76-af46d5a4d7ff,"I think (a/an) cloud can be cold, but this is rare or uncommon.","I think (a/an) chocolate can be salty, but this is rare or uncommon.","I think (a/an) cherry can be salty, but this is rare or uncommon.",5_scalar_heat-set_extension_full_range,https://app.prolific.co/submissions/complete?cc=135DD3C8,Agree or disagree (run5_scalar_heat-set_extension_full_range-experiment_scalar-batch1-70-70),410594,d700eaa3-4560-47ea-84cf-4e8d94230ad5,2021-02-11 15:23:56,338.556,2021-02-11 14:20:14.112000,2021-02-11 14:25:52.668000,5.0,false,rare,cold,cloud,../data/prolific_output/run5_scalar_heat-group_scalar_heat/qu70-s_qu3-batch1.csv
qu70-s_qu3-batch1.csv-3,3,NOT AVAILABLE,NOT AVAILABLE,d2716620-0f6b-4985-8f7a-496de72c4edf,PROLIFIC,11-Feb-2021 14:14:56,1175,46624,6ec16982-184c-497c-b5cc-ea38cb2b576c,"You can find (a/an) cloud which is cold. (A/an) cloud is usually either cold, a bit more or less cold or the opposite of cold.","You can find (a/an) chocolate which is bitter. (A/an) chocolate is usually either bitter, a bit more or less bitter or the opposite of bitter.","You can find (a/an) diamond which is soft. (A/an) diamond is usually either soft, a bit more or less soft or the opposite of soft.",5_scalar_heat-set_extension_full_range,https://app.prolific.co/submissions/complete?cc=135DD3C8,Agree or disagree (run5_scalar_heat-set_extension_full_range-experiment_scalar-batch1-70-70),409529,49ada3c5-a730-4c45-ba37-67ff40d25ce2,2021-02-11 14:14:56,637.11,2021-02-11 13:12:57.882000,2021-02-11 13:23:34.992000,9.0,true,variability_open,cold,cloud,../data/prolific_output/run5_scalar_heat-group_scalar_heat/qu70-s_qu3-batch1.csv
qu70-s_qu3-batch1.csv-3,3,NOT AVAILABLE,NOT AVAILABLE,dac5112b-e90f-43d3-81c2-3642f5b6e2f9,PROLIFIC,11-Feb-2021 14:10:32,1175,46624,6ec16982-184c-497c-b5cc-ea38cb2b576c,"You can find (a/an) cloud which is cold. (A/an) cloud is usually either cold, a bit more or less cold or the opposite of cold.","You can find (a/an) chocolate which is bitter. (A/an) chocolate is usually either bitter, a bit more or less bitter or the opposite of bitter.","You can find (a/an) diamond which is soft. (A/an) diamond is usually either soft, a bit more or less soft or the opposite of soft.",5_scalar_heat-set_extension_full_range,https://app.prolific.co/submissions/complete?cc=135DD3C8,Agree or disagree (run5_scalar_heat-set_extension_full_range-experiment_scalar-batch1-70-70),409378,399ef020-57a5-45a2-aaa9-7198dda46a4b,2021-02-11 14:10:32,432.345,2021-02-11 13:06:47.662000,2021-02-11 13:14:00.007000,4.0,true,variability_open,cold,cloud,../data/prolific_output/run5_scalar_heat-group_scalar_heat/qu70-s_qu3-batch1.csv
qu70-s_qu3-batch1.csv-3,3,NOT AVAILABLE,NOT AVAILABLE,c86c92f5-934b-4073-b69b-aa1a3a830dc3,PROLIFIC,11-Feb-2021 14:23:20,1175,46624,6ec16982-184c-497c-b5cc-ea38cb2b576c,"You can find (a/an) cloud which is cold. (A/an) cloud is usually either cold, a bit more or less cold or the opposite of cold.","You can find (a/an) chocolate which is bitter. (A/an) chocolate is usually either bitter, a bit more or less bitter or the opposite of bitter.","You can find (a/an) diamond which is soft. (A/an) diamond is usually either soft, a bit more or less soft or the opposite of soft.",5_scalar_heat-set_extension_full_range,https://app.prolific.co/submissions/complete?cc=135DD3C8,Agree or disagree (run5_scalar_heat-set_extension_full_range-experiment_scalar-batch1-70-70),409821,ffeeddd9-b3a0-40d0-be6c-a38b8d07ee14,2021-02-11 14:23:20,1299.53,2021-02-11 13:03:43.109000,2021-02-11 13:25:22.639000,10.0,false,variability_open,cold,cloud,../data/prolific_output/run5_scalar_heat-group_scalar_heat/qu70-s_qu3-batch1.csv
qu70-s_qu3-batch1.csv-3,3,NOT AVAILABLE,NOT AVAILABLE,965f4ff2-bcc0-4ec5-91f4-5904025dc272,PROLIFIC,11-Feb-2021 14:54:51,1175,46624,6ec16982-184c-497c-b5cc-ea38cb2b576c,"You can find (a/an) cloud which is cold. (A/an) cloud is usually either cold, a bit more or less cold or the opposite of cold.","You can find (a/an) chocolate which is bitter. (A/an) chocolate is usually either bitter, a bit more or less bitter or the opposite of bitter.","You can find (a/an) diamond which is soft. (A/an) diamond is usually either soft, a bit more or less soft or the opposite of soft.",5_scalar_heat-set_extension_full_range,https://app.prolific.co/submissions/complete?cc=135DD3C8,Agree or disagree (run5_scalar_heat-set_extension_full_range-experiment_scalar-batch1-70-70),410339,426f9379-3c30-4e4f-82d9-3b76b996a9f7,2021-02-11 14:54:51,285.593,2021-02-11 13:50:20.301000,2021-02-11 13:55:05.894000,5.0,true,variability_open,cold,cloud,../data/prolific_output/run5_scalar_heat-group_scalar_heat/qu70-s_qu3-batch1.csv
qu70-s_qu3-batch1.csv-3,3,NOT AVAILABLE,NOT AVAILABLE,34e021b9-d47d-4dd4-bc71-ddc5ab813ce2,PROLIFIC,11-Feb-2021 13:53:25,1175,46624,6ec16982-184c-497c-b5cc-ea38cb2b576c,"You can find (a/an) cloud which is cold. (A/an) cloud is usually either cold, a bit more or less cold or the opposite of cold.","You can find (a/an) chocolate which is bitter. (A/an) chocolate is usually either bitter, a bit more or less bitter or the opposite of bitter.","You can find (a/an) diamond which is soft. (A/an) diamond is usually either soft, a bit more or less soft or the opposite of soft.",5_scalar_heat-set_extension_full_range,https://app.prolific.co/submissions/complete?cc=135DD3C8,Agree or disagree (run5_scalar_heat-set_extension_full_range-experiment_scalar-batch1-70-70),408863,4ea6580d-5453-4fc9-bab7-519203cb7dba,2021-02-11 13:53:25,541.406,2021-02-11 12:51:21.531000,2021-02-11 13:00:22.937000,10.0,false,variability_open,cold,cloud,../data/prolific_output/run5_scalar_heat-group_scalar_heat/qu70-s_qu3-batch1.csv
qu70-s_qu3-batch1.csv-3,3,NOT AVAILABLE,NOT AVAILABLE,6d3579fa-979b-4f40-8e61-d17b09d60808,PROLIFIC,11-Feb-2021 14:29:17,1175,46624,6ec16982-184c-497c-b5cc-ea38cb2b576c,"You can find (a/an) cloud which is cold. (A/an) cloud is usually either cold, a bit more or less cold or the opposite of cold.","You can find (a/an) chocolate which is bitter. (A/an) chocolate is usually either bitter, a bit more or less bitter or the opposite of bitter.","You can find (a/an) diamond which is soft. (A/an) diamond is usually either soft, a bit more or less soft or the opposite of soft.",5_scalar_heat-set_extension_full_range,https://app.prolific.co/submissions/complete?cc=135DD3C8,Agree or disagree (run5_scalar_heat-set_extension_full_range-experiment_scalar-batch1-70-70),409900,472d5a32-a369-475c-8ee6-ad9a52a1af33,2021-02-11 14:29:17,1192.435,2021-02-11 13:22:48.051000,2021-02-11 13:42:40.486000,3.0,false,variability_open,cold,cloud,../data/prolific_output/run5_scalar_heat-group_scalar_heat/qu70-s_qu3-batch1.csv
qu70-s_qu3-batch1.csv-3,3,NOT AVAILABLE,NOT AVAILABLE,cdbc1fee-804e-441b-89d3-98ac0ac8ce4d,PROLIFIC,11-Feb-2021 13:47:11,1175,46624,6ec16982-184c-497c-b5cc-ea38cb2b576c,"You can find (a/an) cloud which is cold. (A/an) cloud is usually either cold, a bit more or less cold or the opposite of cold.","You can find (a/an) chocolate which is bitter. (A/an) chocolate is usually either bitter, a bit more or less bitter or the opposite of bitter.","You can find (a/an) diamond which is soft. (A/an) diamond is usually either soft, a bit more or less soft or the opposite of soft.",5_scalar_heat-set_extension_full_range,https://app.prolific.co/submissions/complete?cc=135DD3C8,Agree or disagree (run5_scalar_heat-set_extension_full_range-experiment_scalar-batch1-70-70),408722,30fcf1b9-eca4-4d88-9f36-b3a48602ea16,2021-02-11 13:47:11,397.434,2021-02-11 12:42:36.412000,2021-02-11 12:49:13.846000,13.0,true,variability_open,cold,cloud,../data/prolific_output/run5_scalar_heat-group_scalar_heat/qu70-s_qu3-batch1.csv
qu70-s_qu3-batch1.csv-3,3,NOT AVAILABLE,NOT AVAILABLE,3dad7290-5e89-4340-9c49-15454b8ca9bf,PROLIFIC,11-Feb-2021 15:22:20,1175,46624,6ec16982-184c-497c-b5cc-ea38cb2b576c,"You can find (a/an) cloud which is cold. (A/an) cloud is usually either cold, a bit more or less cold or the opposite of cold.","You can find (a/an) chocolate which is bitter. (A/an) chocolate is usually either bitter, a bit more or less bitter or the opposite of bitter.","You can find (a/an) diamond which is soft. (A/an) diamond is usually either soft, a bit more or less soft or the opposite of soft.",5_scalar_heat-set_extension_full_range,https://app.prolific.co/submissions/complete?cc=135DD3C8,Agree or disagree (run5_scalar_heat-set_extension_full_range-experiment_scalar-batch1-70-70),410571,60414244-e8da-4ce0-b8c9-56795e7cf752,2021-02-11 15:22:20,338.556,2021-02-11 14:20:14.112000,2021-02-11 14:25:52.668000,11.0,false,variability_open,cold,cloud,../data/prolific_output/run5_scalar_heat-group_scalar_heat/qu70-s_qu3-batch1.csv
qu70-s_qu3-batch1.csv-3,3,NOT AVAILABLE,NOT AVAILABLE,d2716620-0f6b-4985-8f7a-496de72c4edf,PROLIFIC,11-Feb-2021 14:14:26,1175,46625,8654c03e-fb6d-4899-b2bc-f55d830af754,"I could say (a/an) cloud is cold, but I would most certainly not mean it literally.","I could say (a/an) anger is hot, but I would most certainly not mean it literally.
I could say (a/an) person is cold, but I would most certainly not mean it literally.
I could say (a/an) story is dark, but I would most certainly not mean it literally.","I could say (a/an) fire is hot, but I would most certainly not mean it literally.
I could say (a/an) stone is heavy, but I would most certainly not mean it literally.
I could say (a/an) argument is liquid, but I would most certainly not mean it literally.",5_scalar_heat-set_extension_full_range,https://app.prolific.co/submissions/complete?cc=135DD3C8,Agree or disagree (run5_scalar_heat-set_extension_full_range-experiment_scalar-batch1-70-70),409507,5846dd17-3969-40cd-97f5-e992e32bb76e,2021-02-11 14:14:26,637.11,2021-02-11 13:12:57.882000,2021-02-11 13:23:34.992000,9.0,true,creative,cold,cloud,../data/prolific_output/run5_scalar_heat-group_scalar_heat/qu70-s_qu3-batch1.csv
qu70-s_qu3-batch1.csv-3,3,NOT AVAILABLE,NOT AVAILABLE,dac5112b-e90f-43d3-81c2-3642f5b6e2f9,PROLIFIC,11-Feb-2021 14:13:09,1175,46625,8654c03e-fb6d-4899-b2bc-f55d830af754,"I could say (a/an) cloud is cold, but I would most certainly not mean it literally.","I could say (a/an) anger is hot, but I would most certainly not mean it literally.
I could say (a/an) person is cold, but I would most certainly not mean it literally.
I could say (a/an) story is dark, but I would most certainly not mean it literally.","I could say (a/an) fire is hot, but I would most certainly not mean it literally.
I could say (a/an) stone is heavy, but I would most certainly not mean it literally.
I could say (a/an) argument is liquid, but I would most certainly not mean it literally.",5_scalar_heat-set_extension_full_range,https://app.prolific.co/submissions/complete?cc=135DD3C8,Agree or disagree (run5_scalar_heat-set_extension_full_range-experiment_scalar-batch1-70-70),409469,1824027c-576a-40d5-8758-f92cf63005b7,2021-02-11 14:13:09,432.345,2021-02-11 13:06:47.662000,2021-02-11 13:14:00.007000,3.0,false,creative,cold,cloud,../data/prolific_output/run5_scalar_heat-group_scalar_heat/qu70-s_qu3-batch1.csv
qu70-s_qu3-batch1.csv-3,3,NOT AVAILABLE,NOT AVAILABLE,c86c92f5-934b-4073-b69b-aa1a3a830dc3,PROLIFIC,11-Feb-2021 14:11:37,1175,46625,8654c03e-fb6d-4899-b2bc-f55d830af754,"I could say (a/an) cloud is cold, but I would most certainly not mean it literally.","I could say (a/an) anger is hot, but I would most certainly not mean it literally.
I could say (a/an) person is cold, but I would most certainly not mean it literally.
I could say (a/an) story is dark, but I would most certainly not mean it literally.","I could say (a/an) fire is hot, but I would most certainly not mean it literally.
I could say (a/an) stone is heavy, but I would most certainly not mean it literally.
I could say (a/an) argument is liquid, but I would most certainly not mean it literally.",5_scalar_heat-set_extension_full_range,https://app.prolific.co/submissions/complete?cc=135DD3C8,Agree or disagree (run5_scalar_heat-set_extension_full_range-experiment_scalar-batch1-70-70),409415,04ffd769-5e4c-4278-87b8-a02a6f0c0dc4,2021-02-11 14:11:37,1299.53,2021-02-11 13:03:43.109000,2021-02-11 13:25:22.639000,46.0,true,creative,cold,cloud,../data/prolific_output/run5_scalar_heat-group_scalar_heat/qu70-s_qu3-batch1.csv
qu70-s_qu3-batch1.csv-3,3,NOT AVAILABLE,NOT AVAILABLE,965f4ff2-bcc0-4ec5-91f4-5904025dc272,PROLIFIC,11-Feb-2021 14:55:03,1175,46625,8654c03e-fb6d-4899-b2bc-f55d830af754,"I could say (a/an) cloud is cold, but I would most certainly not mean it literally.","I could say (a/an) anger is hot, but I would most certainly not mean it literally.
I could say (a/an) person is cold, but I would most certainly not mean it literally.
I could say (a/an) story is dark, but I would most certainly not mean it literally.","I could say (a/an) fire is hot, but I would most certainly not mean it literally.
I could say (a/an) stone is heavy, but I would most certainly not mean it literally.
I could say (a/an) argument is liquid, but I would most certainly not mean it literally.",5_scalar_heat-set_extension_full_range,https://app.prolific.co/submissions/complete?cc=135DD3C8,Agree or disagree (run5_scalar_heat-set_extension_full_range-experiment_scalar-batch1-70-70),410351,4acf426c-a9c4-45ee-9f2c-dc1397e6e1f0,2021-02-11 14:55:03,285.593,2021-02-11 13:50:20.301000,2021-02-11 13:55:05.894000,4.894,false,creative,cold,cloud,../data/prolific_output/run5_scalar_heat-group_scalar_heat/qu70-s_qu3-batch1.csv
qu70-s_qu3-batch1.csv-3,3,NOT AVAILABLE,NOT AVAILABLE,34e021b9-d47d-4dd4-bc71-ddc5ab813ce2,PROLIFIC,11-Feb-2021 13:59:29,1175,46625,8654c03e-fb6d-4899-b2bc-f55d830af754,"I could say (a/an) cloud is cold, but I would most certainly not mean it literally.","I could say (a/an) anger is hot, but I would most certainly not mean it literally.
I could say (a/an) person is cold, but I would most certainly not mean it literally.
I could say (a/an) story is dark, but I would most certainly not mean it literally.","I could say (a/an) fire is hot, but I would most certainly not mean it literally.
I could say (a/an) stone is heavy, but I would most certainly not mean it literally.
I could say (a/an) argument is liquid, but I would most certainly not mean it literally.",5_scalar_heat-set_extension_full_range,https://app.prolific.co/submissions/complete?cc=135DD3C8,Agree or disagree (run5_scalar_heat-set_extension_full_range-experiment_scalar-batch1-70-70),409111,c2317d50-9d01-4916-b4fd-489e0108c2c2,2021-02-11 13:59:29,541.406,2021-02-11 12:51:21.531000,2021-02-11 13:00:22.937000,9.0,true,creative,cold,cloud,../data/prolific_output/run5_scalar_heat-group_scalar_heat/qu70-s_qu3-batch1.csv
qu70-s_qu3-batch1.csv-3,3,NOT AVAILABLE,NOT AVAILABLE,6d3579fa-979b-4f40-8e61-d17b09d60808,PROLIFIC,11-Feb-2021 14:42:30,1175,46625,8654c03e-fb6d-4899-b2bc-f55d830af754,"I could say (a/an) cloud is cold, but I would most certainly not mean it literally.","I could say (a/an) anger is hot, but I would most certainly not mean it literally.
I could say (a/an) person is cold, but I would most certainly not mean it literally.
I could say (a/an) story is dark, but I would most certainly not mean it literally.","I could say (a/an) fire is hot, but I would most certainly not mean it literally.
I could say (a/an) stone is heavy, but I would most certainly not mean it literally.
I could say (a/an) argument is liquid, but I would most certainly not mean it literally.",5_scalar_heat-set_extension_full_range,https://app.prolific.co/submissions/complete?cc=135DD3C8,Agree or disagree (run5_scalar_heat-set_extension_full_range-experiment_scalar-batch1-70-70),410123,894b9f0e-32ca-432c-9139-976a152223a2,2021-02-11 14:42:30,1192.435,2021-02-11 13:22:48.051000,2021-02-11 13:42:40.486000,2.0,false,creative,cold,cloud,../data/prolific_output/run5_scalar_heat-group_scalar_heat/qu70-s_qu3-batch1.csv
qu70-s_qu3-batch1.csv-3,3,NOT AVAILABLE,NOT AVAILABLE,cdbc1fee-804e-441b-89d3-98ac0ac8ce4d,PROLIFIC,11-Feb-2021 13:46:33,1175,46625,8654c03e-fb6d-4899-b2bc-f55d830af754,"I could say (a/an) cloud is cold, but I would most certainly not mean it literally.","I could say (a/an) anger is hot, but I would most certainly not mean it literally.
I could say (a/an) person is cold, but I would most certainly not mean it literally.
I could say (a/an) story is dark, but I would most certainly not mean it literally.","I could say (a/an) fire is hot, but I would most certainly not mean it literally.
I could say (a/an) stone is heavy, but I would most certainly not mean it literally.
I could say (a/an) argument is liquid, but I would most certainly not mean it literally.",5_scalar_heat-set_extension_full_range,https://app.prolific.co/submissions/complete?cc=135DD3C8,Agree or disagree (run5_scalar_heat-set_extension_full_range-experiment_scalar-batch1-70-70),408716,f9e57160-3c5b-429b-b5f4-edd4c985ca93,2021-02-11 13:46:33,397.434,2021-02-11 12:42:36.412000,2021-02-11 12:49:13.846000,9.0,true,creative,cold,cloud,../data/prolific_output/run5_scalar_heat-group_scalar_heat/qu70-s_qu3-batch1.csv
qu70-s_qu3-batch1.csv-3,3,NOT AVAILABLE,NOT AVAILABLE,3dad7290-5e89-4340-9c49-15454b8ca9bf,PROLIFIC,11-Feb-2021 15:25:12,1175,46625,8654c03e-fb6d-4899-b2bc-f55d830af754,"I could say (a/an) cloud is cold, but I would most certainly not mean it literally.","I could say (a/an) anger is hot, but I would most certainly not mean it literally.
I could say (a/an) person is cold, but I would most certainly not mean it literally.
I could say (a/an) story is dark, but I would most certainly not mean it literally.","I could say (a/an) fire is hot, but I would most certainly not mean it literally.
I could say (a/an) stone is heavy, but I would most certainly not mean it literally.
I could say (a/an) argument is liquid, but I would most certainly not mean it literally.",5_scalar_heat-set_extension_full_range,https://app.prolific.co/submissions/complete?cc=135DD3C8,Agree or disagree (run5_scalar_heat-set_extension_full_range-experiment_scalar-batch1-70-70),410609,e4a468b2-6216-4b04-8d7a-d67023c9703d,2021-02-11 15:25:12,338.556,2021-02-11 14:20:14.112000,2021-02-11 14:25:52.668000,2.0,false,creative,cold,cloud,../data/prolific_output/run5_scalar_heat-group_scalar_heat/qu70-s_qu3-batch1.csv
qu70-s_qu3-batch1.csv-3,3,NOT AVAILABLE,NOT AVAILABLE,d2716620-0f6b-4985-8f7a-496de72c4edf,PROLIFIC,11-Feb-2021 14:16:32,1175,46626,e57b8e7b-6486-4e86-bd0d-faf5741eb9ee,I think it is impossible for (a/an) cloud to be cold.,I think it is impossible for (a/an) water to be dry.,I think it is impossible for (a/an) rose to be white.,5_scalar_heat-set_extension_full_range,https://app.prolific.co/submissions/complete?cc=135DD3C8,Agree or disagree (run5_scalar_heat-set_extension_full_range-experiment_scalar-batch1-70-70),409619,717087d9-08f8-4493-8c84-34742e11bd3b,2021-02-11 14:16:32,637.11,2021-02-11 13:12:57.882000,2021-02-11 13:23:34.992000,5.0,false,impossible,cold,cloud,../data/prolific_output/run5_scalar_heat-group_scalar_heat/qu70-s_qu3-batch1.csv
qu70-s_qu3-batch1.csv-3,3,NOT AVAILABLE,NOT AVAILABLE,dac5112b-e90f-43d3-81c2-3642f5b6e2f9,PROLIFIC,11-Feb-2021 14:09:44,1175,46626,e57b8e7b-6486-4e86-bd0d-faf5741eb9ee,I think it is impossible for (a/an) cloud to be cold.,I think it is impossible for (a/an) water to be dry.,I think it is impossible for (a/an) rose to be white.,5_scalar_heat-set_extension_full_range,https://app.prolific.co/submissions/complete?cc=135DD3C8,Agree or disagree (run5_scalar_heat-set_extension_full_range-experiment_scalar-batch1-70-70),409349,24e9eb44-0303-4e59-8339-3b46e51ad7fb,2021-02-11 14:09:44,432.345,2021-02-11 13:06:47.662000,2021-02-11 13:14:00.007000,2.0,false,impossible,cold,cloud,../data/prolific_output/run5_scalar_heat-group_scalar_heat/qu70-s_qu3-batch1.csv
qu70-s_qu3-batch1.csv-3,3,NOT AVAILABLE,NOT AVAILABLE,c86c92f5-934b-4073-b69b-aa1a3a830dc3,PROLIFIC,11-Feb-2021 14:15:23,1175,46626,e57b8e7b-6486-4e86-bd0d-faf5741eb9ee,I think it is impossible for (a/an) cloud to be cold.,I think it is impossible for (a/an) water to be dry.,I think it is impossible for (a/an) rose to be white.,5_scalar_heat-set_extension_full_range,https://app.prolific.co/submissions/complete?cc=135DD3C8,Agree or disagree (run5_scalar_heat-set_extension_full_range-experiment_scalar-batch1-70-70),409556,ce8b3794-c3ad-4d15-ac40-26b3752a20a0,2021-02-11 14:15:23,1299.53,2021-02-11 13:03:43.109000,2021-02-11 13:25:22.639000,14.0,true,impossible,cold,cloud,../data/prolific_output/run5_scalar_heat-group_scalar_heat/qu70-s_qu3-batch1.csv
qu70-s_qu3-batch1.csv-3,3,NOT AVAILABLE,NOT AVAILABLE,965f4ff2-bcc0-4ec5-91f4-5904025dc272,PROLIFIC,11-Feb-2021 14:53:08,1175,46626,e57b8e7b-6486-4e86-bd0d-faf5741eb9ee,I think it is impossible for (a/an) cloud to be cold.,I think it is impossible for (a/an) water to be dry.,I think it is impossible for (a/an) rose to be white.,5_scalar_heat-set_extension_full_range,https://app.prolific.co/submissions/complete?cc=135DD3C8,Agree or disagree (run5_scalar_heat-set_extension_full_range-experiment_scalar-batch1-70-70),410274,6d537051-9c0b-45f7-9722-db9dc1002fb6,2021-02-11 14:53:08,285.593,2021-02-11 13:50:20.301000,2021-02-11 13:55:05.894000,2.0,false,impossible,cold,cloud,../data/prolific_output/run5_scalar_heat-group_scalar_heat/qu70-s_qu3-batch1.csv
qu70-s_qu3-batch1.csv-3,3,NOT AVAILABLE,NOT AVAILABLE,34e021b9-d47d-4dd4-bc71-ddc5ab813ce2,PROLIFIC,11-Feb-2021 13:59:50,1175,46626,e57b8e7b-6486-4e86-bd0d-faf5741eb9ee,I think it is impossible for (a/an) cloud to be cold.,I think it is impossible for (a/an) water to be dry.,I think it is impossible for (a/an) rose to be white.,5_scalar_heat-set_extension_full_range,https://app.prolific.co/submissions/complete?cc=135DD3C8,Agree or disagree (run5_scalar_heat-set_extension_full_range-experiment_scalar-batch1-70-70),409123,6c18be88-8e9b-4fe6-8fb9-f3203aceb620,2021-02-11 13:59:50,541.406,2021-02-11 12:51:21.531000,2021-02-11 13:00:22.937000,9.0,false,impossible,cold,cloud,../data/prolific_output/run5_scalar_heat-group_scalar_heat/qu70-s_qu3-batch1.csv
qu70-s_qu3-batch1.csv-3,3,NOT AVAILABLE,NOT AVAILABLE,6d3579fa-979b-4f40-8e61-d17b09d60808,PROLIFIC,11-Feb-2021 14:24:32,1175,46626,e57b8e7b-6486-4e86-bd0d-faf5741eb9ee,I think it is impossible for (a/an) cloud to be cold.,I think it is impossible for (a/an) water to be dry.,I think it is impossible for (a/an) rose to be white.,5_scalar_heat-set_extension_full_range,https://app.prolific.co/submissions/complete?cc=135DD3C8,Agree or disagree (run5_scalar_heat-set_extension_full_range-experiment_scalar-batch1-70-70),409839,524d54a9-df28-464d-9033-315c5ecbb830,2021-02-11 14:24:32,1192.435,2021-02-11 13:22:48.051000,2021-02-11 13:42:40.486000,2.0,false,impossible,cold,cloud,../data/prolific_output/run5_scalar_heat-group_scalar_heat/qu70-s_qu3-batch1.csv
qu70-s_qu3-batch1.csv-3,3,NOT AVAILABLE,NOT AVAILABLE,cdbc1fee-804e-441b-89d3-98ac0ac8ce4d,PROLIFIC,11-Feb-2021 13:46:53,1175,46626,e57b8e7b-6486-4e86-bd0d-faf5741eb9ee,I think it is impossible for (a/an) cloud to be cold.,I think it is impossible for (a/an) water to be dry.,I think it is impossible for (a/an) rose to be white.,5_scalar_heat-set_extension_full_range,https://app.prolific.co/submissions/complete?cc=135DD3C8,Agree or disagree (run5_scalar_heat-set_extension_full_range-experiment_scalar-batch1-70-70),408719,58c2adb7-413e-41fe-832e-2a3884c228eb,2021-02-11 13:46:53,397.434,2021-02-11 12:42:36.412000,2021-02-11 12:49:13.846000,12.0,false,impossible,cold,cloud,../data/prolific_output/run5_scalar_heat-group_scalar_heat/qu70-s_qu3-batch1.csv
qu70-s_qu3-batch1.csv-3,3,NOT AVAILABLE,NOT AVAILABLE,3dad7290-5e89-4340-9c49-15454b8ca9bf,PROLIFIC,11-Feb-2021 15:25:15,1175,46626,e57b8e7b-6486-4e86-bd0d-faf5741eb9ee,I think it is impossible for (a/an) cloud to be cold.,I think it is impossible for (a/an) water to be dry.,I think it is impossible for (a/an) rose to be white.,5_scalar_heat-set_extension_full_range,https://app.prolific.co/submissions/complete?cc=135DD3C8,Agree or disagree (run5_scalar_heat-set_extension_full_range-experiment_scalar-batch1-70-70),410610,7c94ed31-c284-4281-9bf7-4143a674a5df,2021-02-11 15:25:15,338.556,2021-02-11 14:20:14.112000,2021-02-11 14:25:52.668000,3.0,false,impossible,cold,cloud,../data/prolific_output/run5_scalar_heat-group_scalar_heat/qu70-s_qu3-batch1.csv
qu70-s_qu3-batch1.csv-3,3,NOT AVAILABLE,NOT AVAILABLE,d2716620-0f6b-4985-8f7a-496de72c4edf,PROLIFIC,11-Feb-2021 14:20:11,1175,46627,af3e5eee-c7f4-4d68-88a8-996fb07112f8,``Cloud'' is one of the first things which come to mind when I hear ``cold' because (a/an) cloud is a typical example of things which are cold'. ,``Rainbow'' is one of the first things which come to mind when I hear ``colorful' because (a/an) rainbow is a typical example of things which are colorful'. ,``Dress'' is one of the first things which come to mind when I hear ``white' because (a/an) dress is a typical example of things which are white'. ,5_scalar_heat-set_extension_full_range,https://app.prolific.co/submissions/complete?cc=135DD3C8,Agree or disagree (run5_scalar_heat-set_extension_full_range-experiment_scalar-batch1-70-70),409776,7253b4af-0d36-43f8-a6d2-50511eccbbb9,2021-02-11 14:20:11,637.11,2021-02-11 13:12:57.882000,2021-02-11 13:23:34.992000,6.0,false,typical_of_property,cold,cloud,../data/prolific_output/run5_scalar_heat-group_scalar_heat/qu70-s_qu3-batch1.csv
qu70-s_qu3-batch1.csv-3,3,NOT AVAILABLE,NOT AVAILABLE,dac5112b-e90f-43d3-81c2-3642f5b6e2f9,PROLIFIC,11-Feb-2021 14:10:02,1175,46627,af3e5eee-c7f4-4d68-88a8-996fb07112f8,``Cloud'' is one of the first things which come to mind when I hear ``cold' because (a/an) cloud is a typical example of things which are cold'. ,``Rainbow'' is one of the first things which come to mind when I hear ``colorful' because (a/an) rainbow is a typical example of things which are colorful'. ,``Dress'' is one of the first things which come to mind when I hear ``white' because (a/an) dress is a typical example of things which are white'. ,5_scalar_heat-set_extension_full_range,https://app.prolific.co/submissions/complete?cc=135DD3C8,Agree or disagree (run5_scalar_heat-set_extension_full_range-experiment_scalar-batch1-70-70),409359,3a261646-7d69-47c3-8933-3295dae90b64,2021-02-11 14:10:02,432.345,2021-02-11 13:06:47.662000,2021-02-11 13:14:00.007000,3.0,false,typical_of_property,cold,cloud,../data/prolific_output/run5_scalar_heat-group_scalar_heat/qu70-s_qu3-batch1.csv
qu70-s_qu3-batch1.csv-3,3,NOT AVAILABLE,NOT AVAILABLE,c86c92f5-934b-4073-b69b-aa1a3a830dc3,PROLIFIC,11-Feb-2021 14:17:18,1175,46627,af3e5eee-c7f4-4d68-88a8-996fb07112f8,``Cloud'' is one of the first things which come to mind when I hear ``cold' because (a/an) cloud is a typical example of things which are cold'. ,``Rainbow'' is one of the first things which come to mind when I hear ``colorful' because (a/an) rainbow is a typical example of things which are colorful'. ,``Dress'' is one of the first things which come to mind when I hear ``white' because (a/an) dress is a typical example of things which are white'. ,5_scalar_heat-set_extension_full_range,https://app.prolific.co/submissions/complete?cc=135DD3C8,Agree or disagree (run5_scalar_heat-set_extension_full_range-experiment_scalar-batch1-70-70),409650,44731a30-19f7-4d82-b7a9-1efb9b660be6,2021-02-11 14:17:18,1299.53,2021-02-11 13:03:43.109000,2021-02-11 13:25:22.639000,3.0,false,typical_of_property,cold,cloud,../data/prolific_output/run5_scalar_heat-group_scalar_heat/qu70-s_qu3-batch1.csv
qu70-s_qu3-batch1.csv-3,3,NOT AVAILABLE,NOT AVAILABLE,965f4ff2-bcc0-4ec5-91f4-5904025dc272,PROLIFIC,11-Feb-2021 14:54:06,1175,46627,af3e5eee-c7f4-4d68-88a8-996fb07112f8,``Cloud'' is one of the first things which come to mind when I hear ``cold' because (a/an) cloud is a typical example of things which are cold'. ,``Rainbow'' is one of the first things which come to mind when I hear ``colorful' because (a/an) rainbow is a typical example of things which are colorful'. ,``Dress'' is one of the first things which come to mind when I hear ``white' because (a/an) dress is a typical example of things which are white'. ,5_scalar_heat-set_extension_full_range,https://app.prolific.co/submissions/complete?cc=135DD3C8,Agree or disagree (run5_scalar_heat-set_extension_full_range-experiment_scalar-batch1-70-70),410302,fc82ddc2-ea6b-4b0a-8ceb-a5fb9ddc5e83,2021-02-11 14:54:06,285.593,2021-02-11 13:50:20.301000,2021-02-11 13:55:05.894000,3.0,true,typical_of_property,cold,cloud,../data/prolific_output/run5_scalar_heat-group_scalar_heat/qu70-s_qu3-batch1.csv
qu70-s_qu3-batch1.csv-3,3,NOT AVAILABLE,NOT AVAILABLE,34e021b9-d47d-4dd4-bc71-ddc5ab813ce2,PROLIFIC,11-Feb-2021 13:53:28,1175,46627,af3e5eee-c7f4-4d68-88a8-996fb07112f8,``Cloud'' is one of the first things which come to mind when I hear ``cold' because (a/an) cloud is a typical example of things which are cold'. ,``Rainbow'' is one of the first things which come to mind when I hear ``colorful' because (a/an) rainbow is a typical example of things which are colorful'. ,``Dress'' is one of the first things which come to mind when I hear ``white' because (a/an) dress is a typical example of things which are white'. ,5_scalar_heat-set_extension_full_range,https://app.prolific.co/submissions/complete?cc=135DD3C8,Agree or disagree (run5_scalar_heat-set_extension_full_range-experiment_scalar-batch1-70-70),408866,9997a7cf-cc95-4911-9a2e-acfd7c0ff773,2021-02-11 13:53:28,541.406,2021-02-11 12:51:21.531000,2021-02-11 13:00:22.937000,3.0,false,typical_of_property,cold,cloud,../data/prolific_output/run5_scalar_heat-group_scalar_heat/qu70-s_qu3-batch1.csv
qu70-s_qu3-batch1.csv-3,3,NOT AVAILABLE,NOT AVAILABLE,6d3579fa-979b-4f40-8e61-d17b09d60808,PROLIFIC,11-Feb-2021 14:29:14,1175,46627,af3e5eee-c7f4-4d68-88a8-996fb07112f8,``Cloud'' is one of the first things which come to mind when I hear ``cold' because (a/an) cloud is a typical example of things which are cold'. ,``Rainbow'' is one of the first things which come to mind when I hear ``colorful' because (a/an) rainbow is a typical example of things which are colorful'. ,``Dress'' is one of the first things which come to mind when I hear ``white' because (a/an) dress is a typical example of things which are white'. ,5_scalar_heat-set_extension_full_range,https://app.prolific.co/submissions/complete?cc=135DD3C8,Agree or disagree (run5_scalar_heat-set_extension_full_range-experiment_scalar-batch1-70-70),409897,13481e05-a226-479e-ae3e-40fab2f4817a,2021-02-11 14:29:14,1192.435,2021-02-11 13:22:48.051000,2021-02-11 13:42:40.486000,3.0,false,typical_of_property,cold,cloud,../data/prolific_output/run5_scalar_heat-group_scalar_heat/qu70-s_qu3-batch1.csv
qu70-s_qu3-batch1.csv-3,3,NOT AVAILABLE,NOT AVAILABLE,cdbc1fee-804e-441b-89d3-98ac0ac8ce4d,PROLIFIC,11-Feb-2021 13:45:42,1175,46627,af3e5eee-c7f4-4d68-88a8-996fb07112f8,``Cloud'' is one of the first things which come to mind when I hear ``cold' because (a/an) cloud is a typical example of things which are cold'. ,``Rainbow'' is one of the first things which come to mind when I hear ``colorful' because (a/an) rainbow is a typical example of things which are colorful'. ,``Dress'' is one of the first things which come to mind when I hear ``white' because (a/an) dress is a typical example of things which are white'. ,5_scalar_heat-set_extension_full_range,https://app.prolific.co/submissions/complete?cc=135DD3C8,Agree or disagree (run5_scalar_heat-set_extension_full_range-experiment_scalar-batch1-70-70),408701,a7c4d6de-d574-42d6-9df0-b705feb29eef,2021-02-11 13:45:42,397.434,2021-02-11 12:42:36.412000,2021-02-11 12:49:13.846000,4.0,false,typical_of_property,cold,cloud,../data/prolific_output/run5_scalar_heat-group_scalar_heat/qu70-s_qu3-batch1.csv
qu70-s_qu3-batch1.csv-3,3,NOT AVAILABLE,NOT AVAILABLE,3dad7290-5e89-4340-9c49-15454b8ca9bf,PROLIFIC,11-Feb-2021 15:22:56,1175,46627,af3e5eee-c7f4-4d68-88a8-996fb07112f8,``Cloud'' is one of the first things which come to mind when I hear ``cold' because (a/an) cloud is a typical example of things which are cold'. ,``Rainbow'' is one of the first things which come to mind when I hear ``colorful' because (a/an) rainbow is a typical example of things which are colorful'. ,``Dress'' is one of the first things which come to mind when I hear ``white' because (a/an) dress is a typical example of things which are white'. ,5_scalar_heat-set_extension_full_range,https://app.prolific.co/submissions/complete?cc=135DD3C8,Agree or disagree (run5_scalar_heat-set_extension_full_range-experiment_scalar-batch1-70-70),410578,ec75399b-51aa-486a-9766-f7a0670cfddb,2021-02-11 15:22:56,338.556,2021-02-11 14:20:14.112000,2021-02-11 14:25:52.668000,6.0,false,typical_of_property,cold,cloud,../data/prolific_output/run5_scalar_heat-group_scalar_heat/qu70-s_qu3-batch1.csv
qu70-s_qu3-batch1.csv-3,3,NOT AVAILABLE,NOT AVAILABLE,d2716620-0f6b-4985-8f7a-496de72c4edf,PROLIFIC,11-Feb-2021 14:17:58,1175,46628,e2363b18-2543-40c3-bbf1-d9e52962453f,I know that being cold is necessary for many things (a/an) cloud does or is used for. ,I know that being bright is necessary for many things (a/an) flashlight does or is used for. ,I know that being grey is necessary for many things (a/an) car does or is used for. ,5_scalar_heat-set_extension_full_range,https://app.prolific.co/submissions/complete?cc=135DD3C8,Agree or disagree (run5_scalar_heat-set_extension_full_range-experiment_scalar-batch1-70-70),409680,89ace506-77a2-4ac7-8320-c938e1656a27,2021-02-11 14:17:58,637.11,2021-02-11 13:12:57.882000,2021-02-11 13:23:34.992000,59.0,true,affording_activity,cold,cloud,../data/prolific_output/run5_scalar_heat-group_scalar_heat/qu70-s_qu3-batch1.csv
qu70-s_qu3-batch1.csv-3,3,NOT AVAILABLE,NOT AVAILABLE,dac5112b-e90f-43d3-81c2-3642f5b6e2f9,PROLIFIC,11-Feb-2021 14:09:59,1175,46628,e2363b18-2543-40c3-bbf1-d9e52962453f,I know that being cold is necessary for many things (a/an) cloud does or is used for. ,I know that being bright is necessary for many things (a/an) flashlight does or is used for. ,I know that being grey is necessary for many things (a/an) car does or is used for. ,5_scalar_heat-set_extension_full_range,https://app.prolific.co/submissions/complete?cc=135DD3C8,Agree or disagree (run5_scalar_heat-set_extension_full_range-experiment_scalar-batch1-70-70),409358,0ffdea5e-d528-47f1-b74c-95d5564995a9,2021-02-11 14:09:59,432.345,2021-02-11 13:06:47.662000,2021-02-11 13:14:00.007000,8.0,false,affording_activity,cold,cloud,../data/prolific_output/run5_scalar_heat-group_scalar_heat/qu70-s_qu3-batch1.csv
qu70-s_qu3-batch1.csv-3,3,NOT AVAILABLE,NOT AVAILABLE,c86c92f5-934b-4073-b69b-aa1a3a830dc3,PROLIFIC,11-Feb-2021 14:15:29,1175,46628,e2363b18-2543-40c3-bbf1-d9e52962453f,I know that being cold is necessary for many things (a/an) cloud does or is used for. ,I know that being bright is necessary for many things (a/an) flashlight does or is used for. ,I know that being grey is necessary for many things (a/an) car does or is used for. ,5_scalar_heat-set_extension_full_range,https://app.prolific.co/submissions/complete?cc=135DD3C8,Agree or disagree (run5_scalar_heat-set_extension_full_range-experiment_scalar-batch1-70-70),409562,efc674d6-174c-4e44-9b8c-15f0aa02daa3,2021-02-11 14:15:29,1299.53,2021-02-11 13:03:43.109000,2021-02-11 13:25:22.639000,6.0,false,affording_activity,cold,cloud,../data/prolific_output/run5_scalar_heat-group_scalar_heat/qu70-s_qu3-batch1.csv
qu70-s_qu3-batch1.csv-3,3,NOT AVAILABLE,NOT AVAILABLE,965f4ff2-bcc0-4ec5-91f4-5904025dc272,PROLIFIC,11-Feb-2021 14:52:48,1175,46628,e2363b18-2543-40c3-bbf1-d9e52962453f,I know that being cold is necessary for many things (a/an) cloud does or is used for. ,I know that being bright is necessary for many things (a/an) flashlight does or is used for. ,I know that being grey is necessary for many things (a/an) car does or is used for. ,5_scalar_heat-set_extension_full_range,https://app.prolific.co/submissions/complete?cc=135DD3C8,Agree or disagree (run5_scalar_heat-set_extension_full_range-experiment_scalar-batch1-70-70),410266,de73cf8c-39bb-46b0-a991-a8bb7d03c0b9,2021-02-11 14:52:48,285.593,2021-02-11 13:50:20.301000,2021-02-11 13:55:05.894000,5.0,true,affording_activity,cold,cloud,../data/prolific_output/run5_scalar_heat-group_scalar_heat/qu70-s_qu3-batch1.csv
qu70-s_qu3-batch1.csv-3,3,NOT AVAILABLE,NOT AVAILABLE,34e021b9-d47d-4dd4-bc71-ddc5ab813ce2,PROLIFIC,11-Feb-2021 13:58:36,1175,46628,e2363b18-2543-40c3-bbf1-d9e52962453f,I know that being cold is necessary for many things (a/an) cloud does or is used for. ,I know that being bright is necessary for many things (a/an) flashlight does or is used for. ,I know that being grey is necessary for many things (a/an) car does or is used for. ,5_scalar_heat-set_extension_full_range,https://app.prolific.co/submissions/complete?cc=135DD3C8,Agree or disagree (run5_scalar_heat-set_extension_full_range-experiment_scalar-batch1-70-70),409073,1ca9e9be-e329-49d0-a81c-4ba751b5a08a,2021-02-11 13:58:36,541.406,2021-02-11 12:51:21.531000,2021-02-11 13:00:22.937000,6.0,false,affording_activity,cold,cloud,../data/prolific_output/run5_scalar_heat-group_scalar_heat/qu70-s_qu3-batch1.csv
qu70-s_qu3-batch1.csv-3,3,NOT AVAILABLE,NOT AVAILABLE,6d3579fa-979b-4f40-8e61-d17b09d60808,PROLIFIC,11-Feb-2021 14:29:48,1175,46628,e2363b18-2543-40c3-bbf1-d9e52962453f,I know that being cold is necessary for many things (a/an) cloud does or is used for. ,I know that being bright is necessary for many things (a/an) flashlight does or is used for. ,I know that being grey is necessary for many things (a/an) car does or is used for. ,5_scalar_heat-set_extension_full_range,https://app.prolific.co/submissions/complete?cc=135DD3C8,Agree or disagree (run5_scalar_heat-set_extension_full_range-experiment_scalar-batch1-70-70),409920,6cc6a8e0-3abe-475b-bd05-bca37a7c099f,2021-02-11 14:29:48,1192.435,2021-02-11 13:22:48.051000,2021-02-11 13:42:40.486000,2.0,true,affording_activity,cold,cloud,../data/prolific_output/run5_scalar_heat-group_scalar_heat/qu70-s_qu3-batch1.csv
qu70-s_qu3-batch1.csv-3,3,NOT AVAILABLE,NOT AVAILABLE,cdbc1fee-804e-441b-89d3-98ac0ac8ce4d,PROLIFIC,11-Feb-2021 13:45:38,1175,46628,e2363b18-2543-40c3-bbf1-d9e52962453f,I know that being cold is necessary for many things (a/an) cloud does or is used for. ,I know that being bright is necessary for many things (a/an) flashlight does or is used for. ,I know that being grey is necessary for many things (a/an) car does or is used for. ,5_scalar_heat-set_extension_full_range,https://app.prolific.co/submissions/complete?cc=135DD3C8,Agree or disagree (run5_scalar_heat-set_extension_full_range-experiment_scalar-batch1-70-70),408699,bb562c38-59cc-4bb5-b1ea-95f3c1f3b8d7,2021-02-11 13:45:38,397.434,2021-02-11 12:42:36.412000,2021-02-11 12:49:13.846000,3.0,false,affording_activity,cold,cloud,../data/prolific_output/run5_scalar_heat-group_scalar_heat/qu70-s_qu3-batch1.csv
qu70-s_qu3-batch1.csv-3,3,NOT AVAILABLE,NOT AVAILABLE,3dad7290-5e89-4340-9c49-15454b8ca9bf,PROLIFIC,11-Feb-2021 15:21:04,1175,46628,e2363b18-2543-40c3-bbf1-d9e52962453f,I know that being cold is necessary for many things (a/an) cloud does or is used for. ,I know that being bright is necessary for many things (a/an) flashlight does or is used for. ,I know that being grey is necessary for many things (a/an) car does or is used for. ,5_scalar_heat-set_extension_full_range,https://app.prolific.co/submissions/complete?cc=135DD3C8,Agree or disagree (run5_scalar_heat-set_extension_full_range-experiment_scalar-batch1-70-70),410560,4dd07be0-4e60-4038-acaa-9a4c8980b159,2021-02-11 15:21:04,338.556,2021-02-11 14:20:14.112000,2021-02-11 14:25:52.668000,7.0,false,affording_activity,cold,cloud,../data/prolific_output/run5_scalar_heat-group_scalar_heat/qu70-s_qu3-batch1.csv
qu70-s_qu3-batch1.csv-3,3,NOT AVAILABLE,NOT AVAILABLE,d2716620-0f6b-4985-8f7a-496de72c4edf,PROLIFIC,11-Feb-2021 14:22:51,1175,46629,2558d243-914a-46d7-9af5-c9ce23851346,``Cold'' is one for the first things which come to mind when I hear ``cloud' because cold is one of the typical temperatures of (a/an) cloud'.,``Bitter'' is one for the first things which come to mind when I hear ``coffee' because bitter is one of the typical tastes of (a/an) coffee'.,``Salty'' is one for the first things which come to mind when I hear ``beer' because salty is one of the typical tastes of (a/an) beer'.,5_scalar_heat-set_extension_full_range,https://app.prolific.co/submissions/complete?cc=135DD3C8,Agree or disagree (run5_scalar_heat-set_extension_full_range-experiment_scalar-batch1-70-70),409812,21922313-12a7-4d01-89a9-9a955bf4f10f,2021-02-11 14:22:51,637.11,2021-02-11 13:12:57.882000,2021-02-11 13:23:34.992000,6.0,false,typical_of_concept,cold,cloud,../data/prolific_output/run5_scalar_heat-group_scalar_heat/qu70-s_qu3-batch1.csv
qu70-s_qu3-batch1.csv-3,3,NOT AVAILABLE,NOT AVAILABLE,dac5112b-e90f-43d3-81c2-3642f5b6e2f9,PROLIFIC,11-Feb-2021 14:12:27,1175,46629,2558d243-914a-46d7-9af5-c9ce23851346,``Cold'' is one for the first things which come to mind when I hear ``cloud' because cold is one of the typical temperatures of (a/an) cloud'.,``Bitter'' is one for the first things which come to mind when I hear ``coffee' because bitter is one of the typical tastes of (a/an) coffee'.,``Salty'' is one for the first things which come to mind when I hear ``beer' because salty is one of the typical tastes of (a/an) beer'.,5_scalar_heat-set_extension_full_range,https://app.prolific.co/submissions/complete?cc=135DD3C8,Agree or disagree (run5_scalar_heat-set_extension_full_range-experiment_scalar-batch1-70-70),409440,9fc1b207-1bf9-4df2-8e19-80f570cf2b1b,2021-02-11 14:12:27,432.345,2021-02-11 13:06:47.662000,2021-02-11 13:14:00.007000,17.0,false,typical_of_concept,cold,cloud,../data/prolific_output/run5_scalar_heat-group_scalar_heat/qu70-s_qu3-batch1.csv
qu70-s_qu3-batch1.csv-3,3,NOT AVAILABLE,NOT AVAILABLE,c86c92f5-934b-4073-b69b-aa1a3a830dc3,PROLIFIC,11-Feb-2021 14:20:55,1175,46629,2558d243-914a-46d7-9af5-c9ce23851346,``Cold'' is one for the first things which come to mind when I hear ``cloud' because cold is one of the typical temperatures of (a/an) cloud'.,``Bitter'' is one for the first things which come to mind when I hear ``coffee' because bitter is one of the typical tastes of (a/an) coffee'.,``Salty'' is one for the first things which come to mind when I hear ``beer' because salty is one of the typical tastes of (a/an) beer'.,5_scalar_heat-set_extension_full_range,https://app.prolific.co/submissions/complete?cc=135DD3C8,Agree or disagree (run5_scalar_heat-set_extension_full_range-experiment_scalar-batch1-70-70),409789,89092708-1d34-4686-bdaf-9b9984f9dd69,2021-02-11 14:20:55,1299.53,2021-02-11 13:03:43.109000,2021-02-11 13:25:22.639000,4.0,false,typical_of_concept,cold,cloud,../data/prolific_output/run5_scalar_heat-group_scalar_heat/qu70-s_qu3-batch1.csv
qu70-s_qu3-batch1.csv-3,3,NOT AVAILABLE,NOT AVAILABLE,965f4ff2-bcc0-4ec5-91f4-5904025dc272,PROLIFIC,11-Feb-2021 14:52:53,1175,46629,2558d243-914a-46d7-9af5-c9ce23851346,``Cold'' is one for the first things which come to mind when I hear ``cloud' because cold is one of the typical temperatures of (a/an) cloud'.,``Bitter'' is one for the first things which come to mind when I hear ``coffee' because bitter is one of the typical tastes of (a/an) coffee'.,``Salty'' is one for the first things which come to mind when I hear ``beer' because salty is one of the typical tastes of (a/an) beer'.,5_scalar_heat-set_extension_full_range,https://app.prolific.co/submissions/complete?cc=135DD3C8,Agree or disagree (run5_scalar_heat-set_extension_full_range-experiment_scalar-batch1-70-70),410268,42cb5f7d-3e3c-4b27-86f6-d6c72eae1432,2021-02-11 14:52:53,285.593,2021-02-11 13:50:20.301000,2021-02-11 13:55:05.894000,3.0,true,typical_of_concept,cold,cloud,../data/prolific_output/run5_scalar_heat-group_scalar_heat/qu70-s_qu3-batch1.csv
qu70-s_qu3-batch1.csv-3,3,NOT AVAILABLE,NOT AVAILABLE,34e021b9-d47d-4dd4-bc71-ddc5ab813ce2,PROLIFIC,11-Feb-2021 13:57:26,1175,46629,2558d243-914a-46d7-9af5-c9ce23851346,``Cold'' is one for the first things which come to mind when I hear ``cloud' because cold is one of the typical temperatures of (a/an) cloud'.,``Bitter'' is one for the first things which come to mind when I hear ``coffee' because bitter is one of the typical tastes of (a/an) coffee'.,``Salty'' is one for the first things which come to mind when I hear ``beer' because salty is one of the typical tastes of (a/an) beer'.,5_scalar_heat-set_extension_full_range,https://app.prolific.co/submissions/complete?cc=135DD3C8,Agree or disagree (run5_scalar_heat-set_extension_full_range-experiment_scalar-batch1-70-70),409024,b57b9596-56e1-4a2f-afed-3caaafc143f5,2021-02-11 13:57:26,541.406,2021-02-11 12:51:21.531000,2021-02-11 13:00:22.937000,6.0,false,typical_of_concept,cold,cloud,../data/prolific_output/run5_scalar_heat-group_scalar_heat/qu70-s_qu3-batch1.csv
qu70-s_qu3-batch1.csv-3,3,NOT AVAILABLE,NOT AVAILABLE,6d3579fa-979b-4f40-8e61-d17b09d60808,PROLIFIC,11-Feb-2021 14:35:20,1175,46629,2558d243-914a-46d7-9af5-c9ce23851346,``Cold'' is one for the first things which come to mind when I hear ``cloud' because cold is one of the typical temperatures of (a/an) cloud'.,``Bitter'' is one for the first things which come to mind when I hear ``coffee' because bitter is one of the typical tastes of (a/an) coffee'.,``Salty'' is one for the first things which come to mind when I hear ``beer' because salty is one of the typical tastes of (a/an) beer'.,5_scalar_heat-set_extension_full_range,https://app.prolific.co/submissions/complete?cc=135DD3C8,Agree or disagree (run5_scalar_heat-set_extension_full_range-experiment_scalar-batch1-70-70),410052,cdb0efaf-3a6a-458b-b6cf-a935221de673,2021-02-11 14:35:20,1192.435,2021-02-11 13:22:48.051000,2021-02-11 13:42:40.486000,190.0,true,typical_of_concept,cold,cloud,../data/prolific_output/run5_scalar_heat-group_scalar_heat/qu70-s_qu3-batch1.csv
qu70-s_qu3-batch1.csv-3,3,NOT AVAILABLE,NOT AVAILABLE,cdbc1fee-804e-441b-89d3-98ac0ac8ce4d,PROLIFIC,11-Feb-2021 13:48:58,1175,46629,2558d243-914a-46d7-9af5-c9ce23851346,``Cold'' is one for the first things which come to mind when I hear ``cloud' because cold is one of the typical temperatures of (a/an) cloud'.,``Bitter'' is one for the first things which come to mind when I hear ``coffee' because bitter is one of the typical tastes of (a/an) coffee'.,``Salty'' is one for the first things which come to mind when I hear ``beer' because salty is one of the typical tastes of (a/an) beer'.,5_scalar_heat-set_extension_full_range,https://app.prolific.co/submissions/complete?cc=135DD3C8,Agree or disagree (run5_scalar_heat-set_extension_full_range-experiment_scalar-batch1-70-70),408747,d9288c55-811e-498c-9444-462973730b6c,2021-02-11 13:48:58,397.434,2021-02-11 12:42:36.412000,2021-02-11 12:49:13.846000,4.0,false,typical_of_concept,cold,cloud,../data/prolific_output/run5_scalar_heat-group_scalar_heat/qu70-s_qu3-batch1.csv
qu70-s_qu3-batch1.csv-3,3,NOT AVAILABLE,NOT AVAILABLE,3dad7290-5e89-4340-9c49-15454b8ca9bf,PROLIFIC,11-Feb-2021 15:24:46,1175,46629,2558d243-914a-46d7-9af5-c9ce23851346,``Cold'' is one for the first things which come to mind when I hear ``cloud' because cold is one of the typical temperatures of (a/an) cloud'.,``Bitter'' is one for the first things which come to mind when I hear ``coffee' because bitter is one of the typical tastes of (a/an) coffee'.,``Salty'' is one for the first things which come to mind when I hear ``beer' because salty is one of the typical tastes of (a/an) beer'.,5_scalar_heat-set_extension_full_range,https://app.prolific.co/submissions/complete?cc=135DD3C8,Agree or disagree (run5_scalar_heat-set_extension_full_range-experiment_scalar-batch1-70-70),410603,520700cf-630a-4d76-8982-d3b3036a9e89,2021-02-11 15:24:46,338.556,2021-02-11 14:20:14.112000,2021-02-11 14:25:52.668000,5.0,false,typical_of_concept,cold,cloud,../data/prolific_output/run5_scalar_heat-group_scalar_heat/qu70-s_qu3-batch1.csv
qu70-s_qu3-batch1.csv-3,3,NOT AVAILABLE,NOT AVAILABLE,d2716620-0f6b-4985-8f7a-496de72c4edf,PROLIFIC,11-Feb-2021 14:23:24,1175,46630,25ad5ccb-e881-46b4-8c44-c5346fd6a124,"Usually, (a/an) cloud is not cold, but there could be a highly unusual situation in which (a/an) cloud is cold.","Usually, (a/an) clock is not melting, but there could be a highly unusual situation in which (a/an) clock is melting.","Usually, (a/an) ice cream is not melting, but there could be a highly unusual situation in which (a/an) ice cream is melting.",5_scalar_heat-set_extension_full_range,https://app.prolific.co/submissions/complete?cc=135DD3C8,Agree or disagree (run5_scalar_heat-set_extension_full_range-experiment_scalar-batch1-70-70),409823,31019d83-5ffa-479f-8164-ee1c697cf61c,2021-02-11 14:23:24,637.11,2021-02-11 13:12:57.882000,2021-02-11 13:23:34.992000,7.0,false,unusual,cold,cloud,../data/prolific_output/run5_scalar_heat-group_scalar_heat/qu70-s_qu3-batch1.csv
qu70-s_qu3-batch1.csv-3,3,NOT AVAILABLE,NOT AVAILABLE,dac5112b-e90f-43d3-81c2-3642f5b6e2f9,PROLIFIC,11-Feb-2021 14:09:15,1175,46630,25ad5ccb-e881-46b4-8c44-c5346fd6a124,"Usually, (a/an) cloud is not cold, but there could be a highly unusual situation in which (a/an) cloud is cold.","Usually, (a/an) clock is not melting, but there could be a highly unusual situation in which (a/an) clock is melting.","Usually, (a/an) ice cream is not melting, but there could be a highly unusual situation in which (a/an) ice cream is melting.",5_scalar_heat-set_extension_full_range,https://app.prolific.co/submissions/complete?cc=135DD3C8,Agree or disagree (run5_scalar_heat-set_extension_full_range-experiment_scalar-batch1-70-70),409320,6b1f0fd0-b3d6-44fd-a5d2-d2e93cf93268,2021-02-11 14:09:15,432.345,2021-02-11 13:06:47.662000,2021-02-11 13:14:00.007000,4.0,false,unusual,cold,cloud,../data/prolific_output/run5_scalar_heat-group_scalar_heat/qu70-s_qu3-batch1.csv
qu70-s_qu3-batch1.csv-3,3,NOT AVAILABLE,NOT AVAILABLE,c86c92f5-934b-4073-b69b-aa1a3a830dc3,PROLIFIC,11-Feb-2021 14:22:51,1175,46630,25ad5ccb-e881-46b4-8c44-c5346fd6a124,"Usually, (a/an) cloud is not cold, but there could be a highly unusual situation in which (a/an) cloud is cold.","Usually, (a/an) clock is not melting, but there could be a highly unusual situation in which (a/an) clock is melting.","Usually, (a/an) ice cream is not melting, but there could be a highly unusual situation in which (a/an) ice cream is melting.",5_scalar_heat-set_extension_full_range,https://app.prolific.co/submissions/complete?cc=135DD3C8,Agree or disagree (run5_scalar_heat-set_extension_full_range-experiment_scalar-batch1-70-70),409813,ada47a0c-b039-45bf-91c3-d571414bc74e,2021-02-11 14:22:51,1299.53,2021-02-11 13:03:43.109000,2021-02-11 13:25:22.639000,4.0,false,unusual,cold,cloud,../data/prolific_output/run5_scalar_heat-group_scalar_heat/qu70-s_qu3-batch1.csv
qu70-s_qu3-batch1.csv-3,3,NOT AVAILABLE,NOT AVAILABLE,965f4ff2-bcc0-4ec5-91f4-5904025dc272,PROLIFIC,11-Feb-2021 14:52:25,1175,46630,25ad5ccb-e881-46b4-8c44-c5346fd6a124,"Usually, (a/an) cloud is not cold, but there could be a highly unusual situation in which (a/an) cloud is cold.","Usually, (a/an) clock is not melting, but there could be a highly unusual situation in which (a/an) clock is melting.","Usually, (a/an) ice cream is not melting, but there could be a highly unusual situation in which (a/an) ice cream is melting.",5_scalar_heat-set_extension_full_range,https://app.prolific.co/submissions/complete?cc=135DD3C8,Agree or disagree (run5_scalar_heat-set_extension_full_range-experiment_scalar-batch1-70-70),410258,7e3e26f5-c83c-49f7-a132-4347058326f6,2021-02-11 14:52:25,285.593,2021-02-11 13:50:20.301000,2021-02-11 13:55:05.894000,4.0,false,unusual,cold,cloud,../data/prolific_output/run5_scalar_heat-group_scalar_heat/qu70-s_qu3-batch1.csv
qu70-s_qu3-batch1.csv-3,3,NOT AVAILABLE,NOT AVAILABLE,34e021b9-d47d-4dd4-bc71-ddc5ab813ce2,PROLIFIC,11-Feb-2021 13:53:37,1175,46630,25ad5ccb-e881-46b4-8c44-c5346fd6a124,"Usually, (a/an) cloud is not cold, but there could be a highly unusual situation in which (a/an) cloud is cold.","Usually, (a/an) clock is not melting, but there could be a highly unusual situation in which (a/an) clock is melting.","Usually, (a/an) ice cream is not melting, but there could be a highly unusual situation in which (a/an) ice cream is melting.",5_scalar_heat-set_extension_full_range,https://app.prolific.co/submissions/complete?cc=135DD3C8,Agree or disagree (run5_scalar_heat-set_extension_full_range-experiment_scalar-batch1-70-70),408874,ffb1e0cc-498f-4a24-9d02-e9f01f9504f5,2021-02-11 13:53:37,541.406,2021-02-11 12:51:21.531000,2021-02-11 13:00:22.937000,5.0,false,unusual,cold,cloud,../data/prolific_output/run5_scalar_heat-group_scalar_heat/qu70-s_qu3-batch1.csv
qu70-s_qu3-batch1.csv-3,3,NOT AVAILABLE,NOT AVAILABLE,6d3579fa-979b-4f40-8e61-d17b09d60808,PROLIFIC,11-Feb-2021 14:32:00,1175,46630,25ad5ccb-e881-46b4-8c44-c5346fd6a124,"Usually, (a/an) cloud is not cold, but there could be a highly unusual situation in which (a/an) cloud is cold.","Usually, (a/an) clock is not melting, but there could be a highly unusual situation in which (a/an) clock is melting.","Usually, (a/an) ice cream is not melting, but there could be a highly unusual situation in which (a/an) ice cream is melting.",5_scalar_heat-set_extension_full_range,https://app.prolific.co/submissions/complete?cc=135DD3C8,Agree or disagree (run5_scalar_heat-set_extension_full_range-experiment_scalar-batch1-70-70),409966,fcec92af-2b7c-4405-aad6-21a93a4bbc4f,2021-02-11 14:32:00,1192.435,2021-02-11 13:22:48.051000,2021-02-11 13:42:40.486000,1.0,false,unusual,cold,cloud,../data/prolific_output/run5_scalar_heat-group_scalar_heat/qu70-s_qu3-batch1.csv
qu70-s_qu3-batch1.csv-3,3,NOT AVAILABLE,NOT AVAILABLE,cdbc1fee-804e-441b-89d3-98ac0ac8ce4d,PROLIFIC,11-Feb-2021 13:47:57,1175,46630,25ad5ccb-e881-46b4-8c44-c5346fd6a124,"Usually, (a/an) cloud is not cold, but there could be a highly unusual situation in which (a/an) cloud is cold.","Usually, (a/an) clock is not melting, but there could be a highly unusual situation in which (a/an) clock is melting.","Usually, (a/an) ice cream is not melting, but there could be a highly unusual situation in which (a/an) ice cream is melting.",5_scalar_heat-set_extension_full_range,https://app.prolific.co/submissions/complete?cc=135DD3C8,Agree or disagree (run5_scalar_heat-set_extension_full_range-experiment_scalar-batch1-70-70),408728,222fef9a-b8e0-4c81-9d52-1cae60a53004,2021-02-11 13:47:57,397.434,2021-02-11 12:42:36.412000,2021-02-11 12:49:13.846000,33.0,false,unusual,cold,cloud,../data/prolific_output/run5_scalar_heat-group_scalar_heat/qu70-s_qu3-batch1.csv
qu70-s_qu3-batch1.csv-3,3,NOT AVAILABLE,NOT AVAILABLE,3dad7290-5e89-4340-9c49-15454b8ca9bf,PROLIFIC,11-Feb-2021 15:24:53,1175,46630,25ad5ccb-e881-46b4-8c44-c5346fd6a124,"Usually, (a/an) cloud is not cold, but there could be a highly unusual situation in which (a/an) cloud is cold.","Usually, (a/an) clock is not melting, but there could be a highly unusual situation in which (a/an) clock is melting.","Usually, (a/an) ice cream is not melting, but there could be a highly unusual situation in which (a/an) ice cream is melting.",5_scalar_heat-set_extension_full_range,https://app.prolific.co/submissions/complete?cc=135DD3C8,Agree or disagree (run5_scalar_heat-set_extension_full_range-experiment_scalar-batch1-70-70),410605,b95a335f-675c-4624-878b-d8c4cbf352cf,2021-02-11 15:24:53,338.556,2021-02-11 14:20:14.112000,2021-02-11 14:25:52.668000,4.0,false,unusual,cold,cloud,../data/prolific_output/run5_scalar_heat-group_scalar_heat/qu70-s_qu3-batch1.csv
qu70-s_qu3-batch1.csv-3,3,NOT AVAILABLE,NOT AVAILABLE,d2716620-0f6b-4985-8f7a-496de72c4edf,PROLIFIC,11-Feb-2021 14:21:34,1175,46631,fb65cffe-6186-4f7e-81db-5af97b1982a8,You can find (a/an) cloud which is cold. (A/an) cloud is usually either cold or not cold. It cannot be a bit more or less cold.,You can find (a/an) pea which is frozen. (A/an) pea is usually either frozen or not frozen. It cannot be a bit more or less frozen.,You can find (a/an) soup which is salty. (A/an) soup is usually either salty or not salty. It cannot be a bit more or less salty.,5_scalar_heat-set_extension_full_range,https://app.prolific.co/submissions/complete?cc=135DD3C8,Agree or disagree (run5_scalar_heat-set_extension_full_range-experiment_scalar-batch1-70-70),409798,d7505888-9ad6-4cbe-a346-2700ffbc446f,2021-02-11 14:21:34,637.11,2021-02-11 13:12:57.882000,2021-02-11 13:23:34.992000,12.0,false,variability_limited,cold,cloud,../data/prolific_output/run5_scalar_heat-group_scalar_heat/qu70-s_qu3-batch1.csv
qu70-s_qu3-batch1.csv-3,3,NOT AVAILABLE,NOT AVAILABLE,dac5112b-e90f-43d3-81c2-3642f5b6e2f9,PROLIFIC,11-Feb-2021 14:13:02,1175,46631,fb65cffe-6186-4f7e-81db-5af97b1982a8,You can find (a/an) cloud which is cold. (A/an) cloud is usually either cold or not cold. It cannot be a bit more or less cold.,You can find (a/an) pea which is frozen. (A/an) pea is usually either frozen or not frozen. It cannot be a bit more or less frozen.,You can find (a/an) soup which is salty. (A/an) soup is usually either salty or not salty. It cannot be a bit more or less salty.,5_scalar_heat-set_extension_full_range,https://app.prolific.co/submissions/complete?cc=135DD3C8,Agree or disagree (run5_scalar_heat-set_extension_full_range-experiment_scalar-batch1-70-70),409466,61d9afed-fb08-4ef9-aa4b-045e0c5308f3,2021-02-11 14:13:02,432.345,2021-02-11 13:06:47.662000,2021-02-11 13:14:00.007000,3.0,false,variability_limited,cold,cloud,../data/prolific_output/run5_scalar_heat-group_scalar_heat/qu70-s_qu3-batch1.csv
qu70-s_qu3-batch1.csv-3,3,NOT AVAILABLE,NOT AVAILABLE,c86c92f5-934b-4073-b69b-aa1a3a830dc3,PROLIFIC,11-Feb-2021 14:14:01,1175,46631,fb65cffe-6186-4f7e-81db-5af97b1982a8,You can find (a/an) cloud which is cold. (A/an) cloud is usually either cold or not cold. It cannot be a bit more or less cold.,You can find (a/an) pea which is frozen. (A/an) pea is usually either frozen or not frozen. It cannot be a bit more or less frozen.,You can find (a/an) soup which is salty. (A/an) soup is usually either salty or not salty. It cannot be a bit more or less salty.,5_scalar_heat-set_extension_full_range,https://app.prolific.co/submissions/complete?cc=135DD3C8,Agree or disagree (run5_scalar_heat-set_extension_full_range-experiment_scalar-batch1-70-70),409491,8c3c57a4-778b-4257-9355-90df1d914468,2021-02-11 14:14:01,1299.53,2021-02-11 13:03:43.109000,2021-02-11 13:25:22.639000,5.0,false,variability_limited,cold,cloud,../data/prolific_output/run5_scalar_heat-group_scalar_heat/qu70-s_qu3-batch1.csv
qu70-s_qu3-batch1.csv-3,3,NOT AVAILABLE,NOT AVAILABLE,965f4ff2-bcc0-4ec5-91f4-5904025dc272,PROLIFIC,11-Feb-2021 14:54:55,1175,46631,fb65cffe-6186-4f7e-81db-5af97b1982a8,You can find (a/an) cloud which is cold. (A/an) cloud is usually either cold or not cold. It cannot be a bit more or less cold.,You can find (a/an) pea which is frozen. (A/an) pea is usually either frozen or not frozen. It cannot be a bit more or less frozen.,You can find (a/an) soup which is salty. (A/an) soup is usually either salty or not salty. It cannot be a bit more or less salty.,5_scalar_heat-set_extension_full_range,https://app.prolific.co/submissions/complete?cc=135DD3C8,Agree or disagree (run5_scalar_heat-set_extension_full_range-experiment_scalar-batch1-70-70),410342,d38c1398-5938-4475-9dd7-e64dd91245fb,2021-02-11 14:54:55,285.593,2021-02-11 13:50:20.301000,2021-02-11 13:55:05.894000,4.0,false,variability_limited,cold,cloud,../data/prolific_output/run5_scalar_heat-group_scalar_heat/qu70-s_qu3-batch1.csv
qu70-s_qu3-batch1.csv-3,3,NOT AVAILABLE,NOT AVAILABLE,34e021b9-d47d-4dd4-bc71-ddc5ab813ce2,PROLIFIC,11-Feb-2021 13:54:20,1175,46631,fb65cffe-6186-4f7e-81db-5af97b1982a8,You can find (a/an) cloud which is cold. (A/an) cloud is usually either cold or not cold. It cannot be a bit more or less cold.,You can find (a/an) pea which is frozen. (A/an) pea is usually either frozen or not frozen. It cannot be a bit more or less frozen.,You can find (a/an) soup which is salty. (A/an) soup is usually either salty or not salty. It cannot be a bit more or less salty.,5_scalar_heat-set_extension_full_range,https://app.prolific.co/submissions/complete?cc=135DD3C8,Agree or disagree (run5_scalar_heat-set_extension_full_range-experiment_scalar-batch1-70-70),408900,1287c7a9-fd67-4b7e-a977-f4ac9eb7daba,2021-02-11 13:54:20,541.406,2021-02-11 12:51:21.531000,2021-02-11 13:00:22.937000,5.0,false,variability_limited,cold,cloud,../data/prolific_output/run5_scalar_heat-group_scalar_heat/qu70-s_qu3-batch1.csv
qu70-s_qu3-batch1.csv-3,3,NOT AVAILABLE,NOT AVAILABLE,6d3579fa-979b-4f40-8e61-d17b09d60808,PROLIFIC,11-Feb-2021 14:29:37,1175,46631,fb65cffe-6186-4f7e-81db-5af97b1982a8,You can find (a/an) cloud which is cold. (A/an) cloud is usually either cold or not cold. It cannot be a bit more or less cold.,You can find (a/an) pea which is frozen. (A/an) pea is usually either frozen or not frozen. It cannot be a bit more or less frozen.,You can find (a/an) soup which is salty. (A/an) soup is usually either salty or not salty. It cannot be a bit more or less salty.,5_scalar_heat-set_extension_full_range,https://app.prolific.co/submissions/complete?cc=135DD3C8,Agree or disagree (run5_scalar_heat-set_extension_full_range-experiment_scalar-batch1-70-70),409914,56bb0ec1-d7c0-4d2f-b688-031ac129beab,2021-02-11 14:29:37,1192.435,2021-02-11 13:22:48.051000,2021-02-11 13:42:40.486000,5.0,false,variability_limited,cold,cloud,../data/prolific_output/run5_scalar_heat-group_scalar_heat/qu70-s_qu3-batch1.csv
qu70-s_qu3-batch1.csv-3,3,NOT AVAILABLE,NOT AVAILABLE,cdbc1fee-804e-441b-89d3-98ac0ac8ce4d,PROLIFIC,11-Feb-2021 13:44:16,1175,46631,fb65cffe-6186-4f7e-81db-5af97b1982a8,You can find (a/an) cloud which is cold. (A/an) cloud is usually either cold or not cold. It cannot be a bit more or less cold.,You can find (a/an) pea which is frozen. (A/an) pea is usually either frozen or not frozen. It cannot be a bit more or less frozen.,You can find (a/an) soup which is salty. (A/an) soup is usually either salty or not salty. It cannot be a bit more or less salty.,5_scalar_heat-set_extension_full_range,https://app.prolific.co/submissions/complete?cc=135DD3C8,Agree or disagree (run5_scalar_heat-set_extension_full_range-experiment_scalar-batch1-70-70),408667,e1ab8068-9d90-4a1b-a084-a418605f8bba,2021-02-11 13:44:16,397.434,2021-02-11 12:42:36.412000,2021-02-11 12:49:13.846000,18.0,false,variability_limited,cold,cloud,../data/prolific_output/run5_scalar_heat-group_scalar_heat/qu70-s_qu3-batch1.csv
qu70-s_qu3-batch1.csv-3,3,NOT AVAILABLE,NOT AVAILABLE,3dad7290-5e89-4340-9c49-15454b8ca9bf,PROLIFIC,11-Feb-2021 15:23:26,1175,46631,fb65cffe-6186-4f7e-81db-5af97b1982a8,You can find (a/an) cloud which is cold. (A/an) cloud is usually either cold or not cold. It cannot be a bit more or less cold.,You can find (a/an) pea which is frozen. (A/an) pea is usually either frozen or not frozen. It cannot be a bit more or less frozen.,You can find (a/an) soup which is salty. (A/an) soup is usually either salty or not salty. It cannot be a bit more or less salty.,5_scalar_heat-set_extension_full_range,https://app.prolific.co/submissions/complete?cc=135DD3C8,Agree or disagree (run5_scalar_heat-set_extension_full_range-experiment_scalar-batch1-70-70),410585,d972b6c2-1886-475e-bbfc-dc470d0f2963,2021-02-11 15:23:26,338.556,2021-02-11 14:20:14.112000,2021-02-11 14:25:52.668000,9.0,false,variability_limited,cold,cloud,../data/prolific_output/run5_scalar_heat-group_scalar_heat/qu70-s_qu3-batch1.csv
qu70-s_qu3-batch1.csv-3,3,NOT AVAILABLE,NOT AVAILABLE,d2716620-0f6b-4985-8f7a-496de72c4edf,PROLIFIC,11-Feb-2021 14:16:54,1175,46632,751227e1-7aeb-48d9-b296-b9a5211e078c,I know that (a/an) cloud is cold as most or all other things similar to (a/an) cloud are cold. ,I know that (a/an) merlot is alcoholic as most or all other things similar to (a/an) merlot are alcoholic. ,I know that (a/an) lemonade is alcoholic as most or all other things similar to (a/an) lemonade are alcoholic. ,5_scalar_heat-set_extension_full_range,https://app.prolific.co/submissions/complete?cc=135DD3C8,Agree or disagree (run5_scalar_heat-set_extension_full_range-experiment_scalar-batch1-70-70),409633,9c12389f-a66c-4917-9414-8aa1d14f2cbb,2021-02-11 14:16:54,637.11,2021-02-11 13:12:57.882000,2021-02-11 13:23:34.992000,8.0,false,implied_category,cold,cloud,../data/prolific_output/run5_scalar_heat-group_scalar_heat/qu70-s_qu3-batch1.csv
qu70-s_qu3-batch1.csv-3,3,NOT AVAILABLE,NOT AVAILABLE,dac5112b-e90f-43d3-81c2-3642f5b6e2f9,PROLIFIC,11-Feb-2021 14:09:08,1175,46632,751227e1-7aeb-48d9-b296-b9a5211e078c,I know that (a/an) cloud is cold as most or all other things similar to (a/an) cloud are cold. ,I know that (a/an) merlot is alcoholic as most or all other things similar to (a/an) merlot are alcoholic. ,I know that (a/an) lemonade is alcoholic as most or all other things similar to (a/an) lemonade are alcoholic. ,5_scalar_heat-set_extension_full_range,https://app.prolific.co/submissions/complete?cc=135DD3C8,Agree or disagree (run5_scalar_heat-set_extension_full_range-experiment_scalar-batch1-70-70),409316,40595de8-f962-43b8-b59d-adc15925576f,2021-02-11 14:09:08,432.345,2021-02-11 13:06:47.662000,2021-02-11 13:14:00.007000,20.0,false,implied_category,cold,cloud,../data/prolific_output/run5_scalar_heat-group_scalar_heat/qu70-s_qu3-batch1.csv
qu70-s_qu3-batch1.csv-3,3,NOT AVAILABLE,NOT AVAILABLE,c86c92f5-934b-4073-b69b-aa1a3a830dc3,PROLIFIC,11-Feb-2021 14:14:08,1175,46632,751227e1-7aeb-48d9-b296-b9a5211e078c,I know that (a/an) cloud is cold as most or all other things similar to (a/an) cloud are cold. ,I know that (a/an) merlot is alcoholic as most or all other things similar to (a/an) merlot are alcoholic. ,I know that (a/an) lemonade is alcoholic as most or all other things similar to (a/an) lemonade are alcoholic. ,5_scalar_heat-set_extension_full_range,https://app.prolific.co/submissions/complete?cc=135DD3C8,Agree or disagree (run5_scalar_heat-set_extension_full_range-experiment_scalar-batch1-70-70),409497,b9e47377-f7c9-4f4d-98e2-c460f0ea7f36,2021-02-11 14:14:08,1299.53,2021-02-11 13:03:43.109000,2021-02-11 13:25:22.639000,4.0,false,implied_category,cold,cloud,../data/prolific_output/run5_scalar_heat-group_scalar_heat/qu70-s_qu3-batch1.csv
qu70-s_qu3-batch1.csv-3,3,NOT AVAILABLE,NOT AVAILABLE,965f4ff2-bcc0-4ec5-91f4-5904025dc272,PROLIFIC,11-Feb-2021 14:53:31,1175,46632,751227e1-7aeb-48d9-b296-b9a5211e078c,I know that (a/an) cloud is cold as most or all other things similar to (a/an) cloud are cold. ,I know that (a/an) merlot is alcoholic as most or all other things similar to (a/an) merlot are alcoholic. ,I know that (a/an) lemonade is alcoholic as most or all other things similar to (a/an) lemonade are alcoholic. ,5_scalar_heat-set_extension_full_range,https://app.prolific.co/submissions/complete?cc=135DD3C8,Agree or disagree (run5_scalar_heat-set_extension_full_range-experiment_scalar-batch1-70-70),410285,f3f3b369-5347-4961-8f93-91f263d9882b,2021-02-11 14:53:31,285.593,2021-02-11 13:50:20.301000,2021-02-11 13:55:05.894000,3.0,false,implied_category,cold,cloud,../data/prolific_output/run5_scalar_heat-group_scalar_heat/qu70-s_qu3-batch1.csv
qu70-s_qu3-batch1.csv-3,3,NOT AVAILABLE,NOT AVAILABLE,34e021b9-d47d-4dd4-bc71-ddc5ab813ce2,PROLIFIC,11-Feb-2021 13:57:43,1175,46632,751227e1-7aeb-48d9-b296-b9a5211e078c,I know that (a/an) cloud is cold as most or all other things similar to (a/an) cloud are cold. ,I know that (a/an) merlot is alcoholic as most or all other things similar to (a/an) merlot are alcoholic. ,I know that (a/an) lemonade is alcoholic as most or all other things similar to (a/an) lemonade are alcoholic. ,5_scalar_heat-set_extension_full_range,https://app.prolific.co/submissions/complete?cc=135DD3C8,Agree or disagree (run5_scalar_heat-set_extension_full_range-experiment_scalar-batch1-70-70),409036,795df253-cd4b-4c5a-8ae7-82fbbe50f148,2021-02-11 13:57:43,541.406,2021-02-11 12:51:21.531000,2021-02-11 13:00:22.937000,3.0,false,implied_category,cold,cloud,../data/prolific_output/run5_scalar_heat-group_scalar_heat/qu70-s_qu3-batch1.csv
qu70-s_qu3-batch1.csv-3,3,NOT AVAILABLE,NOT AVAILABLE,6d3579fa-979b-4f40-8e61-d17b09d60808,PROLIFIC,11-Feb-2021 14:24:08,1175,46632,751227e1-7aeb-48d9-b296-b9a5211e078c,I know that (a/an) cloud is cold as most or all other things similar to (a/an) cloud are cold. ,I know that (a/an) merlot is alcoholic as most or all other things similar to (a/an) merlot are alcoholic. ,I know that (a/an) lemonade is alcoholic as most or all other things similar to (a/an) lemonade are alcoholic. ,5_scalar_heat-set_extension_full_range,https://app.prolific.co/submissions/complete?cc=135DD3C8,Agree or disagree (run5_scalar_heat-set_extension_full_range-experiment_scalar-batch1-70-70),409831,ed9d80c8-a9b9-49e0-99b6-b7e07c004887,2021-02-11 14:24:08,1192.435,2021-02-11 13:22:48.051000,2021-02-11 13:42:40.486000,79.949,true,implied_category,cold,cloud,../data/prolific_output/run5_scalar_heat-group_scalar_heat/qu70-s_qu3-batch1.csv
qu70-s_qu3-batch1.csv-3,3,NOT AVAILABLE,NOT AVAILABLE,cdbc1fee-804e-441b-89d3-98ac0ac8ce4d,PROLIFIC,11-Feb-2021 13:44:30,1175,46632,751227e1-7aeb-48d9-b296-b9a5211e078c,I know that (a/an) cloud is cold as most or all other things similar to (a/an) cloud are cold. ,I know that (a/an) merlot is alcoholic as most or all other things similar to (a/an) merlot are alcoholic. ,I know that (a/an) lemonade is alcoholic as most or all other things similar to (a/an) lemonade are alcoholic. ,5_scalar_heat-set_extension_full_range,https://app.prolific.co/submissions/complete?cc=135DD3C8,Agree or disagree (run5_scalar_heat-set_extension_full_range-experiment_scalar-batch1-70-70),408675,bd646c9d-6748-4bfe-8535-753f6a0c4358,2021-02-11 13:44:30,397.434,2021-02-11 12:42:36.412000,2021-02-11 12:49:13.846000,7.0,false,implied_category,cold,cloud,../data/prolific_output/run5_scalar_heat-group_scalar_heat/qu70-s_qu3-batch1.csv
qu70-s_qu3-batch1.csv-3,3,NOT AVAILABLE,NOT AVAILABLE,3dad7290-5e89-4340-9c49-15454b8ca9bf,PROLIFIC,11-Feb-2021 15:24:04,1175,46632,751227e1-7aeb-48d9-b296-b9a5211e078c,I know that (a/an) cloud is cold as most or all other things similar to (a/an) cloud are cold. ,I know that (a/an) merlot is alcoholic as most or all other things similar to (a/an) merlot are alcoholic. ,I know that (a/an) lemonade is alcoholic as most or all other things similar to (a/an) lemonade are alcoholic. ,5_scalar_heat-set_extension_full_range,https://app.prolific.co/submissions/complete?cc=135DD3C8,Agree or disagree (run5_scalar_heat-set_extension_full_range-experiment_scalar-batch1-70-70),410596,a6bc890e-098b-40a4-9288-4a7d68886f2a,2021-02-11 15:24:04,338.556,2021-02-11 14:20:14.112000,2021-02-11 14:25:52.668000,5.0,false,implied_category,cold,cloud,../data/prolific_output/run5_scalar_heat-group_scalar_heat/qu70-s_qu3-batch1.csv
qu70-s_qu3-batch1.csv-3,3,NOT AVAILABLE,NOT AVAILABLE,d2716620-0f6b-4985-8f7a-496de72c4edf,PROLIFIC,11-Feb-2021 14:18:26,1175,46633,eaaf11d4-af16-4df1-8082-e95b05a43234,"I think (a/an) mug can be cold, but this is rare or uncommon.","I think (a/an) cake can be spicy, but this is rare or uncommon.","I think (a/an) window can be transparent, but this is rare or uncommon.",5_scalar_heat-set_extension_full_range,https://app.prolific.co/submissions/complete?cc=135DD3C8,Agree or disagree (run5_scalar_heat-set_extension_full_range-experiment_scalar-batch1-70-70),409708,9dd9cd85-1bde-4adb-bf6c-50bd7e5225d4,2021-02-11 14:18:26,637.11,2021-02-11 13:12:57.882000,2021-02-11 13:23:34.992000,6.0,false,rare,cold,mug,../data/prolific_output/run5_scalar_heat-group_scalar_heat/qu70-s_qu3-batch1.csv
qu70-s_qu3-batch1.csv-3,3,NOT AVAILABLE,NOT AVAILABLE,dac5112b-e90f-43d3-81c2-3642f5b6e2f9,PROLIFIC,11-Feb-2021 14:08:43,1175,46633,eaaf11d4-af16-4df1-8082-e95b05a43234,"I think (a/an) mug can be cold, but this is rare or uncommon.","I think (a/an) cake can be spicy, but this is rare or uncommon.","I think (a/an) window can be transparent, but this is rare or uncommon.",5_scalar_heat-set_extension_full_range,https://app.prolific.co/submissions/complete?cc=135DD3C8,Agree or disagree (run5_scalar_heat-set_extension_full_range-experiment_scalar-batch1-70-70),409299,794085b5-f581-4e03-b982-f085bea29ae9,2021-02-11 14:08:43,432.345,2021-02-11 13:06:47.662000,2021-02-11 13:14:00.007000,115.338,false,rare,cold,mug,../data/prolific_output/run5_scalar_heat-group_scalar_heat/qu70-s_qu3-batch1.csv
qu70-s_qu3-batch1.csv-3,3,NOT AVAILABLE,NOT AVAILABLE,c86c92f5-934b-4073-b69b-aa1a3a830dc3,PROLIFIC,11-Feb-2021 14:09:43,1175,46633,eaaf11d4-af16-4df1-8082-e95b05a43234,"I think (a/an) mug can be cold, but this is rare or uncommon.","I think (a/an) cake can be spicy, but this is rare or uncommon.","I think (a/an) window can be transparent, but this is rare or uncommon.",5_scalar_heat-set_extension_full_range,https://app.prolific.co/submissions/complete?cc=135DD3C8,Agree or disagree (run5_scalar_heat-set_extension_full_range-experiment_scalar-batch1-70-70),409347,8380eab5-0a9f-4a9c-89c2-6dcc515ac040,2021-02-11 14:09:43,1299.53,2021-02-11 13:03:43.109000,2021-02-11 13:25:22.639000,7.0,true,rare,cold,mug,../data/prolific_output/run5_scalar_heat-group_scalar_heat/qu70-s_qu3-batch1.csv
qu70-s_qu3-batch1.csv-3,3,NOT AVAILABLE,NOT AVAILABLE,965f4ff2-bcc0-4ec5-91f4-5904025dc272,PROLIFIC,11-Feb-2021 14:54:32,1175,46633,eaaf11d4-af16-4df1-8082-e95b05a43234,"I think (a/an) mug can be cold, but this is rare or uncommon.","I think (a/an) cake can be spicy, but this is rare or uncommon.","I think (a/an) window can be transparent, but this is rare or uncommon.",5_scalar_heat-set_extension_full_range,https://app.prolific.co/submissions/complete?cc=135DD3C8,Agree or disagree (run5_scalar_heat-set_extension_full_range-experiment_scalar-batch1-70-70),410322,ca00b9ea-ab1f-4338-95f0-79dbc75947ec,2021-02-11 14:54:32,285.593,2021-02-11 13:50:20.301000,2021-02-11 13:55:05.894000,4.0,true,rare,cold,mug,../data/prolific_output/run5_scalar_heat-group_scalar_heat/qu70-s_qu3-batch1.csv
qu70-s_qu3-batch1.csv-3,3,NOT AVAILABLE,NOT AVAILABLE,34e021b9-d47d-4dd4-bc71-ddc5ab813ce2,PROLIFIC,11-Feb-2021 13:55:15,1175,46633,eaaf11d4-af16-4df1-8082-e95b05a43234,"I think (a/an) mug can be cold, but this is rare or uncommon.","I think (a/an) cake can be spicy, but this is rare or uncommon.","I think (a/an) window can be transparent, but this is rare or uncommon.",5_scalar_heat-set_extension_full_range,https://app.prolific.co/submissions/complete?cc=135DD3C8,Agree or disagree (run5_scalar_heat-set_extension_full_range-experiment_scalar-batch1-70-70),408938,51766d66-2f95-47de-ac03-4eb6c5814698,2021-02-11 13:55:15,541.406,2021-02-11 12:51:21.531000,2021-02-11 13:00:22.937000,21.0,false,rare,cold,mug,../data/prolific_output/run5_scalar_heat-group_scalar_heat/qu70-s_qu3-batch1.csv
qu70-s_qu3-batch1.csv-3,3,NOT AVAILABLE,NOT AVAILABLE,6d3579fa-979b-4f40-8e61-d17b09d60808,PROLIFIC,11-Feb-2021 14:37:20,1175,46633,eaaf11d4-af16-4df1-8082-e95b05a43234,"I think (a/an) mug can be cold, but this is rare or uncommon.","I think (a/an) cake can be spicy, but this is rare or uncommon.","I think (a/an) window can be transparent, but this is rare or uncommon.",5_scalar_heat-set_extension_full_range,https://app.prolific.co/submissions/complete?cc=135DD3C8,Agree or disagree (run5_scalar_heat-set_extension_full_range-experiment_scalar-batch1-70-70),410063,5cc6fd8b-213c-4d69-960d-6e636544bb7e,2021-02-11 14:37:20,1192.435,2021-02-11 13:22:48.051000,2021-02-11 13:42:40.486000,5.0,false,rare,cold,mug,../data/prolific_output/run5_scalar_heat-group_scalar_heat/qu70-s_qu3-batch1.csv
qu70-s_qu3-batch1.csv-3,3,NOT AVAILABLE,NOT AVAILABLE,cdbc1fee-804e-441b-89d3-98ac0ac8ce4d,PROLIFIC,11-Feb-2021 13:46:02,1175,46633,eaaf11d4-af16-4df1-8082-e95b05a43234,"I think (a/an) mug can be cold, but this is rare or uncommon.","I think (a/an) cake can be spicy, but this is rare or uncommon.","I think (a/an) window can be transparent, but this is rare or uncommon.",5_scalar_heat-set_extension_full_range,https://app.prolific.co/submissions/complete?cc=135DD3C8,Agree or disagree (run5_scalar_heat-set_extension_full_range-experiment_scalar-batch1-70-70),408709,f9c3a115-a315-4fbf-b0b6-e5c2432242f9,2021-02-11 13:46:02,397.434,2021-02-11 12:42:36.412000,2021-02-11 12:49:13.846000,3.0,false,rare,cold,mug,../data/prolific_output/run5_scalar_heat-group_scalar_heat/qu70-s_qu3-batch1.csv
qu70-s_qu3-batch1.csv-3,3,NOT AVAILABLE,NOT AVAILABLE,3dad7290-5e89-4340-9c49-15454b8ca9bf,PROLIFIC,11-Feb-2021 15:23:59,1175,46633,eaaf11d4-af16-4df1-8082-e95b05a43234,"I think (a/an) mug can be cold, but this is rare or uncommon.","I think (a/an) cake can be spicy, but this is rare or uncommon.","I think (a/an) window can be transparent, but this is rare or uncommon.",5_scalar_heat-set_extension_full_range,https://app.prolific.co/submissions/complete?cc=135DD3C8,Agree or disagree (run5_scalar_heat-set_extension_full_range-experiment_scalar-batch1-70-70),410595,6ffdf5f2-bcac-4126-adbf-fbb21663acd6,2021-02-11 15:23:59,338.556,2021-02-11 14:20:14.112000,2021-02-11 14:25:52.668000,3.0,true,rare,cold,mug,../data/prolific_output/run5_scalar_heat-group_scalar_heat/qu70-s_qu3-batch1.csv
qu70-s_qu3-batch1.csv-3,3,NOT AVAILABLE,NOT AVAILABLE,d2716620-0f6b-4985-8f7a-496de72c4edf,PROLIFIC,11-Feb-2021 14:18:20,1175,46634,4f4ea515-205a-430d-bb1e-8ef7adce95e7,"You can find (a/an) mug which is cold. (A/an) mug is usually either cold, a bit more or less cold or the opposite of cold.","You can find (a/an) soup which is salty. (A/an) soup is usually either salty, a bit more or less salty or the opposite of salty.","You can find (a/an) strawberry which is salty. (A/an) strawberry is usually either salty, a bit more or less salty or the opposite of salty.",5_scalar_heat-set_extension_full_range,https://app.prolific.co/submissions/complete?cc=135DD3C8,Agree or disagree (run5_scalar_heat-set_extension_full_range-experiment_scalar-batch1-70-70),409701,0978304b-6503-4001-a1d2-01fcce4ae905,2021-02-11 14:18:20,637.11,2021-02-11 13:12:57.882000,2021-02-11 13:23:34.992000,8.0,true,variability_open,cold,mug,../data/prolific_output/run5_scalar_heat-group_scalar_heat/qu70-s_qu3-batch1.csv
qu70-s_qu3-batch1.csv-3,3,NOT AVAILABLE,NOT AVAILABLE,dac5112b-e90f-43d3-81c2-3642f5b6e2f9,PROLIFIC,11-Feb-2021 14:10:39,1175,46634,4f4ea515-205a-430d-bb1e-8ef7adce95e7,"You can find (a/an) mug which is cold. (A/an) mug is usually either cold, a bit more or less cold or the opposite of cold.","You can find (a/an) soup which is salty. (A/an) soup is usually either salty, a bit more or less salty or the opposite of salty.","You can find (a/an) strawberry which is salty. (A/an) strawberry is usually either salty, a bit more or less salty or the opposite of salty.",5_scalar_heat-set_extension_full_range,https://app.prolific.co/submissions/complete?cc=135DD3C8,Agree or disagree (run5_scalar_heat-set_extension_full_range-experiment_scalar-batch1-70-70),409385,07f32569-7bcb-4381-b631-e9f68c07555c,2021-02-11 14:10:39,432.345,2021-02-11 13:06:47.662000,2021-02-11 13:14:00.007000,3.0,true,variability_open,cold,mug,../data/prolific_output/run5_scalar_heat-group_scalar_heat/qu70-s_qu3-batch1.csv
qu70-s_qu3-batch1.csv-3,3,NOT AVAILABLE,NOT AVAILABLE,c86c92f5-934b-4073-b69b-aa1a3a830dc3,PROLIFIC,11-Feb-2021 14:20:51,1175,46634,4f4ea515-205a-430d-bb1e-8ef7adce95e7,"You can find (a/an) mug which is cold. (A/an) mug is usually either cold, a bit more or less cold or the opposite of cold.","You can find (a/an) soup which is salty. (A/an) soup is usually either salty, a bit more or less salty or the opposite of salty.","You can find (a/an) strawberry which is salty. (A/an) strawberry is usually either salty, a bit more or less salty or the opposite of salty.",5_scalar_heat-set_extension_full_range,https://app.prolific.co/submissions/complete?cc=135DD3C8,Agree or disagree (run5_scalar_heat-set_extension_full_range-experiment_scalar-batch1-70-70),409788,ab63f416-12c1-4cec-8367-289798e71f27,2021-02-11 14:20:51,1299.53,2021-02-11 13:03:43.109000,2021-02-11 13:25:22.639000,135.0,false,variability_open,cold,mug,../data/prolific_output/run5_scalar_heat-group_scalar_heat/qu70-s_qu3-batch1.csv
qu70-s_qu3-batch1.csv-3,3,NOT AVAILABLE,NOT AVAILABLE,965f4ff2-bcc0-4ec5-91f4-5904025dc272,PROLIFIC,11-Feb-2021 14:53:21,1175,46634,4f4ea515-205a-430d-bb1e-8ef7adce95e7,"You can find (a/an) mug which is cold. (A/an) mug is usually either cold, a bit more or less cold or the opposite of cold.","You can find (a/an) soup which is salty. (A/an) soup is usually either salty, a bit more or less salty or the opposite of salty.","You can find (a/an) strawberry which is salty. (A/an) strawberry is usually either salty, a bit more or less salty or the opposite of salty.",5_scalar_heat-set_extension_full_range,https://app.prolific.co/submissions/complete?cc=135DD3C8,Agree or disagree (run5_scalar_heat-set_extension_full_range-experiment_scalar-batch1-70-70),410280,fab460df-cb7b-4631-a20c-280d4007914d,2021-02-11 14:53:21,285.593,2021-02-11 13:50:20.301000,2021-02-11 13:55:05.894000,13.0,true,variability_open,cold,mug,../data/prolific_output/run5_scalar_heat-group_scalar_heat/qu70-s_qu3-batch1.csv
qu70-s_qu3-batch1.csv-3,3,NOT AVAILABLE,NOT AVAILABLE,34e021b9-d47d-4dd4-bc71-ddc5ab813ce2,PROLIFIC,11-Feb-2021 13:58:52,1175,46634,4f4ea515-205a-430d-bb1e-8ef7adce95e7,"You can find (a/an) mug which is cold. (A/an) mug is usually either cold, a bit more or less cold or the opposite of cold.","You can find (a/an) soup which is salty. (A/an) soup is usually either salty, a bit more or less salty or the opposite of salty.","You can find (a/an) strawberry which is salty. (A/an) strawberry is usually either salty, a bit more or less salty or the opposite of salty.",5_scalar_heat-set_extension_full_range,https://app.prolific.co/submissions/complete?cc=135DD3C8,Agree or disagree (run5_scalar_heat-set_extension_full_range-experiment_scalar-batch1-70-70),409088,bfd6f7c0-7010-4a83-b9eb-c36b4dbbee8d,2021-02-11 13:58:52,541.406,2021-02-11 12:51:21.531000,2021-02-11 13:00:22.937000,10.0,false,variability_open,cold,mug,../data/prolific_output/run5_scalar_heat-group_scalar_heat/qu70-s_qu3-batch1.csv
qu70-s_qu3-batch1.csv-3,3,NOT AVAILABLE,NOT AVAILABLE,6d3579fa-979b-4f40-8e61-d17b09d60808,PROLIFIC,11-Feb-2021 14:24:48,1175,46634,4f4ea515-205a-430d-bb1e-8ef7adce95e7,"You can find (a/an) mug which is cold. (A/an) mug is usually either cold, a bit more or less cold or the opposite of cold.","You can find (a/an) soup which is salty. (A/an) soup is usually either salty, a bit more or less salty or the opposite of salty.","You can find (a/an) strawberry which is salty. (A/an) strawberry is usually either salty, a bit more or less salty or the opposite of salty.",5_scalar_heat-set_extension_full_range,https://app.prolific.co/submissions/complete?cc=135DD3C8,Agree or disagree (run5_scalar_heat-set_extension_full_range-experiment_scalar-batch1-70-70),409845,86908ee8-5bfb-413c-a49f-c1aabf12acff,2021-02-11 14:24:48,1192.435,2021-02-11 13:22:48.051000,2021-02-11 13:42:40.486000,6.0,true,variability_open,cold,mug,../data/prolific_output/run5_scalar_heat-group_scalar_heat/qu70-s_qu3-batch1.csv
qu70-s_qu3-batch1.csv-3,3,NOT AVAILABLE,NOT AVAILABLE,cdbc1fee-804e-441b-89d3-98ac0ac8ce4d,PROLIFIC,11-Feb-2021 13:44:52,1175,46634,4f4ea515-205a-430d-bb1e-8ef7adce95e7,"You can find (a/an) mug which is cold. (A/an) mug is usually either cold, a bit more or less cold or the opposite of cold.","You can find (a/an) soup which is salty. (A/an) soup is usually either salty, a bit more or less salty or the opposite of salty.","You can find (a/an) strawberry which is salty. (A/an) strawberry is usually either salty, a bit more or less salty or the opposite of salty.",5_scalar_heat-set_extension_full_range,https://app.prolific.co/submissions/complete?cc=135DD3C8,Agree or disagree (run5_scalar_heat-set_extension_full_range-experiment_scalar-batch1-70-70),408686,7f1a0e08-c4e1-4cf4-886d-69f3f94e2644,2021-02-11 13:44:52,397.434,2021-02-11 12:42:36.412000,2021-02-11 12:49:13.846000,2.0,true,variability_open,cold,mug,../data/prolific_output/run5_scalar_heat-group_scalar_heat/qu70-s_qu3-batch1.csv
qu70-s_qu3-batch1.csv-3,3,NOT AVAILABLE,NOT AVAILABLE,3dad7290-5e89-4340-9c49-15454b8ca9bf,PROLIFIC,11-Feb-2021 15:24:21,1175,46634,4f4ea515-205a-430d-bb1e-8ef7adce95e7,"You can find (a/an) mug which is cold. (A/an) mug is usually either cold, a bit more or less cold or the opposite of cold.","You can find (a/an) soup which is salty. (A/an) soup is usually either salty, a bit more or less salty or the opposite of salty.","You can find (a/an) strawberry which is salty. (A/an) strawberry is usually either salty, a bit more or less salty or the opposite of salty.",5_scalar_heat-set_extension_full_range,https://app.prolific.co/submissions/complete?cc=135DD3C8,Agree or disagree (run5_scalar_heat-set_extension_full_range-experiment_scalar-batch1-70-70),410597,afb00e22-c4e4-4faa-8a47-a251e13c6edd,2021-02-11 15:24:21,338.556,2021-02-11 14:20:14.112000,2021-02-11 14:25:52.668000,17.0,true,variability_open,cold,mug,../data/prolific_output/run5_scalar_heat-group_scalar_heat/qu70-s_qu3-batch1.csv
qu70-s_qu3-batch1.csv-3,3,NOT AVAILABLE,NOT AVAILABLE,d2716620-0f6b-4985-8f7a-496de72c4edf,PROLIFIC,11-Feb-2021 14:14:31,1175,46635,43235949-65ed-418c-8273-f34a75361b56,I know that (a/an) mug is cold as most or all other things similar to (a/an) mug are cold. ,I know that (a/an) chocoloate_bar is sweet as most or all other things similar to (a/an) chocoloate_bar are sweet. ,I know that (a/an) dress is white as most or all other things similar to (a/an) dress are white. ,5_scalar_heat-set_extension_full_range,https://app.prolific.co/submissions/complete?cc=135DD3C8,Agree or disagree (run5_scalar_heat-set_extension_full_range-experiment_scalar-batch1-70-70),409509,35512358-dad0-4f73-932a-87ca5eb8d967,2021-02-11 14:14:31,637.11,2021-02-11 13:12:57.882000,2021-02-11 13:23:34.992000,5.0,false,implied_category,cold,mug,../data/prolific_output/run5_scalar_heat-group_scalar_heat/qu70-s_qu3-batch1.csv
qu70-s_qu3-batch1.csv-3,3,NOT AVAILABLE,NOT AVAILABLE,dac5112b-e90f-43d3-81c2-3642f5b6e2f9,PROLIFIC,11-Feb-2021 14:12:00,1175,46635,43235949-65ed-418c-8273-f34a75361b56,I know that (a/an) mug is cold as most or all other things similar to (a/an) mug are cold. ,I know that (a/an) chocoloate_bar is sweet as most or all other things similar to (a/an) chocoloate_bar are sweet. ,I know that (a/an) dress is white as most or all other things similar to (a/an) dress are white. ,5_scalar_heat-set_extension_full_range,https://app.prolific.co/submissions/complete?cc=135DD3C8,Agree or disagree (run5_scalar_heat-set_extension_full_range-experiment_scalar-batch1-70-70),409428,8472a7ef-d8e6-4605-8184-ebc24d9eaf5f,2021-02-11 14:12:00,432.345,2021-02-11 13:06:47.662000,2021-02-11 13:14:00.007000,6.0,false,implied_category,cold,mug,../data/prolific_output/run5_scalar_heat-group_scalar_heat/qu70-s_qu3-batch1.csv
qu70-s_qu3-batch1.csv-3,3,NOT AVAILABLE,NOT AVAILABLE,c86c92f5-934b-4073-b69b-aa1a3a830dc3,PROLIFIC,11-Feb-2021 14:15:44,1175,46635,43235949-65ed-418c-8273-f34a75361b56,I know that (a/an) mug is cold as most or all other things similar to (a/an) mug are cold. ,I know that (a/an) chocoloate_bar is sweet as most or all other things similar to (a/an) chocoloate_bar are sweet. ,I know that (a/an) dress is white as most or all other things similar to (a/an) dress are white. ,5_scalar_heat-set_extension_full_range,https://app.prolific.co/submissions/complete?cc=135DD3C8,Agree or disagree (run5_scalar_heat-set_extension_full_range-experiment_scalar-batch1-70-70),409578,7bd21ff5-3f15-4302-9a8c-77992cc128e0,2021-02-11 14:15:44,1299.53,2021-02-11 13:03:43.109000,2021-02-11 13:25:22.639000,4.0,false,implied_category,cold,mug,../data/prolific_output/run5_scalar_heat-group_scalar_heat/qu70-s_qu3-batch1.csv
qu70-s_qu3-batch1.csv-3,3,NOT AVAILABLE,NOT AVAILABLE,965f4ff2-bcc0-4ec5-91f4-5904025dc272,PROLIFIC,11-Feb-2021 14:54:37,1175,46635,43235949-65ed-418c-8273-f34a75361b56,I know that (a/an) mug is cold as most or all other things similar to (a/an) mug are cold. ,I know that (a/an) chocoloate_bar is sweet as most or all other things similar to (a/an) chocoloate_bar are sweet. ,I know that (a/an) dress is white as most or all other things similar to (a/an) dress are white. ,5_scalar_heat-set_extension_full_range,https://app.prolific.co/submissions/complete?cc=135DD3C8,Agree or disagree (run5_scalar_heat-set_extension_full_range-experiment_scalar-batch1-70-70),410325,59e6d7e7-376b-466f-858a-589d794c354e,2021-02-11 14:54:37,285.593,2021-02-11 13:50:20.301000,2021-02-11 13:55:05.894000,2.0,false,implied_category,cold,mug,../data/prolific_output/run5_scalar_heat-group_scalar_heat/qu70-s_qu3-batch1.csv
qu70-s_qu3-batch1.csv-3,3,NOT AVAILABLE,NOT AVAILABLE,34e021b9-d47d-4dd4-bc71-ddc5ab813ce2,PROLIFIC,11-Feb-2021 13:52:18,1175,46635,43235949-65ed-418c-8273-f34a75361b56,I know that (a/an) mug is cold as most or all other things similar to (a/an) mug are cold. ,I know that (a/an) chocoloate_bar is sweet as most or all other things similar to (a/an) chocoloate_bar are sweet. ,I know that (a/an) dress is white as most or all other things similar to (a/an) dress are white. ,5_scalar_heat-set_extension_full_range,https://app.prolific.co/submissions/complete?cc=135DD3C8,Agree or disagree (run5_scalar_heat-set_extension_full_range-experiment_scalar-batch1-70-70),408816,e8e26ab4-fc4c-424a-b625-524222afc56e,2021-02-11 13:52:18,541.406,2021-02-11 12:51:21.531000,2021-02-11 13:00:22.937000,30.0,false,implied_category,cold,mug,../data/prolific_output/run5_scalar_heat-group_scalar_heat/qu70-s_qu3-batch1.csv
qu70-s_qu3-batch1.csv-3,3,NOT AVAILABLE,NOT AVAILABLE,6d3579fa-979b-4f40-8e61-d17b09d60808,PROLIFIC,11-Feb-2021 14:29:46,1175,46635,43235949-65ed-418c-8273-f34a75361b56,I know that (a/an) mug is cold as most or all other things similar to (a/an) mug are cold. ,I know that (a/an) chocoloate_bar is sweet as most or all other things similar to (a/an) chocoloate_bar are sweet. ,I know that (a/an) dress is white as most or all other things similar to (a/an) dress are white. ,5_scalar_heat-set_extension_full_range,https://app.prolific.co/submissions/complete?cc=135DD3C8,Agree or disagree (run5_scalar_heat-set_extension_full_range-experiment_scalar-batch1-70-70),409918,1178bbec-3a02-404e-b4e3-c5ee586c8730,2021-02-11 14:29:46,1192.435,2021-02-11 13:22:48.051000,2021-02-11 13:42:40.486000,3.0,false,implied_category,cold,mug,../data/prolific_output/run5_scalar_heat-group_scalar_heat/qu70-s_qu3-batch1.csv
qu70-s_qu3-batch1.csv-3,3,NOT AVAILABLE,NOT AVAILABLE,cdbc1fee-804e-441b-89d3-98ac0ac8ce4d,PROLIFIC,11-Feb-2021 13:45:55,1175,46635,43235949-65ed-418c-8273-f34a75361b56,I know that (a/an) mug is cold as most or all other things similar to (a/an) mug are cold. ,I know that (a/an) chocoloate_bar is sweet as most or all other things similar to (a/an) chocoloate_bar are sweet. ,I know that (a/an) dress is white as most or all other things similar to (a/an) dress are white. ,5_scalar_heat-set_extension_full_range,https://app.prolific.co/submissions/complete?cc=135DD3C8,Agree or disagree (run5_scalar_heat-set_extension_full_range-experiment_scalar-batch1-70-70),408707,64b20033-5dfe-4362-a179-d3bd6d345ff5,2021-02-11 13:45:55,397.434,2021-02-11 12:42:36.412000,2021-02-11 12:49:13.846000,3.0,false,implied_category,cold,mug,../data/prolific_output/run5_scalar_heat-group_scalar_heat/qu70-s_qu3-batch1.csv
qu70-s_qu3-batch1.csv-3,3,NOT AVAILABLE,NOT AVAILABLE,3dad7290-5e89-4340-9c49-15454b8ca9bf,PROLIFIC,11-Feb-2021 15:22:35,1175,46635,43235949-65ed-418c-8273-f34a75361b56,I know that (a/an) mug is cold as most or all other things similar to (a/an) mug are cold. ,I know that (a/an) chocoloate_bar is sweet as most or all other things similar to (a/an) chocoloate_bar are sweet. ,I know that (a/an) dress is white as most or all other things similar to (a/an) dress are white. ,5_scalar_heat-set_extension_full_range,https://app.prolific.co/submissions/complete?cc=135DD3C8,Agree or disagree (run5_scalar_heat-set_extension_full_range-experiment_scalar-batch1-70-70),410573,3f0944b4-dd48-453e-b237-9ab89188dd17,2021-02-11 15:22:35,338.556,2021-02-11 14:20:14.112000,2021-02-11 14:25:52.668000,3.0,false,implied_category,cold,mug,../data/prolific_output/run5_scalar_heat-group_scalar_heat/qu70-s_qu3-batch1.csv
qu70-s_qu3-batch1.csv-3,3,NOT AVAILABLE,NOT AVAILABLE,d2716620-0f6b-4985-8f7a-496de72c4edf,PROLIFIC,11-Feb-2021 14:16:37,1175,46636,72f96d44-32e2-490e-8635-cbb19c6d5fb5,``Mug'' is one of the first things which come to mind when I hear ``cold' because (a/an) mug is a typical example of things which are cold'. ,``Rainbow'' is one of the first things which come to mind when I hear ``colorful' because (a/an) rainbow is a typical example of things which are colorful'. ,``Dress'' is one of the first things which come to mind when I hear ``white' because (a/an) dress is a typical example of things which are white'. ,5_scalar_heat-set_extension_full_range,https://app.prolific.co/submissions/complete?cc=135DD3C8,Agree or disagree (run5_scalar_heat-set_extension_full_range-experiment_scalar-batch1-70-70),409621,0b5f519f-7296-429b-bea2-e18964c9be4b,2021-02-11 14:16:37,637.11,2021-02-11 13:12:57.882000,2021-02-11 13:23:34.992000,5.0,false,typical_of_property,cold,mug,../data/prolific_output/run5_scalar_heat-group_scalar_heat/qu70-s_qu3-batch1.csv
qu70-s_qu3-batch1.csv-3,3,NOT AVAILABLE,NOT AVAILABLE,dac5112b-e90f-43d3-81c2-3642f5b6e2f9,PROLIFIC,11-Feb-2021 14:12:59,1175,46636,72f96d44-32e2-490e-8635-cbb19c6d5fb5,``Mug'' is one of the first things which come to mind when I hear ``cold' because (a/an) mug is a typical example of things which are cold'. ,``Rainbow'' is one of the first things which come to mind when I hear ``colorful' because (a/an) rainbow is a typical example of things which are colorful'. ,``Dress'' is one of the first things which come to mind when I hear ``white' because (a/an) dress is a typical example of things which are white'. ,5_scalar_heat-set_extension_full_range,https://app.prolific.co/submissions/complete?cc=135DD3C8,Agree or disagree (run5_scalar_heat-set_extension_full_range-experiment_scalar-batch1-70-70),409464,ed3d319c-6784-472f-a2e8-7510277e53e7,2021-02-11 14:12:59,432.345,2021-02-11 13:06:47.662000,2021-02-11 13:14:00.007000,2.0,false,typical_of_property,cold,mug,../data/prolific_output/run5_scalar_heat-group_scalar_heat/qu70-s_qu3-batch1.csv
qu70-s_qu3-batch1.csv-3,3,NOT AVAILABLE,NOT AVAILABLE,c86c92f5-934b-4073-b69b-aa1a3a830dc3,PROLIFIC,11-Feb-2021 14:13:22,1175,46636,72f96d44-32e2-490e-8635-cbb19c6d5fb5,``Mug'' is one of the first things which come to mind when I hear ``cold' because (a/an) mug is a typical example of things which are cold'. ,``Rainbow'' is one of the first things which come to mind when I hear ``colorful' because (a/an) rainbow is a typical example of things which are colorful'. ,``Dress'' is one of the first things which come to mind when I hear ``white' because (a/an) dress is a typical example of things which are white'. ,5_scalar_heat-set_extension_full_range,https://app.prolific.co/submissions/complete?cc=135DD3C8,Agree or disagree (run5_scalar_heat-set_extension_full_range-experiment_scalar-batch1-70-70),409475,00a46daf-bf39-46d6-af90-b8764fffd4e3,2021-02-11 14:13:22,1299.53,2021-02-11 13:03:43.109000,2021-02-11 13:25:22.639000,5.0,false,typical_of_property,cold,mug,../data/prolific_output/run5_scalar_heat-group_scalar_heat/qu70-s_qu3-batch1.csv
qu70-s_qu3-batch1.csv-3,3,NOT AVAILABLE,NOT AVAILABLE,965f4ff2-bcc0-4ec5-91f4-5904025dc272,PROLIFIC,11-Feb-2021 14:54:28,1175,46636,72f96d44-32e2-490e-8635-cbb19c6d5fb5,``Mug'' is one of the first things which come to mind when I hear ``cold' because (a/an) mug is a typical example of things which are cold'. ,``Rainbow'' is one of the first things which come to mind when I hear ``colorful' because (a/an) rainbow is a typical example of things which are colorful'. ,``Dress'' is one of the first things which come to mind when I hear ``white' because (a/an) dress is a typical example of things which are white'. ,5_scalar_heat-set_extension_full_range,https://app.prolific.co/submissions/complete?cc=135DD3C8,Agree or disagree (run5_scalar_heat-set_extension_full_range-experiment_scalar-batch1-70-70),410319,182f2edd-43ce-4dc7-82df-3c514152825b,2021-02-11 14:54:28,285.593,2021-02-11 13:50:20.301000,2021-02-11 13:55:05.894000,2.0,false,typical_of_property,cold,mug,../data/prolific_output/run5_scalar_heat-group_scalar_heat/qu70-s_qu3-batch1.csv
qu70-s_qu3-batch1.csv-3,3,NOT AVAILABLE,NOT AVAILABLE,34e021b9-d47d-4dd4-bc71-ddc5ab813ce2,PROLIFIC,11-Feb-2021 13:59:57,1175,46636,72f96d44-32e2-490e-8635-cbb19c6d5fb5,``Mug'' is one of the first things which come to mind when I hear ``cold' because (a/an) mug is a typical example of things which are cold'. ,``Rainbow'' is one of the first things which come to mind when I hear ``colorful' because (a/an) rainbow is a typical example of things which are colorful'. ,``Dress'' is one of the first things which come to mind when I hear ``white' because (a/an) dress is a typical example of things which are white'. ,5_scalar_heat-set_extension_full_range,https://app.prolific.co/submissions/complete?cc=135DD3C8,Agree or disagree (run5_scalar_heat-set_extension_full_range-experiment_scalar-batch1-70-70),409129,eb91f8a5-ca02-4027-9975-1cc0d9d1cf68,2021-02-11 13:59:57,541.406,2021-02-11 12:51:21.531000,2021-02-11 13:00:22.937000,3.0,false,typical_of_property,cold,mug,../data/prolific_output/run5_scalar_heat-group_scalar_heat/qu70-s_qu3-batch1.csv
qu70-s_qu3-batch1.csv-3,3,NOT AVAILABLE,NOT AVAILABLE,6d3579fa-979b-4f40-8e61-d17b09d60808,PROLIFIC,11-Feb-2021 14:29:07,1175,46636,72f96d44-32e2-490e-8635-cbb19c6d5fb5,``Mug'' is one of the first things which come to mind when I hear ``cold' because (a/an) mug is a typical example of things which are cold'. ,``Rainbow'' is one of the first things which come to mind when I hear ``colorful' because (a/an) rainbow is a typical example of things which are colorful'. ,``Dress'' is one of the first things which come to mind when I hear ``white' because (a/an) dress is a typical example of things which are white'. ,5_scalar_heat-set_extension_full_range,https://app.prolific.co/submissions/complete?cc=135DD3C8,Agree or disagree (run5_scalar_heat-set_extension_full_range-experiment_scalar-batch1-70-70),409892,eaca56f8-8090-4a08-91b3-c094fd2cf417,2021-02-11 14:29:07,1192.435,2021-02-11 13:22:48.051000,2021-02-11 13:42:40.486000,2.0,false,typical_of_property,cold,mug,../data/prolific_output/run5_scalar_heat-group_scalar_heat/qu70-s_qu3-batch1.csv
qu70-s_qu3-batch1.csv-3,3,NOT AVAILABLE,NOT AVAILABLE,cdbc1fee-804e-441b-89d3-98ac0ac8ce4d,PROLIFIC,11-Feb-2021 13:48:44,1175,46636,72f96d44-32e2-490e-8635-cbb19c6d5fb5,``Mug'' is one of the first things which come to mind when I hear ``cold' because (a/an) mug is a typical example of things which are cold'. ,``Rainbow'' is one of the first things which come to mind when I hear ``colorful' because (a/an) rainbow is a typical example of things which are colorful'. ,``Dress'' is one of the first things which come to mind when I hear ``white' because (a/an) dress is a typical example of things which are white'. ,5_scalar_heat-set_extension_full_range,https://app.prolific.co/submissions/complete?cc=135DD3C8,Agree or disagree (run5_scalar_heat-set_extension_full_range-experiment_scalar-batch1-70-70),408742,943e6f4a-ad17-40ef-8e92-02533c09dc15,2021-02-11 13:48:44,397.434,2021-02-11 12:42:36.412000,2021-02-11 12:49:13.846000,4.0,false,typical_of_property,cold,mug,../data/prolific_output/run5_scalar_heat-group_scalar_heat/qu70-s_qu3-batch1.csv
qu70-s_qu3-batch1.csv-3,3,NOT AVAILABLE,NOT AVAILABLE,3dad7290-5e89-4340-9c49-15454b8ca9bf,PROLIFIC,11-Feb-2021 15:24:41,1175,46636,72f96d44-32e2-490e-8635-cbb19c6d5fb5,``Mug'' is one of the first things which come to mind when I hear ``cold' because (a/an) mug is a typical example of things which are cold'. ,``Rainbow'' is one of the first things which come to mind when I hear ``colorful' because (a/an) rainbow is a typical example of things which are colorful'. ,``Dress'' is one of the first things which come to mind when I hear ``white' because (a/an) dress is a typical example of things which are white'. ,5_scalar_heat-set_extension_full_range,https://app.prolific.co/submissions/complete?cc=135DD3C8,Agree or disagree (run5_scalar_heat-set_extension_full_range-experiment_scalar-batch1-70-70),410602,f7fbb6cc-2c22-4267-a3f4-a402cb5314e0,2021-02-11 15:24:41,338.556,2021-02-11 14:20:14.112000,2021-02-11 14:25:52.668000,2.0,false,typical_of_property,cold,mug,../data/prolific_output/run5_scalar_heat-group_scalar_heat/qu70-s_qu3-batch1.csv
qu70-s_qu3-batch1.csv-3,3,NOT AVAILABLE,NOT AVAILABLE,d2716620-0f6b-4985-8f7a-496de72c4edf,PROLIFIC,11-Feb-2021 14:16:59,1175,46637,a1fa8a3c-8bca-48bb-9952-8c3d943e6eb4,``Cold'' is one for the first things which come to mind when I hear ``mug' because cold is one of the typical temperatures of (a/an) mug'.,``Spicy'' is one for the first things which come to mind when I hear ``chili_pepper' because spicy is one of the typical tastes of (a/an) chili_pepper'.,``Sweet'' is one for the first things which come to mind when I hear ``spinach' because sweet is one of the typical tastes of (a/an) spinach'.,5_scalar_heat-set_extension_full_range,https://app.prolific.co/submissions/complete?cc=135DD3C8,Agree or disagree (run5_scalar_heat-set_extension_full_range-experiment_scalar-batch1-70-70),409636,9afcdfd3-1248-403e-9d87-fd474d40ef84,2021-02-11 14:16:59,637.11,2021-02-11 13:12:57.882000,2021-02-11 13:23:34.992000,5.0,false,typical_of_concept,cold,mug,../data/prolific_output/run5_scalar_heat-group_scalar_heat/qu70-s_qu3-batch1.csv
qu70-s_qu3-batch1.csv-3,3,NOT AVAILABLE,NOT AVAILABLE,dac5112b-e90f-43d3-81c2-3642f5b6e2f9,PROLIFIC,11-Feb-2021 14:09:47,1175,46637,a1fa8a3c-8bca-48bb-9952-8c3d943e6eb4,``Cold'' is one for the first things which come to mind when I hear ``mug' because cold is one of the typical temperatures of (a/an) mug'.,``Spicy'' is one for the first things which come to mind when I hear ``chili_pepper' because spicy is one of the typical tastes of (a/an) chili_pepper'.,``Sweet'' is one for the first things which come to mind when I hear ``spinach' because sweet is one of the typical tastes of (a/an) spinach'.,5_scalar_heat-set_extension_full_range,https://app.prolific.co/submissions/complete?cc=135DD3C8,Agree or disagree (run5_scalar_heat-set_extension_full_range-experiment_scalar-batch1-70-70),409351,6dd134cf-f833-4b04-9fc3-b1982361ec70,2021-02-11 14:09:47,432.345,2021-02-11 13:06:47.662000,2021-02-11 13:14:00.007000,3.0,false,typical_of_concept,cold,mug,../data/prolific_output/run5_scalar_heat-group_scalar_heat/qu70-s_qu3-batch1.csv
qu70-s_qu3-batch1.csv-3,3,NOT AVAILABLE,NOT AVAILABLE,c86c92f5-934b-4073-b69b-aa1a3a830dc3,PROLIFIC,11-Feb-2021 14:14:04,1175,46637,a1fa8a3c-8bca-48bb-9952-8c3d943e6eb4,``Cold'' is one for the first things which come to mind when I hear ``mug' because cold is one of the typical temperatures of (a/an) mug'.,``Spicy'' is one for the first things which come to mind when I hear ``chili_pepper' because spicy is one of the typical tastes of (a/an) chili_pepper'.,``Sweet'' is one for the first things which come to mind when I hear ``spinach' because sweet is one of the typical tastes of (a/an) spinach'.,5_scalar_heat-set_extension_full_range,https://app.prolific.co/submissions/complete?cc=135DD3C8,Agree or disagree (run5_scalar_heat-set_extension_full_range-experiment_scalar-batch1-70-70),409494,abe8714a-40c0-41ec-8c86-96105df8bf51,2021-02-11 14:14:04,1299.53,2021-02-11 13:03:43.109000,2021-02-11 13:25:22.639000,3.0,false,typical_of_concept,cold,mug,../data/prolific_output/run5_scalar_heat-group_scalar_heat/qu70-s_qu3-batch1.csv
qu70-s_qu3-batch1.csv-3,3,NOT AVAILABLE,NOT AVAILABLE,965f4ff2-bcc0-4ec5-91f4-5904025dc272,PROLIFIC,11-Feb-2021 14:54:41,1175,46637,a1fa8a3c-8bca-48bb-9952-8c3d943e6eb4,``Cold'' is one for the first things which come to mind when I hear ``mug' because cold is one of the typical temperatures of (a/an) mug'.,``Spicy'' is one for the first things which come to mind when I hear ``chili_pepper' because spicy is one of the typical tastes of (a/an) chili_pepper'.,``Sweet'' is one for the first things which come to mind when I hear ``spinach' because sweet is one of the typical tastes of (a/an) spinach'.,5_scalar_heat-set_extension_full_range,https://app.prolific.co/submissions/complete?cc=135DD3C8,Agree or disagree (run5_scalar_heat-set_extension_full_range-experiment_scalar-batch1-70-70),410330,5d3988bc-ec11-4b77-b4fa-5372e1fde8c7,2021-02-11 14:54:41,285.593,2021-02-11 13:50:20.301000,2021-02-11 13:55:05.894000,2.0,false,typical_of_concept,cold,mug,../data/prolific_output/run5_scalar_heat-group_scalar_heat/qu70-s_qu3-batch1.csv
qu70-s_qu3-batch1.csv-3,3,NOT AVAILABLE,NOT AVAILABLE,34e021b9-d47d-4dd4-bc71-ddc5ab813ce2,PROLIFIC,11-Feb-2021 13:59:11,1175,46637,a1fa8a3c-8bca-48bb-9952-8c3d943e6eb4,``Cold'' is one for the first things which come to mind when I hear ``mug' because cold is one of the typical temperatures of (a/an) mug'.,``Spicy'' is one for the first things which come to mind when I hear ``chili_pepper' because spicy is one of the typical tastes of (a/an) chili_pepper'.,``Sweet'' is one for the first things which come to mind when I hear ``spinach' because sweet is one of the typical tastes of (a/an) spinach'.,5_scalar_heat-set_extension_full_range,https://app.prolific.co/submissions/complete?cc=135DD3C8,Agree or disagree (run5_scalar_heat-set_extension_full_range-experiment_scalar-batch1-70-70),409099,0508d583-89de-4b64-9b74-f855ee92463e,2021-02-11 13:59:11,541.406,2021-02-11 12:51:21.531000,2021-02-11 13:00:22.937000,10.0,false,typical_of_concept,cold,mug,../data/prolific_output/run5_scalar_heat-group_scalar_heat/qu70-s_qu3-batch1.csv
qu70-s_qu3-batch1.csv-3,3,NOT AVAILABLE,NOT AVAILABLE,6d3579fa-979b-4f40-8e61-d17b09d60808,PROLIFIC,11-Feb-2021 14:29:02,1175,46637,a1fa8a3c-8bca-48bb-9952-8c3d943e6eb4,``Cold'' is one for the first things which come to mind when I hear ``mug' because cold is one of the typical temperatures of (a/an) mug'.,``Spicy'' is one for the first things which come to mind when I hear ``chili_pepper' because spicy is one of the typical tastes of (a/an) chili_pepper'.,``Sweet'' is one for the first things which come to mind when I hear ``spinach' because sweet is one of the typical tastes of (a/an) spinach'.,5_scalar_heat-set_extension_full_range,https://app.prolific.co/submissions/complete?cc=135DD3C8,Agree or disagree (run5_scalar_heat-set_extension_full_range-experiment_scalar-batch1-70-70),409890,8d9c88cb-cf7e-4c5d-b76f-bef67b1a429a,2021-02-11 14:29:02,1192.435,2021-02-11 13:22:48.051000,2021-02-11 13:42:40.486000,6.0,true,typical_of_concept,cold,mug,../data/prolific_output/run5_scalar_heat-group_scalar_heat/qu70-s_qu3-batch1.csv
qu70-s_qu3-batch1.csv-3,3,NOT AVAILABLE,NOT AVAILABLE,cdbc1fee-804e-441b-89d3-98ac0ac8ce4d,PROLIFIC,11-Feb-2021 13:44:38,1175,46637,a1fa8a3c-8bca-48bb-9952-8c3d943e6eb4,``Cold'' is one for the first things which come to mind when I hear ``mug' because cold is one of the typical temperatures of (a/an) mug'.,``Spicy'' is one for the first things which come to mind when I hear ``chili_pepper' because spicy is one of the typical tastes of (a/an) chili_pepper'.,``Sweet'' is one for the first things which come to mind when I hear ``spinach' because sweet is one of the typical tastes of (a/an) spinach'.,5_scalar_heat-set_extension_full_range,https://app.prolific.co/submissions/complete?cc=135DD3C8,Agree or disagree (run5_scalar_heat-set_extension_full_range-experiment_scalar-batch1-70-70),408679,8cc0a8b0-ffe7-4ff6-b07f-48f0defe51c1,2021-02-11 13:44:38,397.434,2021-02-11 12:42:36.412000,2021-02-11 12:49:13.846000,8.0,false,typical_of_concept,cold,mug,../data/prolific_output/run5_scalar_heat-group_scalar_heat/qu70-s_qu3-batch1.csv
qu70-s_qu3-batch1.csv-3,3,NOT AVAILABLE,NOT AVAILABLE,3dad7290-5e89-4340-9c49-15454b8ca9bf,PROLIFIC,11-Feb-2021 15:25:50,1175,46637,a1fa8a3c-8bca-48bb-9952-8c3d943e6eb4,``Cold'' is one for the first things which come to mind when I hear ``mug' because cold is one of the typical temperatures of (a/an) mug'.,``Spicy'' is one for the first things which come to mind when I hear ``chili_pepper' because spicy is one of the typical tastes of (a/an) chili_pepper'.,``Sweet'' is one for the first things which come to mind when I hear ``spinach' because sweet is one of the typical tastes of (a/an) spinach'.,5_scalar_heat-set_extension_full_range,https://app.prolific.co/submissions/complete?cc=135DD3C8,Agree or disagree (run5_scalar_heat-set_extension_full_range-experiment_scalar-batch1-70-70),410620,338bf910-b05f-42cb-a08a-b15f62045288,2021-02-11 15:25:50,338.556,2021-02-11 14:20:14.112000,2021-02-11 14:25:52.668000,6.668,false,typical_of_concept,cold,mug,../data/prolific_output/run5_scalar_heat-group_scalar_heat/qu70-s_qu3-batch1.csv
qu70-s_qu3-batch1.csv-3,3,NOT AVAILABLE,NOT AVAILABLE,d2716620-0f6b-4985-8f7a-496de72c4edf,PROLIFIC,11-Feb-2021 14:22:26,1175,46638,cfcf40fc-16f5-4a1b-bfda-ff23d5ee5568,"I could say (a/an) mug is cold, but I would most certainly not mean it literally.","I could say (a/an) anger is hot, but I would most certainly not mean it literally.
I could say (a/an) person is cold, but I would most certainly not mean it literally.
I could say (a/an) story is dark, but I would most certainly not mean it literally.","I could say (a/an) fire is hot, but I would most certainly not mean it literally.
I could say (a/an) stone is heavy, but I would most certainly not mean it literally.
I could say (a/an) argument is liquid, but I would most certainly not mean it literally.",5_scalar_heat-set_extension_full_range,https://app.prolific.co/submissions/complete?cc=135DD3C8,Agree or disagree (run5_scalar_heat-set_extension_full_range-experiment_scalar-batch1-70-70),409806,53323368-7427-45eb-ae1e-52ba665739bf,2021-02-11 14:22:26,637.11,2021-02-11 13:12:57.882000,2021-02-11 13:23:34.992000,5.0,false,creative,cold,mug,../data/prolific_output/run5_scalar_heat-group_scalar_heat/qu70-s_qu3-batch1.csv
qu70-s_qu3-batch1.csv-3,3,NOT AVAILABLE,NOT AVAILABLE,dac5112b-e90f-43d3-81c2-3642f5b6e2f9,PROLIFIC,11-Feb-2021 14:10:26,1175,46638,cfcf40fc-16f5-4a1b-bfda-ff23d5ee5568,"I could say (a/an) mug is cold, but I would most certainly not mean it literally.","I could say (a/an) anger is hot, but I would most certainly not mean it literally.
I could say (a/an) person is cold, but I would most certainly not mean it literally.
I could say (a/an) story is dark, but I would most certainly not mean it literally.","I could say (a/an) fire is hot, but I would most certainly not mean it literally.
I could say (a/an) stone is heavy, but I would most certainly not mean it literally.
I could say (a/an) argument is liquid, but I would most certainly not mean it literally.",5_scalar_heat-set_extension_full_range,https://app.prolific.co/submissions/complete?cc=135DD3C8,Agree or disagree (run5_scalar_heat-set_extension_full_range-experiment_scalar-batch1-70-70),409374,051836df-52d9-4614-9ba3-ac5bc99d4686,2021-02-11 14:10:26,432.345,2021-02-11 13:06:47.662000,2021-02-11 13:14:00.007000,3.0,false,creative,cold,mug,../data/prolific_output/run5_scalar_heat-group_scalar_heat/qu70-s_qu3-batch1.csv
qu70-s_qu3-batch1.csv-3,3,NOT AVAILABLE,NOT AVAILABLE,c86c92f5-934b-4073-b69b-aa1a3a830dc3,PROLIFIC,11-Feb-2021 14:23:27,1175,46638,cfcf40fc-16f5-4a1b-bfda-ff23d5ee5568,"I could say (a/an) mug is cold, but I would most certainly not mean it literally.","I could say (a/an) anger is hot, but I would most certainly not mean it literally.
I could say (a/an) person is cold, but I would most certainly not mean it literally.
I could say (a/an) story is dark, but I would most certainly not mean it literally.","I could say (a/an) fire is hot, but I would most certainly not mean it literally.
I could say (a/an) stone is heavy, but I would most certainly not mean it literally.
I could say (a/an) argument is liquid, but I would most certainly not mean it literally.",5_scalar_heat-set_extension_full_range,https://app.prolific.co/submissions/complete?cc=135DD3C8,Agree or disagree (run5_scalar_heat-set_extension_full_range-experiment_scalar-batch1-70-70),409824,13958d74-26be-4802-aec3-b3a545a6e758,2021-02-11 14:23:27,1299.53,2021-02-11 13:03:43.109000,2021-02-11 13:25:22.639000,5.0,true,creative,cold,mug,../data/prolific_output/run5_scalar_heat-group_scalar_heat/qu70-s_qu3-batch1.csv
qu70-s_qu3-batch1.csv-3,3,NOT AVAILABLE,NOT AVAILABLE,965f4ff2-bcc0-4ec5-91f4-5904025dc272,PROLIFIC,11-Feb-2021 14:53:34,1175,46638,cfcf40fc-16f5-4a1b-bfda-ff23d5ee5568,"I could say (a/an) mug is cold, but I would most certainly not mean it literally.","I could say (a/an) anger is hot, but I would most certainly not mean it literally.
I could say (a/an) person is cold, but I would most certainly not mean it literally.
I could say (a/an) story is dark, but I would most certainly not mean it literally.","I could say (a/an) fire is hot, but I would most certainly not mean it literally.
I could say (a/an) stone is heavy, but I would most certainly not mean it literally.
I could say (a/an) argument is liquid, but I would most certainly not mean it literally.",5_scalar_heat-set_extension_full_range,https://app.prolific.co/submissions/complete?cc=135DD3C8,Agree or disagree (run5_scalar_heat-set_extension_full_range-experiment_scalar-batch1-70-70),410286,1241c17a-c138-4c3c-bf81-14855a8d629d,2021-02-11 14:53:34,285.593,2021-02-11 13:50:20.301000,2021-02-11 13:55:05.894000,3.0,false,creative,cold,mug,../data/prolific_output/run5_scalar_heat-group_scalar_heat/qu70-s_qu3-batch1.csv
qu70-s_qu3-batch1.csv-3,3,NOT AVAILABLE,NOT AVAILABLE,34e021b9-d47d-4dd4-bc71-ddc5ab813ce2,PROLIFIC,11-Feb-2021 13:57:12,1175,46638,cfcf40fc-16f5-4a1b-bfda-ff23d5ee5568,"I could say (a/an) mug is cold, but I would most certainly not mean it literally.","I could say (a/an) anger is hot, but I would most certainly not mean it literally.
I could say (a/an) person is cold, but I would most certainly not mean it literally.
I could say (a/an) story is dark, but I would most certainly not mean it literally.","I could say (a/an) fire is hot, but I would most certainly not mean it literally.
I could say (a/an) stone is heavy, but I would most certainly not mean it literally.
I could say (a/an) argument is liquid, but I would most certainly not mean it literally.",5_scalar_heat-set_extension_full_range,https://app.prolific.co/submissions/complete?cc=135DD3C8,Agree or disagree (run5_scalar_heat-set_extension_full_range-experiment_scalar-batch1-70-70),409012,aa591248-ee37-4363-9201-9f6517b204bb,2021-02-11 13:57:12,541.406,2021-02-11 12:51:21.531000,2021-02-11 13:00:22.937000,12.0,false,creative,cold,mug,../data/prolific_output/run5_scalar_heat-group_scalar_heat/qu70-s_qu3-batch1.csv
qu70-s_qu3-batch1.csv-3,3,NOT AVAILABLE,NOT AVAILABLE,6d3579fa-979b-4f40-8e61-d17b09d60808,PROLIFIC,11-Feb-2021 14:40:55,1175,46638,cfcf40fc-16f5-4a1b-bfda-ff23d5ee5568,"I could say (a/an) mug is cold, but I would most certainly not mean it literally.","I could say (a/an) anger is hot, but I would most certainly not mean it literally.
I could say (a/an) person is cold, but I would most certainly not mean it literally.
I could say (a/an) story is dark, but I would most certainly not mean it literally.","I could say (a/an) fire is hot, but I would most certainly not mean it literally.
I could say (a/an) stone is heavy, but I would most certainly not mean it literally.
I could say (a/an) argument is liquid, but I would most certainly not mean it literally.",5_scalar_heat-set_extension_full_range,https://app.prolific.co/submissions/complete?cc=135DD3C8,Agree or disagree (run5_scalar_heat-set_extension_full_range-experiment_scalar-batch1-70-70),410104,bd53dff8-0214-4fce-9e23-7785efbb5222,2021-02-11 14:40:55,1192.435,2021-02-11 13:22:48.051000,2021-02-11 13:42:40.486000,215.0,false,creative,cold,mug,../data/prolific_output/run5_scalar_heat-group_scalar_heat/qu70-s_qu3-batch1.csv
qu70-s_qu3-batch1.csv-3,3,NOT AVAILABLE,NOT AVAILABLE,cdbc1fee-804e-441b-89d3-98ac0ac8ce4d,PROLIFIC,11-Feb-2021 13:48:24,1175,46638,cfcf40fc-16f5-4a1b-bfda-ff23d5ee5568,"I could say (a/an) mug is cold, but I would most certainly not mean it literally.","I could say (a/an) anger is hot, but I would most certainly not mean it literally.
I could say (a/an) person is cold, but I would most certainly not mean it literally.
I could say (a/an) story is dark, but I would most certainly not mean it literally.","I could say (a/an) fire is hot, but I would most certainly not mean it literally.
I could say (a/an) stone is heavy, but I would most certainly not mean it literally.
I could say (a/an) argument is liquid, but I would most certainly not mean it literally.",5_scalar_heat-set_extension_full_range,https://app.prolific.co/submissions/complete?cc=135DD3C8,Agree or disagree (run5_scalar_heat-set_extension_full_range-experiment_scalar-batch1-70-70),408734,7d6daf18-7bcd-4b5b-9b0e-7dff2b713800,2021-02-11 13:48:24,397.434,2021-02-11 12:42:36.412000,2021-02-11 12:49:13.846000,3.0,false,creative,cold,mug,../data/prolific_output/run5_scalar_heat-group_scalar_heat/qu70-s_qu3-batch1.csv
qu70-s_qu3-batch1.csv-3,3,NOT AVAILABLE,NOT AVAILABLE,3dad7290-5e89-4340-9c49-15454b8ca9bf,PROLIFIC,11-Feb-2021 15:24:26,1175,46638,cfcf40fc-16f5-4a1b-bfda-ff23d5ee5568,"I could say (a/an) mug is cold, but I would most certainly not mean it literally.","I could say (a/an) anger is hot, but I would most certainly not mean it literally.
I could say (a/an) person is cold, but I would most certainly not mean it literally.
I could say (a/an) story is dark, but I would most certainly not mean it literally.","I could say (a/an) fire is hot, but I would most certainly not mean it literally.
I could say (a/an) stone is heavy, but I would most certainly not mean it literally.
I could say (a/an) argument is liquid, but I would most certainly not mean it literally.",5_scalar_heat-set_extension_full_range,https://app.prolific.co/submissions/complete?cc=135DD3C8,Agree or disagree (run5_scalar_heat-set_extension_full_range-experiment_scalar-batch1-70-70),410599,39eec279-cf28-4fbc-b9d2-49a2967c3d4f,2021-02-11 15:24:26,338.556,2021-02-11 14:20:14.112000,2021-02-11 14:25:52.668000,2.0,false,creative,cold,mug,../data/prolific_output/run5_scalar_heat-group_scalar_heat/qu70-s_qu3-batch1.csv
qu70-s_qu3-batch1.csv-3,3,NOT AVAILABLE,NOT AVAILABLE,d2716620-0f6b-4985-8f7a-496de72c4edf,PROLIFIC,11-Feb-2021 14:15:11,1175,46639,dd66f1d2-71d9-4870-a03b-c4637758a115,I know that being cold is necessary for many things (a/an) mug does or is used for. ,I know that being sharp is necessary for many things (a/an) razor does or is used for. ,I know that being colorful is necessary for many things (a/an) dress does or is used for. ,5_scalar_heat-set_extension_full_range,https://app.prolific.co/submissions/complete?cc=135DD3C8,Agree or disagree (run5_scalar_heat-set_extension_full_range-experiment_scalar-batch1-70-70),409541,eefd83a4-3dab-4431-875b-ca48ce232514,2021-02-11 14:15:11,637.11,2021-02-11 13:12:57.882000,2021-02-11 13:23:34.992000,8.0,false,affording_activity,cold,mug,../data/prolific_output/run5_scalar_heat-group_scalar_heat/qu70-s_qu3-batch1.csv
qu70-s_qu3-batch1.csv-3,3,NOT AVAILABLE,NOT AVAILABLE,dac5112b-e90f-43d3-81c2-3642f5b6e2f9,PROLIFIC,11-Feb-2021 14:13:19,1175,46639,dd66f1d2-71d9-4870-a03b-c4637758a115,I know that being cold is necessary for many things (a/an) mug does or is used for. ,I know that being sharp is necessary for many things (a/an) razor does or is used for. ,I know that being colorful is necessary for many things (a/an) dress does or is used for. ,5_scalar_heat-set_extension_full_range,https://app.prolific.co/submissions/complete?cc=135DD3C8,Agree or disagree (run5_scalar_heat-set_extension_full_range-experiment_scalar-batch1-70-70),409474,656d4824-1ea4-4984-8126-eeeb24ca5450,2021-02-11 14:13:19,432.345,2021-02-11 13:06:47.662000,2021-02-11 13:14:00.007000,3.0,false,affording_activity,cold,mug,../data/prolific_output/run5_scalar_heat-group_scalar_heat/qu70-s_qu3-batch1.csv
qu70-s_qu3-batch1.csv-3,3,NOT AVAILABLE,NOT AVAILABLE,c86c92f5-934b-4073-b69b-aa1a3a830dc3,PROLIFIC,11-Feb-2021 14:25:09,1175,46639,dd66f1d2-71d9-4870-a03b-c4637758a115,I know that being cold is necessary for many things (a/an) mug does or is used for. ,I know that being sharp is necessary for many things (a/an) razor does or is used for. ,I know that being colorful is necessary for many things (a/an) dress does or is used for. ,5_scalar_heat-set_extension_full_range,https://app.prolific.co/submissions/complete?cc=135DD3C8,Agree or disagree (run5_scalar_heat-set_extension_full_range-experiment_scalar-batch1-70-70),409850,ff603163-6302-4016-9d42-fff2270a95c2,2021-02-11 14:25:09,1299.53,2021-02-11 13:03:43.109000,2021-02-11 13:25:22.639000,4.0,false,affording_activity,cold,mug,../data/prolific_output/run5_scalar_heat-group_scalar_heat/qu70-s_qu3-batch1.csv
qu70-s_qu3-batch1.csv-3,3,NOT AVAILABLE,NOT AVAILABLE,965f4ff2-bcc0-4ec5-91f4-5904025dc272,PROLIFIC,11-Feb-2021 14:52:28,1175,46639,dd66f1d2-71d9-4870-a03b-c4637758a115,I know that being cold is necessary for many things (a/an) mug does or is used for. ,I know that being sharp is necessary for many things (a/an) razor does or is used for. ,I know that being colorful is necessary for many things (a/an) dress does or is used for. ,5_scalar_heat-set_extension_full_range,https://app.prolific.co/submissions/complete?cc=135DD3C8,Agree or disagree (run5_scalar_heat-set_extension_full_range-experiment_scalar-batch1-70-70),410259,0bc7d4ae-0eda-4e3a-88da-f0723a8d6b81,2021-02-11 14:52:28,285.593,2021-02-11 13:50:20.301000,2021-02-11 13:55:05.894000,3.0,false,affording_activity,cold,mug,../data/prolific_output/run5_scalar_heat-group_scalar_heat/qu70-s_qu3-batch1.csv
qu70-s_qu3-batch1.csv-3,3,NOT AVAILABLE,NOT AVAILABLE,34e021b9-d47d-4dd4-bc71-ddc5ab813ce2,PROLIFIC,11-Feb-2021 13:54:06,1175,46639,dd66f1d2-71d9-4870-a03b-c4637758a115,I know that being cold is necessary for many things (a/an) mug does or is used for. ,I know that being sharp is necessary for many things (a/an) razor does or is used for. ,I know that being colorful is necessary for many things (a/an) dress does or is used for. ,5_scalar_heat-set_extension_full_range,https://app.prolific.co/submissions/complete?cc=135DD3C8,Agree or disagree (run5_scalar_heat-set_extension_full_range-experiment_scalar-batch1-70-70),408892,1edb3711-f409-4cc2-a613-b6ae22fa22d8,2021-02-11 13:54:06,541.406,2021-02-11 12:51:21.531000,2021-02-11 13:00:22.937000,11.0,false,affording_activity,cold,mug,../data/prolific_output/run5_scalar_heat-group_scalar_heat/qu70-s_qu3-batch1.csv
qu70-s_qu3-batch1.csv-3,3,NOT AVAILABLE,NOT AVAILABLE,6d3579fa-979b-4f40-8e61-d17b09d60808,PROLIFIC,11-Feb-2021 14:42:28,1175,46639,dd66f1d2-71d9-4870-a03b-c4637758a115,I know that being cold is necessary for many things (a/an) mug does or is used for. ,I know that being sharp is necessary for many things (a/an) razor does or is used for. ,I know that being colorful is necessary for many things (a/an) dress does or is used for. ,5_scalar_heat-set_extension_full_range,https://app.prolific.co/submissions/complete?cc=135DD3C8,Agree or disagree (run5_scalar_heat-set_extension_full_range-experiment_scalar-batch1-70-70),410122,3ec8e31e-353a-4d3b-a661-2b39bc90ad8c,2021-02-11 14:42:28,1192.435,2021-02-11 13:22:48.051000,2021-02-11 13:42:40.486000,2.0,false,affording_activity,cold,mug,../data/prolific_output/run5_scalar_heat-group_scalar_heat/qu70-s_qu3-batch1.csv
qu70-s_qu3-batch1.csv-3,3,NOT AVAILABLE,NOT AVAILABLE,cdbc1fee-804e-441b-89d3-98ac0ac8ce4d,PROLIFIC,11-Feb-2021 13:46:17,1175,46639,dd66f1d2-71d9-4870-a03b-c4637758a115,I know that being cold is necessary for many things (a/an) mug does or is used for. ,I know that being sharp is necessary for many things (a/an) razor does or is used for. ,I know that being colorful is necessary for many things (a/an) dress does or is used for. ,5_scalar_heat-set_extension_full_range,https://app.prolific.co/submissions/complete?cc=135DD3C8,Agree or disagree (run5_scalar_heat-set_extension_full_range-experiment_scalar-batch1-70-70),408713,398f5535-df4c-482f-87d3-46d2bf474cf0,2021-02-11 13:46:17,397.434,2021-02-11 12:42:36.412000,2021-02-11 12:49:13.846000,6.0,false,affording_activity,cold,mug,../data/prolific_output/run5_scalar_heat-group_scalar_heat/qu70-s_qu3-batch1.csv
qu70-s_qu3-batch1.csv-3,3,NOT AVAILABLE,NOT AVAILABLE,3dad7290-5e89-4340-9c49-15454b8ca9bf,PROLIFIC,11-Feb-2021 15:23:36,1175,46639,dd66f1d2-71d9-4870-a03b-c4637758a115,I know that being cold is necessary for many things (a/an) mug does or is used for. ,I know that being sharp is necessary for many things (a/an) razor does or is used for. ,I know that being colorful is necessary for many things (a/an) dress does or is used for. ,5_scalar_heat-set_extension_full_range,https://app.prolific.co/submissions/complete?cc=135DD3C8,Agree or disagree (run5_scalar_heat-set_extension_full_range-experiment_scalar-batch1-70-70),410589,83f65124-0c0d-4f31-ad55-92258f2b9e86,2021-02-11 15:23:36,338.556,2021-02-11 14:20:14.112000,2021-02-11 14:25:52.668000,3.0,false,affording_activity,cold,mug,../data/prolific_output/run5_scalar_heat-group_scalar_heat/qu70-s_qu3-batch1.csv
qu70-s_qu3-batch1.csv-3,3,NOT AVAILABLE,NOT AVAILABLE,d2716620-0f6b-4985-8f7a-496de72c4edf,PROLIFIC,11-Feb-2021 14:20:58,1175,46640,8637ce7b-ad82-474d-8505-e253614593f0,You can find (a/an) mug which is cold. (A/an) mug is usually either cold or not cold. It cannot be a bit more or less cold.,You can find (a/an) substance which is solid. (A/an) substance is usually either solid or not solid. It cannot be a bit more or less solid.,You can find (a/an) cushion which is soft. (A/an) cushion is usually either soft or not soft. It cannot be a bit more or less soft.,5_scalar_heat-set_extension_full_range,https://app.prolific.co/submissions/complete?cc=135DD3C8,Agree or disagree (run5_scalar_heat-set_extension_full_range-experiment_scalar-batch1-70-70),409790,6879b81c-b3b2-44ac-8184-643f07752beb,2021-02-11 14:20:58,637.11,2021-02-11 13:12:57.882000,2021-02-11 13:23:34.992000,7.0,false,variability_limited,cold,mug,../data/prolific_output/run5_scalar_heat-group_scalar_heat/qu70-s_qu3-batch1.csv
qu70-s_qu3-batch1.csv-3,3,NOT AVAILABLE,NOT AVAILABLE,dac5112b-e90f-43d3-81c2-3642f5b6e2f9,PROLIFIC,11-Feb-2021 14:12:35,1175,46640,8637ce7b-ad82-474d-8505-e253614593f0,You can find (a/an) mug which is cold. (A/an) mug is usually either cold or not cold. It cannot be a bit more or less cold.,You can find (a/an) substance which is solid. (A/an) substance is usually either solid or not solid. It cannot be a bit more or less solid.,You can find (a/an) cushion which is soft. (A/an) cushion is usually either soft or not soft. It cannot be a bit more or less soft.,5_scalar_heat-set_extension_full_range,https://app.prolific.co/submissions/complete?cc=135DD3C8,Agree or disagree (run5_scalar_heat-set_extension_full_range-experiment_scalar-batch1-70-70),409444,5e298ed3-bf3a-4079-8b65-35e890fdc681,2021-02-11 14:12:35,432.345,2021-02-11 13:06:47.662000,2021-02-11 13:14:00.007000,4.0,false,variability_limited,cold,mug,../data/prolific_output/run5_scalar_heat-group_scalar_heat/qu70-s_qu3-batch1.csv
qu70-s_qu3-batch1.csv-3,3,NOT AVAILABLE,NOT AVAILABLE,c86c92f5-934b-4073-b69b-aa1a3a830dc3,PROLIFIC,11-Feb-2021 14:17:50,1175,46640,8637ce7b-ad82-474d-8505-e253614593f0,You can find (a/an) mug which is cold. (A/an) mug is usually either cold or not cold. It cannot be a bit more or less cold.,You can find (a/an) substance which is solid. (A/an) substance is usually either solid or not solid. It cannot be a bit more or less solid.,You can find (a/an) cushion which is soft. (A/an) cushion is usually either soft or not soft. It cannot be a bit more or less soft.,5_scalar_heat-set_extension_full_range,https://app.prolific.co/submissions/complete?cc=135DD3C8,Agree or disagree (run5_scalar_heat-set_extension_full_range-experiment_scalar-batch1-70-70),409672,569a9a80-da79-4086-86c1-ef9e4d648172,2021-02-11 14:17:50,1299.53,2021-02-11 13:03:43.109000,2021-02-11 13:25:22.639000,22.0,false,variability_limited,cold,mug,../data/prolific_output/run5_scalar_heat-group_scalar_heat/qu70-s_qu3-batch1.csv
qu70-s_qu3-batch1.csv-3,3,NOT AVAILABLE,NOT AVAILABLE,965f4ff2-bcc0-4ec5-91f4-5904025dc272,PROLIFIC,11-Feb-2021 14:54:23,1175,46640,8637ce7b-ad82-474d-8505-e253614593f0,You can find (a/an) mug which is cold. (A/an) mug is usually either cold or not cold. It cannot be a bit more or less cold.,You can find (a/an) substance which is solid. (A/an) substance is usually either solid or not solid. It cannot be a bit more or less solid.,You can find (a/an) cushion which is soft. (A/an) cushion is usually either soft or not soft. It cannot be a bit more or less soft.,5_scalar_heat-set_extension_full_range,https://app.prolific.co/submissions/complete?cc=135DD3C8,Agree or disagree (run5_scalar_heat-set_extension_full_range-experiment_scalar-batch1-70-70),410315,e688bc07-2a54-4cf0-96a3-249f1df6b88b,2021-02-11 14:54:23,285.593,2021-02-11 13:50:20.301000,2021-02-11 13:55:05.894000,4.0,false,variability_limited,cold,mug,../data/prolific_output/run5_scalar_heat-group_scalar_heat/qu70-s_qu3-batch1.csv
qu70-s_qu3-batch1.csv-3,3,NOT AVAILABLE,NOT AVAILABLE,34e021b9-d47d-4dd4-bc71-ddc5ab813ce2,PROLIFIC,11-Feb-2021 13:58:21,1175,46640,8637ce7b-ad82-474d-8505-e253614593f0,You can find (a/an) mug which is cold. (A/an) mug is usually either cold or not cold. It cannot be a bit more or less cold.,You can find (a/an) substance which is solid. (A/an) substance is usually either solid or not solid. It cannot be a bit more or less solid.,You can find (a/an) cushion which is soft. (A/an) cushion is usually either soft or not soft. It cannot be a bit more or less soft.,5_scalar_heat-set_extension_full_range,https://app.prolific.co/submissions/complete?cc=135DD3C8,Agree or disagree (run5_scalar_heat-set_extension_full_range-experiment_scalar-batch1-70-70),409065,87418540-2273-4c0e-8236-0da85b0ff96e,2021-02-11 13:58:21,541.406,2021-02-11 12:51:21.531000,2021-02-11 13:00:22.937000,18.0,false,variability_limited,cold,mug,../data/prolific_output/run5_scalar_heat-group_scalar_heat/qu70-s_qu3-batch1.csv
qu70-s_qu3-batch1.csv-3,3,NOT AVAILABLE,NOT AVAILABLE,6d3579fa-979b-4f40-8e61-d17b09d60808,PROLIFIC,11-Feb-2021 14:41:18,1175,46640,8637ce7b-ad82-474d-8505-e253614593f0,You can find (a/an) mug which is cold. (A/an) mug is usually either cold or not cold. It cannot be a bit more or less cold.,You can find (a/an) substance which is solid. (A/an) substance is usually either solid or not solid. It cannot be a bit more or less solid.,You can find (a/an) cushion which is soft. (A/an) cushion is usually either soft or not soft. It cannot be a bit more or less soft.,5_scalar_heat-set_extension_full_range,https://app.prolific.co/submissions/complete?cc=135DD3C8,Agree or disagree (run5_scalar_heat-set_extension_full_range-experiment_scalar-batch1-70-70),410112,a19f52c6-8b1a-4e7f-9aaa-879383bb5e63,2021-02-11 14:41:18,1192.435,2021-02-11 13:22:48.051000,2021-02-11 13:42:40.486000,4.0,false,variability_limited,cold,mug,../data/prolific_output/run5_scalar_heat-group_scalar_heat/qu70-s_qu3-batch1.csv
qu70-s_qu3-batch1.csv-3,3,NOT AVAILABLE,NOT AVAILABLE,cdbc1fee-804e-441b-89d3-98ac0ac8ce4d,PROLIFIC,11-Feb-2021 13:46:21,1175,46640,8637ce7b-ad82-474d-8505-e253614593f0,You can find (a/an) mug which is cold. (A/an) mug is usually either cold or not cold. It cannot be a bit more or less cold.,You can find (a/an) substance which is solid. (A/an) substance is usually either solid or not solid. It cannot be a bit more or less solid.,You can find (a/an) cushion which is soft. (A/an) cushion is usually either soft or not soft. It cannot be a bit more or less soft.,5_scalar_heat-set_extension_full_range,https://app.prolific.co/submissions/complete?cc=135DD3C8,Agree or disagree (run5_scalar_heat-set_extension_full_range-experiment_scalar-batch1-70-70),408714,19dc49fc-4c16-4d80-b90f-3851b25c445e,2021-02-11 13:46:21,397.434,2021-02-11 12:42:36.412000,2021-02-11 12:49:13.846000,4.0,false,variability_limited,cold,mug,../data/prolific_output/run5_scalar_heat-group_scalar_heat/qu70-s_qu3-batch1.csv
qu70-s_qu3-batch1.csv-3,3,NOT AVAILABLE,NOT AVAILABLE,3dad7290-5e89-4340-9c49-15454b8ca9bf,PROLIFIC,11-Feb-2021 15:22:32,1175,46640,8637ce7b-ad82-474d-8505-e253614593f0,You can find (a/an) mug which is cold. (A/an) mug is usually either cold or not cold. It cannot be a bit more or less cold.,You can find (a/an) substance which is solid. (A/an) substance is usually either solid or not solid. It cannot be a bit more or less solid.,You can find (a/an) cushion which is soft. (A/an) cushion is usually either soft or not soft. It cannot be a bit more or less soft.,5_scalar_heat-set_extension_full_range,https://app.prolific.co/submissions/complete?cc=135DD3C8,Agree or disagree (run5_scalar_heat-set_extension_full_range-experiment_scalar-batch1-70-70),410572,07aa1513-44f5-41da-9985-85c98f0ecaf3,2021-02-11 15:22:32,338.556,2021-02-11 14:20:14.112000,2021-02-11 14:25:52.668000,12.0,false,variability_limited,cold,mug,../data/prolific_output/run5_scalar_heat-group_scalar_heat/qu70-s_qu3-batch1.csv
qu70-s_qu3-batch1.csv-3,3,NOT AVAILABLE,NOT AVAILABLE,d2716620-0f6b-4985-8f7a-496de72c4edf,PROLIFIC,11-Feb-2021 14:20:51,1175,46641,ff69ce1a-0558-4d73-ab07-c5962d82e5e0,I think it is impossible for (a/an) mug to be cold.,I think it is impossible for (a/an) steam to be solid.,I think it is impossible for (a/an) flame to be orange.,5_scalar_heat-set_extension_full_range,https://app.prolific.co/submissions/complete?cc=135DD3C8,Agree or disagree (run5_scalar_heat-set_extension_full_range-experiment_scalar-batch1-70-70),409787,1da22a43-d28c-4d7c-8600-76156c04cc4e,2021-02-11 14:20:51,637.11,2021-02-11 13:12:57.882000,2021-02-11 13:23:34.992000,7.0,false,impossible,cold,mug,../data/prolific_output/run5_scalar_heat-group_scalar_heat/qu70-s_qu3-batch1.csv
qu70-s_qu3-batch1.csv-3,3,NOT AVAILABLE,NOT AVAILABLE,dac5112b-e90f-43d3-81c2-3642f5b6e2f9,PROLIFIC,11-Feb-2021 14:12:36,1175,46641,ff69ce1a-0558-4d73-ab07-c5962d82e5e0,I think it is impossible for (a/an) mug to be cold.,I think it is impossible for (a/an) steam to be solid.,I think it is impossible for (a/an) flame to be orange.,5_scalar_heat-set_extension_full_range,https://app.prolific.co/submissions/complete?cc=135DD3C8,Agree or disagree (run5_scalar_heat-set_extension_full_range-experiment_scalar-batch1-70-70),409447,90bf92d3-2812-4de9-9f07-dee029a3d484,2021-02-11 14:12:36,432.345,2021-02-11 13:06:47.662000,2021-02-11 13:14:00.007000,1.0,false,impossible,cold,mug,../data/prolific_output/run5_scalar_heat-group_scalar_heat/qu70-s_qu3-batch1.csv
qu70-s_qu3-batch1.csv-3,3,NOT AVAILABLE,NOT AVAILABLE,c86c92f5-934b-4073-b69b-aa1a3a830dc3,PROLIFIC,11-Feb-2021 14:25:18,1175,46641,ff69ce1a-0558-4d73-ab07-c5962d82e5e0,I think it is impossible for (a/an) mug to be cold.,I think it is impossible for (a/an) steam to be solid.,I think it is impossible for (a/an) flame to be orange.,5_scalar_heat-set_extension_full_range,https://app.prolific.co/submissions/complete?cc=135DD3C8,Agree or disagree (run5_scalar_heat-set_extension_full_range-experiment_scalar-batch1-70-70),409853,11f291d4-cfb7-41f1-849b-a237e9d93c18,2021-02-11 14:25:18,1299.53,2021-02-11 13:03:43.109000,2021-02-11 13:25:22.639000,13.639,false,impossible,cold,mug,../data/prolific_output/run5_scalar_heat-group_scalar_heat/qu70-s_qu3-batch1.csv
qu70-s_qu3-batch1.csv-3,3,NOT AVAILABLE,NOT AVAILABLE,965f4ff2-bcc0-4ec5-91f4-5904025dc272,PROLIFIC,11-Feb-2021 14:53:03,1175,46641,ff69ce1a-0558-4d73-ab07-c5962d82e5e0,I think it is impossible for (a/an) mug to be cold.,I think it is impossible for (a/an) steam to be solid.,I think it is impossible for (a/an) flame to be orange.,5_scalar_heat-set_extension_full_range,https://app.prolific.co/submissions/complete?cc=135DD3C8,Agree or disagree (run5_scalar_heat-set_extension_full_range-experiment_scalar-batch1-70-70),410272,f176da6a-f078-4a38-87ec-ff1df6ae49cd,2021-02-11 14:53:03,285.593,2021-02-11 13:50:20.301000,2021-02-11 13:55:05.894000,2.0,false,impossible,cold,mug,../data/prolific_output/run5_scalar_heat-group_scalar_heat/qu70-s_qu3-batch1.csv
qu70-s_qu3-batch1.csv-3,3,NOT AVAILABLE,NOT AVAILABLE,34e021b9-d47d-4dd4-bc71-ddc5ab813ce2,PROLIFIC,11-Feb-2021 13:56:21,1175,46641,ff69ce1a-0558-4d73-ab07-c5962d82e5e0,I think it is impossible for (a/an) mug to be cold.,I think it is impossible for (a/an) steam to be solid.,I think it is impossible for (a/an) flame to be orange.,5_scalar_heat-set_extension_full_range,https://app.prolific.co/submissions/complete?cc=135DD3C8,Agree or disagree (run5_scalar_heat-set_extension_full_range-experiment_scalar-batch1-70-70),408982,4f38b47a-0690-446c-a24a-3c73a40bd1db,2021-02-11 13:56:21,541.406,2021-02-11 12:51:21.531000,2021-02-11 13:00:22.937000,8.0,false,impossible,cold,mug,../data/prolific_output/run5_scalar_heat-group_scalar_heat/qu70-s_qu3-batch1.csv
qu70-s_qu3-batch1.csv-3,3,NOT AVAILABLE,NOT AVAILABLE,6d3579fa-979b-4f40-8e61-d17b09d60808,PROLIFIC,11-Feb-2021 14:35:23,1175,46641,ff69ce1a-0558-4d73-ab07-c5962d82e5e0,I think it is impossible for (a/an) mug to be cold.,I think it is impossible for (a/an) steam to be solid.,I think it is impossible for (a/an) flame to be orange.,5_scalar_heat-set_extension_full_range,https://app.prolific.co/submissions/complete?cc=135DD3C8,Agree or disagree (run5_scalar_heat-set_extension_full_range-experiment_scalar-batch1-70-70),410053,f902327e-5f51-4d94-911e-891e3a8a437b,2021-02-11 14:35:23,1192.435,2021-02-11 13:22:48.051000,2021-02-11 13:42:40.486000,3.0,false,impossible,cold,mug,../data/prolific_output/run5_scalar_heat-group_scalar_heat/qu70-s_qu3-batch1.csv
qu70-s_qu3-batch1.csv-3,3,NOT AVAILABLE,NOT AVAILABLE,cdbc1fee-804e-441b-89d3-98ac0ac8ce4d,PROLIFIC,11-Feb-2021 13:46:24,1175,46641,ff69ce1a-0558-4d73-ab07-c5962d82e5e0,I think it is impossible for (a/an) mug to be cold.,I think it is impossible for (a/an) steam to be solid.,I think it is impossible for (a/an) flame to be orange.,5_scalar_heat-set_extension_full_range,https://app.prolific.co/submissions/complete?cc=135DD3C8,Agree or disagree (run5_scalar_heat-set_extension_full_range-experiment_scalar-batch1-70-70),408715,77b7dffd-e810-46c2-8cfd-c18d5e073eb0,2021-02-11 13:46:24,397.434,2021-02-11 12:42:36.412000,2021-02-11 12:49:13.846000,3.0,false,impossible,cold,mug,../data/prolific_output/run5_scalar_heat-group_scalar_heat/qu70-s_qu3-batch1.csv
qu70-s_qu3-batch1.csv-3,3,NOT AVAILABLE,NOT AVAILABLE,3dad7290-5e89-4340-9c49-15454b8ca9bf,PROLIFIC,11-Feb-2021 15:23:33,1175,46641,ff69ce1a-0558-4d73-ab07-c5962d82e5e0,I think it is impossible for (a/an) mug to be cold.,I think it is impossible for (a/an) steam to be solid.,I think it is impossible for (a/an) flame to be orange.,5_scalar_heat-set_extension_full_range,https://app.prolific.co/submissions/complete?cc=135DD3C8,Agree or disagree (run5_scalar_heat-set_extension_full_range-experiment_scalar-batch1-70-70),410588,c1750ff8-09a0-4428-bc2a-fc63b8ab53b7,2021-02-11 15:23:33,338.556,2021-02-11 14:20:14.112000,2021-02-11 14:25:52.668000,2.0,false,impossible,cold,mug,../data/prolific_output/run5_scalar_heat-group_scalar_heat/qu70-s_qu3-batch1.csv
qu70-s_qu3-batch1.csv-3,3,NOT AVAILABLE,NOT AVAILABLE,d2716620-0f6b-4985-8f7a-496de72c4edf,PROLIFIC,11-Feb-2021 14:18:39,1175,46642,50ae2a69-9adc-4526-a964-3692b6b31f51,"Usually, (a/an) mug is not cold, but there could be a highly unusual situation in which (a/an) mug is cold.","Usually, (a/an) clock is not melting, but there could be a highly unusual situation in which (a/an) clock is melting.","Usually, (a/an) ice cream is not melting, but there could be a highly unusual situation in which (a/an) ice cream is melting.",5_scalar_heat-set_extension_full_range,https://app.prolific.co/submissions/complete?cc=135DD3C8,Agree or disagree (run5_scalar_heat-set_extension_full_range-experiment_scalar-batch1-70-70),409719,860b7eb8-c048-41bb-828d-b4aeb52d203b,2021-02-11 14:18:39,637.11,2021-02-11 13:12:57.882000,2021-02-11 13:23:34.992000,7.0,false,unusual,cold,mug,../data/prolific_output/run5_scalar_heat-group_scalar_heat/qu70-s_qu3-batch1.csv
qu70-s_qu3-batch1.csv-3,3,NOT AVAILABLE,NOT AVAILABLE,dac5112b-e90f-43d3-81c2-3642f5b6e2f9,PROLIFIC,11-Feb-2021 14:13:25,1175,46642,50ae2a69-9adc-4526-a964-3692b6b31f51,"Usually, (a/an) mug is not cold, but there could be a highly unusual situation in which (a/an) mug is cold.","Usually, (a/an) clock is not melting, but there could be a highly unusual situation in which (a/an) clock is melting.","Usually, (a/an) ice cream is not melting, but there could be a highly unusual situation in which (a/an) ice cream is melting.",5_scalar_heat-set_extension_full_range,https://app.prolific.co/submissions/complete?cc=135DD3C8,Agree or disagree (run5_scalar_heat-set_extension_full_range-experiment_scalar-batch1-70-70),409477,f1dae019-2fab-4da3-a958-2864d8a1d74f,2021-02-11 14:13:25,432.345,2021-02-11 13:06:47.662000,2021-02-11 13:14:00.007000,2.0,false,unusual,cold,mug,../data/prolific_output/run5_scalar_heat-group_scalar_heat/qu70-s_qu3-batch1.csv
qu70-s_qu3-batch1.csv-3,3,NOT AVAILABLE,NOT AVAILABLE,c86c92f5-934b-4073-b69b-aa1a3a830dc3,PROLIFIC,11-Feb-2021 14:06:20,1175,46642,50ae2a69-9adc-4526-a964-3692b6b31f51,"Usually, (a/an) mug is not cold, but there could be a highly unusual situation in which (a/an) mug is cold.","Usually, (a/an) clock is not melting, but there could be a highly unusual situation in which (a/an) clock is melting.","Usually, (a/an) ice cream is not melting, but there could be a highly unusual situation in which (a/an) ice cream is melting.",5_scalar_heat-set_extension_full_range,https://app.prolific.co/submissions/complete?cc=135DD3C8,Agree or disagree (run5_scalar_heat-set_extension_full_range-experiment_scalar-batch1-70-70),409233,12b0cd8d-673f-4213-9e46-8a411ab2e7d8,2021-02-11 14:06:20,1299.53,2021-02-11 13:03:43.109000,2021-02-11 13:25:22.639000,87.0,true,unusual,cold,mug,../data/prolific_output/run5_scalar_heat-group_scalar_heat/qu70-s_qu3-batch1.csv
qu70-s_qu3-batch1.csv-3,3,NOT AVAILABLE,NOT AVAILABLE,965f4ff2-bcc0-4ec5-91f4-5904025dc272,PROLIFIC,11-Feb-2021 14:53:40,1175,46642,50ae2a69-9adc-4526-a964-3692b6b31f51,"Usually, (a/an) mug is not cold, but there could be a highly unusual situation in which (a/an) mug is cold.","Usually, (a/an) clock is not melting, but there could be a highly unusual situation in which (a/an) clock is melting.","Usually, (a/an) ice cream is not melting, but there could be a highly unusual situation in which (a/an) ice cream is melting.",5_scalar_heat-set_extension_full_range,https://app.prolific.co/submissions/complete?cc=135DD3C8,Agree or disagree (run5_scalar_heat-set_extension_full_range-experiment_scalar-batch1-70-70),410288,56e8d6ca-8874-4fbf-97f0-debd3ac8e942,2021-02-11 14:53:40,285.593,2021-02-11 13:50:20.301000,2021-02-11 13:55:05.894000,6.0,false,unusual,cold,mug,../data/prolific_output/run5_scalar_heat-group_scalar_heat/qu70-s_qu3-batch1.csv
qu70-s_qu3-batch1.csv-3,3,NOT AVAILABLE,NOT AVAILABLE,34e021b9-d47d-4dd4-bc71-ddc5ab813ce2,PROLIFIC,11-Feb-2021 13:57:20,1175,46642,50ae2a69-9adc-4526-a964-3692b6b31f51,"Usually, (a/an) mug is not cold, but there could be a highly unusual situation in which (a/an) mug is cold.","Usually, (a/an) clock is not melting, but there could be a highly unusual situation in which (a/an) clock is melting.","Usually, (a/an) ice cream is not melting, but there could be a highly unusual situation in which (a/an) ice cream is melting.",5_scalar_heat-set_extension_full_range,https://app.prolific.co/submissions/complete?cc=135DD3C8,Agree or disagree (run5_scalar_heat-set_extension_full_range-experiment_scalar-batch1-70-70),409020,99775dfa-e611-4911-a61d-bc76c84389ed,2021-02-11 13:57:20,541.406,2021-02-11 12:51:21.531000,2021-02-11 13:00:22.937000,8.0,false,unusual,cold,mug,../data/prolific_output/run5_scalar_heat-group_scalar_heat/qu70-s_qu3-batch1.csv
qu70-s_qu3-batch1.csv-3,3,NOT AVAILABLE,NOT AVAILABLE,6d3579fa-979b-4f40-8e61-d17b09d60808,PROLIFIC,11-Feb-2021 14:32:10,1175,46642,50ae2a69-9adc-4526-a964-3692b6b31f51,"Usually, (a/an) mug is not cold, but there could be a highly unusual situation in which (a/an) mug is cold.","Usually, (a/an) clock is not melting, but there could be a highly unusual situation in which (a/an) clock is melting.","Usually, (a/an) ice cream is not melting, but there could be a highly unusual situation in which (a/an) ice cream is melting.",5_scalar_heat-set_extension_full_range,https://app.prolific.co/submissions/complete?cc=135DD3C8,Agree or disagree (run5_scalar_heat-set_extension_full_range-experiment_scalar-batch1-70-70),409974,410eb3de-2b6e-452b-aaa4-e945984d7c1c,2021-02-11 14:32:10,1192.435,2021-02-11 13:22:48.051000,2021-02-11 13:42:40.486000,3.0,false,unusual,cold,mug,../data/prolific_output/run5_scalar_heat-group_scalar_heat/qu70-s_qu3-batch1.csv
qu70-s_qu3-batch1.csv-3,3,NOT AVAILABLE,NOT AVAILABLE,cdbc1fee-804e-441b-89d3-98ac0ac8ce4d,PROLIFIC,11-Feb-2021 13:45:19,1175,46642,50ae2a69-9adc-4526-a964-3692b6b31f51,"Usually, (a/an) mug is not cold, but there could be a highly unusual situation in which (a/an) mug is cold.","Usually, (a/an) clock is not melting, but there could be a highly unusual situation in which (a/an) clock is melting.","Usually, (a/an) ice cream is not melting, but there could be a highly unusual situation in which (a/an) ice cream is melting.",5_scalar_heat-set_extension_full_range,https://app.prolific.co/submissions/complete?cc=135DD3C8,Agree or disagree (run5_scalar_heat-set_extension_full_range-experiment_scalar-batch1-70-70),408694,3df90755-816c-4d0e-ac75-a199e7626561,2021-02-11 13:45:19,397.434,2021-02-11 12:42:36.412000,2021-02-11 12:49:13.846000,4.0,false,unusual,cold,mug,../data/prolific_output/run5_scalar_heat-group_scalar_heat/qu70-s_qu3-batch1.csv
qu70-s_qu3-batch1.csv-3,3,NOT AVAILABLE,NOT AVAILABLE,3dad7290-5e89-4340-9c49-15454b8ca9bf,PROLIFIC,11-Feb-2021 15:25:39,1175,46642,50ae2a69-9adc-4526-a964-3692b6b31f51,"Usually, (a/an) mug is not cold, but there could be a highly unusual situation in which (a/an) mug is cold.","Usually, (a/an) clock is not melting, but there could be a highly unusual situation in which (a/an) clock is melting.","Usually, (a/an) ice cream is not melting, but there could be a highly unusual situation in which (a/an) ice cream is melting.",5_scalar_heat-set_extension_full_range,https://app.prolific.co/submissions/complete?cc=135DD3C8,Agree or disagree (run5_scalar_heat-set_extension_full_range-experiment_scalar-batch1-70-70),410616,809478bc-19c0-44ec-9422-2fc56112f6d5,2021-02-11 15:25:39,338.556,2021-02-11 14:20:14.112000,2021-02-11 14:25:52.668000,4.0,true,unusual,cold,mug,../data/prolific_output/run5_scalar_heat-group_scalar_heat/qu70-s_qu3-batch1.csv
