filename,listnumber,assignmentid,hitid,workerid,origin,timestamp,partid,questionid,quid,description,exampletrue,examplefalse,run,sublist,completionurl,id,uuid,timestamp_datetime,time_taken,started_datetime,completed_datetime,duration_in_seconds,answer,relation,property,concept,f_name_full
qu70-s_qu70-batch46.csv,,NOT AVAILABLE,NOT AVAILABLE,ffd3f20d-b154-4bb6-8fa1-7f4ba9967b71,PROLIFIC,06-Apr-2020 17:50:54,217,9104,c6742d90-0798-43b0-b604-be2c86b8f2e7,``Roll'' is one for the first things which come to mind when I hear ``headboard''.,``Cut'' is one for the first things which come to mind when I hear ``knife''.,``Float'' is one for the first things which come to mind when I hear ``needle''.,3,1,https://app.prolific.co/submissions/complete?cc=1C969808,63718,d12ddaa9-ce17-48ae-9ef1-5ff601b27fda,2020-04-06 17:50:54,418.472,2020-04-06 15:44:42.650000,2020-04-06 15:51:41.122000,4.0,false,typical_of_concept,roll,headboard,../data/prolific_output/run3-group_experiment1/qu70-s_qu70-batch46.csv
qu70-s_qu70-batch46.csv,,NOT AVAILABLE,NOT AVAILABLE,410085b1-018a-439f-a7e3-0bc5ae4f6451,PROLIFIC,06-Apr-2020 17:56:38,217,9104,c6742d90-0798-43b0-b604-be2c86b8f2e7,``Roll'' is one for the first things which come to mind when I hear ``headboard''.,``Cut'' is one for the first things which come to mind when I hear ``knife''.,``Float'' is one for the first things which come to mind when I hear ``needle''.,3,1,https://app.prolific.co/submissions/complete?cc=1C969808,64145,4a8489bf-5500-49a5-81de-c0e2b8a86689,2020-04-06 17:56:38,1054.76,2020-04-06 15:45:45.354000,2020-04-06 16:03:20.114000,9.0,false,typical_of_concept,roll,headboard,../data/prolific_output/run3-group_experiment1/qu70-s_qu70-batch46.csv
qu70-s_qu70-batch46.csv,,NOT AVAILABLE,NOT AVAILABLE,ad3e5bec-9486-4707-b193-4ab747599819,PROLIFIC,06-Apr-2020 18:19:33,217,9104,c6742d90-0798-43b0-b604-be2c86b8f2e7,``Roll'' is one for the first things which come to mind when I hear ``headboard''.,``Cut'' is one for the first things which come to mind when I hear ``knife''.,``Float'' is one for the first things which come to mind when I hear ``needle''.,3,1,https://app.prolific.co/submissions/complete?cc=1C969808,65207,7bf4dd7b-e886-4ba1-b696-c6a9a81fdae1,2020-04-06 18:19:33,2199.534,2020-04-06 15:45:36.925000,2020-04-06 16:22:16.459000,13.0,false,typical_of_concept,roll,headboard,../data/prolific_output/run3-group_experiment1/qu70-s_qu70-batch46.csv
qu70-s_qu70-batch46.csv,,NOT AVAILABLE,NOT AVAILABLE,ad3e5bec-9486-4707-b193-4ab747599819,PROLIFIC,06-Apr-2020 18:11:36,217,9104,c6742d90-0798-43b0-b604-be2c86b8f2e7,``Roll'' is one for the first things which come to mind when I hear ``headboard''.,``Cut'' is one for the first things which come to mind when I hear ``knife''.,``Float'' is one for the first things which come to mind when I hear ``needle''.,3,1,https://app.prolific.co/submissions/complete?cc=1C969808,65108,7c64c809-1b50-4f2b-bce3-1f3ef1391e93,2020-04-06 18:11:36,2199.534,2020-04-06 15:45:36.925000,2020-04-06 16:22:16.459000,5.0,false,typical_of_concept,roll,headboard,../data/prolific_output/run3-group_experiment1/qu70-s_qu70-batch46.csv
qu70-s_qu70-batch46.csv,,NOT AVAILABLE,NOT AVAILABLE,8116ec6c-df4c-4563-bfeb-943aaba3b711,PROLIFIC,06-Apr-2020 17:59:02,217,9104,c6742d90-0798-43b0-b604-be2c86b8f2e7,``Roll'' is one for the first things which come to mind when I hear ``headboard''.,``Cut'' is one for the first things which come to mind when I hear ``knife''.,``Float'' is one for the first things which come to mind when I hear ``needle''.,3,1,https://app.prolific.co/submissions/complete?cc=1C969808,64351,f519f3d4-07a9-4ec9-9065-b754193ad772,2020-04-06 17:59:02,1289.294,2020-04-06 15:43:19.729000,2020-04-06 16:04:49.023000,5.0,false,typical_of_concept,roll,headboard,../data/prolific_output/run3-group_experiment1/qu70-s_qu70-batch46.csv
qu70-s_qu70-batch46.csv,,NOT AVAILABLE,NOT AVAILABLE,1ebdafcc-fce7-41e2-9d93-aac9e254782e,PROLIFIC,06-Apr-2020 18:01:19,217,9104,c6742d90-0798-43b0-b604-be2c86b8f2e7,``Roll'' is one for the first things which come to mind when I hear ``headboard''.,``Cut'' is one for the first things which come to mind when I hear ``knife''.,``Float'' is one for the first things which come to mind when I hear ``needle''.,3,1,https://app.prolific.co/submissions/complete?cc=1C969808,64565,dd3adeb7-f1c7-4fa6-8a74-8045e9e25eb8,2020-04-06 18:01:19,1424.083,2020-04-06 15:45:14.573000,2020-04-06 16:08:58.656000,7.0,false,typical_of_concept,roll,headboard,../data/prolific_output/run3-group_experiment1/qu70-s_qu70-batch46.csv
qu70-s_qu70-batch46.csv,,NOT AVAILABLE,NOT AVAILABLE,995ae989-0025-45e0-aa77-56eb008cb1d6,PROLIFIC,06-Apr-2020 17:50:58,217,9104,c6742d90-0798-43b0-b604-be2c86b8f2e7,``Roll'' is one for the first things which come to mind when I hear ``headboard''.,``Cut'' is one for the first things which come to mind when I hear ``knife''.,``Float'' is one for the first things which come to mind when I hear ``needle''.,3,1,https://app.prolific.co/submissions/complete?cc=1C969808,63730,95a968ab-65b9-4397-8708-1683390666d3,2020-04-06 17:50:58,185.294,2020-04-06 15:48:33.722000,2020-04-06 15:51:39.016000,2.0,false,typical_of_concept,roll,headboard,../data/prolific_output/run3-group_experiment1/qu70-s_qu70-batch46.csv
qu70-s_qu70-batch46.csv,,NOT AVAILABLE,NOT AVAILABLE,fa8d1f1f-9017-4726-9b37-34e97e3f4b5f,PROLIFIC,06-Apr-2020 17:50:57,217,9104,c6742d90-0798-43b0-b604-be2c86b8f2e7,``Roll'' is one for the first things which come to mind when I hear ``headboard''.,``Cut'' is one for the first things which come to mind when I hear ``knife''.,``Float'' is one for the first things which come to mind when I hear ``needle''.,3,1,https://app.prolific.co/submissions/complete?cc=1C969808,63729,23d258a8-3570-4e4a-acfb-63ae38f76497,2020-04-06 17:50:57,417.94,2020-04-06 15:48:14.268000,2020-04-06 15:55:12.208000,2.0,true,typical_of_concept,roll,headboard,../data/prolific_output/run3-group_experiment1/qu70-s_qu70-batch46.csv
qu70-s_qu70-batch46.csv,,NOT AVAILABLE,NOT AVAILABLE,ff5b40d9-36ab-4b0c-96cd-b8b200165b5f,PROLIFIC,06-Apr-2020 17:55:02,217,9104,c6742d90-0798-43b0-b604-be2c86b8f2e7,``Roll'' is one for the first things which come to mind when I hear ``headboard''.,``Cut'' is one for the first things which come to mind when I hear ``knife''.,``Float'' is one for the first things which come to mind when I hear ``needle''.,3,1,https://app.prolific.co/submissions/complete?cc=1C969808,63997,5fa5f71b-76d4-4949-9793-2c36f296107b,2020-04-06 17:55:02,,,,8.0,false,typical_of_concept,roll,headboard,../data/prolific_output/run3-group_experiment1/qu70-s_qu70-batch46.csv
qu70-s_qu70-batch46.csv,,NOT AVAILABLE,NOT AVAILABLE,def5c589-9118-419e-932b-0f312d0bec25,PROLIFIC,06-Apr-2020 17:50:34,217,9104,c6742d90-0798-43b0-b604-be2c86b8f2e7,``Roll'' is one for the first things which come to mind when I hear ``headboard''.,``Cut'' is one for the first things which come to mind when I hear ``knife''.,``Float'' is one for the first things which come to mind when I hear ``needle''.,3,1,https://app.prolific.co/submissions/complete?cc=1C969808,63674,5822ced9-c0df-4de6-bc8a-1af14911d608,2020-04-06 17:50:34,,,,19.0,false,typical_of_concept,roll,headboard,../data/prolific_output/run3-group_experiment1/qu70-s_qu70-batch46.csv
qu70-s_qu70-batch46.csv,,NOT AVAILABLE,NOT AVAILABLE,b759a9fb-a047-48ec-b0ee-199261b8060c,PROLIFIC,06-Apr-2020 17:57:46,217,9104,c6742d90-0798-43b0-b604-be2c86b8f2e7,``Roll'' is one for the first things which come to mind when I hear ``headboard''.,``Cut'' is one for the first things which come to mind when I hear ``knife''.,``Float'' is one for the first things which come to mind when I hear ``needle''.,3,1,https://app.prolific.co/submissions/complete?cc=1C969808,64240,84120295-f043-441f-ae11-c4da71623b14,2020-04-06 17:57:46,,,,4.0,false,typical_of_concept,roll,headboard,../data/prolific_output/run3-group_experiment1/qu70-s_qu70-batch46.csv
qu70-s_qu70-batch46.csv,,NOT AVAILABLE,NOT AVAILABLE,ffd3f20d-b154-4bb6-8fa1-7f4ba9967b71,PROLIFIC,06-Apr-2020 17:49:01,217,9105,be77eb2e-651d-11ea-824c-acde48001122,"Usually, (a/an) headboard cannot roll/be used for rolling, but there could be a highly unusual situation in which (a/an) headboard can roll.","Usually, (a/an) dog cannot speak/be used for speaking, but there could be a highly unusual situation in which (a/an) dog can speak.","Usually, (a/an) teacher cannot teach/be used for teaching, but there could be a highly unusual situation in which (a/an) teacher can teach.",3,1,https://app.prolific.co/submissions/complete?cc=1C969808,63525,8660454c-eaa2-4dfc-baf9-cd045e13b59c,2020-04-06 17:49:01,418.472,2020-04-06 15:44:42.650000,2020-04-06 15:51:41.122000,4.0,true,unusual,roll,headboard,../data/prolific_output/run3-group_experiment1/qu70-s_qu70-batch46.csv
qu70-s_qu70-batch46.csv,,NOT AVAILABLE,NOT AVAILABLE,410085b1-018a-439f-a7e3-0bc5ae4f6451,PROLIFIC,06-Apr-2020 18:00:27,217,9105,be77eb2e-651d-11ea-824c-acde48001122,"Usually, (a/an) headboard cannot roll/be used for rolling, but there could be a highly unusual situation in which (a/an) headboard can roll.","Usually, (a/an) dog cannot speak/be used for speaking, but there could be a highly unusual situation in which (a/an) dog can speak.","Usually, (a/an) teacher cannot teach/be used for teaching, but there could be a highly unusual situation in which (a/an) teacher can teach.",3,1,https://app.prolific.co/submissions/complete?cc=1C969808,64480,961f1ab7-37c8-403f-84e6-1f1223919068,2020-04-06 18:00:27,1054.76,2020-04-06 15:45:45.354000,2020-04-06 16:03:20.114000,7.0,true,unusual,roll,headboard,../data/prolific_output/run3-group_experiment1/qu70-s_qu70-batch46.csv
qu70-s_qu70-batch46.csv,,NOT AVAILABLE,NOT AVAILABLE,ad3e5bec-9486-4707-b193-4ab747599819,PROLIFIC,06-Apr-2020 18:13:42,217,9105,be77eb2e-651d-11ea-824c-acde48001122,"Usually, (a/an) headboard cannot roll/be used for rolling, but there could be a highly unusual situation in which (a/an) headboard can roll.","Usually, (a/an) dog cannot speak/be used for speaking, but there could be a highly unusual situation in which (a/an) dog can speak.","Usually, (a/an) teacher cannot teach/be used for teaching, but there could be a highly unusual situation in which (a/an) teacher can teach.",3,1,https://app.prolific.co/submissions/complete?cc=1C969808,65128,2c5bcacd-325e-4b38-95e4-46a3918bd477,2020-04-06 18:13:42,2199.534,2020-04-06 15:45:36.925000,2020-04-06 16:22:16.459000,9.0,true,unusual,roll,headboard,../data/prolific_output/run3-group_experiment1/qu70-s_qu70-batch46.csv
qu70-s_qu70-batch46.csv,,NOT AVAILABLE,NOT AVAILABLE,8116ec6c-df4c-4563-bfeb-943aaba3b711,PROLIFIC,06-Apr-2020 17:57:04,217,9105,be77eb2e-651d-11ea-824c-acde48001122,"Usually, (a/an) headboard cannot roll/be used for rolling, but there could be a highly unusual situation in which (a/an) headboard can roll.","Usually, (a/an) dog cannot speak/be used for speaking, but there could be a highly unusual situation in which (a/an) dog can speak.","Usually, (a/an) teacher cannot teach/be used for teaching, but there could be a highly unusual situation in which (a/an) teacher can teach.",3,1,https://app.prolific.co/submissions/complete?cc=1C969808,64180,c6584b63-d43c-49fa-b2b0-cd7d11d181ca,2020-04-06 17:57:04,1289.294,2020-04-06 15:43:19.729000,2020-04-06 16:04:49.023000,11.0,true,unusual,roll,headboard,../data/prolific_output/run3-group_experiment1/qu70-s_qu70-batch46.csv
qu70-s_qu70-batch46.csv,,NOT AVAILABLE,NOT AVAILABLE,1ebdafcc-fce7-41e2-9d93-aac9e254782e,PROLIFIC,06-Apr-2020 18:04:10,217,9105,be77eb2e-651d-11ea-824c-acde48001122,"Usually, (a/an) headboard cannot roll/be used for rolling, but there could be a highly unusual situation in which (a/an) headboard can roll.","Usually, (a/an) dog cannot speak/be used for speaking, but there could be a highly unusual situation in which (a/an) dog can speak.","Usually, (a/an) teacher cannot teach/be used for teaching, but there could be a highly unusual situation in which (a/an) teacher can teach.",3,1,https://app.prolific.co/submissions/complete?cc=1C969808,64831,25f76531-8856-47a9-a0e1-c6238e424134,2020-04-06 18:04:10,1424.083,2020-04-06 15:45:14.573000,2020-04-06 16:08:58.656000,3.0,true,unusual,roll,headboard,../data/prolific_output/run3-group_experiment1/qu70-s_qu70-batch46.csv
qu70-s_qu70-batch46.csv,,NOT AVAILABLE,NOT AVAILABLE,995ae989-0025-45e0-aa77-56eb008cb1d6,PROLIFIC,06-Apr-2020 17:50:49,217,9105,be77eb2e-651d-11ea-824c-acde48001122,"Usually, (a/an) headboard cannot roll/be used for rolling, but there could be a highly unusual situation in which (a/an) headboard can roll.","Usually, (a/an) dog cannot speak/be used for speaking, but there could be a highly unusual situation in which (a/an) dog can speak.","Usually, (a/an) teacher cannot teach/be used for teaching, but there could be a highly unusual situation in which (a/an) teacher can teach.",3,1,https://app.prolific.co/submissions/complete?cc=1C969808,63707,7e672852-022e-4fbc-aeb0-dfb25438eac0,2020-04-06 17:50:49,185.294,2020-04-06 15:48:33.722000,2020-04-06 15:51:39.016000,1.0,false,unusual,roll,headboard,../data/prolific_output/run3-group_experiment1/qu70-s_qu70-batch46.csv
qu70-s_qu70-batch46.csv,,NOT AVAILABLE,NOT AVAILABLE,fa8d1f1f-9017-4726-9b37-34e97e3f4b5f,PROLIFIC,06-Apr-2020 17:52:10,217,9105,be77eb2e-651d-11ea-824c-acde48001122,"Usually, (a/an) headboard cannot roll/be used for rolling, but there could be a highly unusual situation in which (a/an) headboard can roll.","Usually, (a/an) dog cannot speak/be used for speaking, but there could be a highly unusual situation in which (a/an) dog can speak.","Usually, (a/an) teacher cannot teach/be used for teaching, but there could be a highly unusual situation in which (a/an) teacher can teach.",3,1,https://app.prolific.co/submissions/complete?cc=1C969808,63859,6f364cf9-2205-4cb5-a8a9-a64be05036a6,2020-04-06 17:52:10,417.94,2020-04-06 15:48:14.268000,2020-04-06 15:55:12.208000,2.0,false,unusual,roll,headboard,../data/prolific_output/run3-group_experiment1/qu70-s_qu70-batch46.csv
qu70-s_qu70-batch46.csv,,NOT AVAILABLE,NOT AVAILABLE,ff5b40d9-36ab-4b0c-96cd-b8b200165b5f,PROLIFIC,06-Apr-2020 17:56:03,217,9105,be77eb2e-651d-11ea-824c-acde48001122,"Usually, (a/an) headboard cannot roll/be used for rolling, but there could be a highly unusual situation in which (a/an) headboard can roll.","Usually, (a/an) dog cannot speak/be used for speaking, but there could be a highly unusual situation in which (a/an) dog can speak.","Usually, (a/an) teacher cannot teach/be used for teaching, but there could be a highly unusual situation in which (a/an) teacher can teach.",3,1,https://app.prolific.co/submissions/complete?cc=1C969808,64076,663d6160-f91c-4257-8deb-0e69c1b2c0a9,2020-04-06 17:56:03,,,,1.0,true,unusual,roll,headboard,../data/prolific_output/run3-group_experiment1/qu70-s_qu70-batch46.csv
qu70-s_qu70-batch46.csv,,NOT AVAILABLE,NOT AVAILABLE,def5c589-9118-419e-932b-0f312d0bec25,PROLIFIC,06-Apr-2020 17:52:04,217,9105,be77eb2e-651d-11ea-824c-acde48001122,"Usually, (a/an) headboard cannot roll/be used for rolling, but there could be a highly unusual situation in which (a/an) headboard can roll.","Usually, (a/an) dog cannot speak/be used for speaking, but there could be a highly unusual situation in which (a/an) dog can speak.","Usually, (a/an) teacher cannot teach/be used for teaching, but there could be a highly unusual situation in which (a/an) teacher can teach.",3,1,https://app.prolific.co/submissions/complete?cc=1C969808,63850,7c42f8e3-cbec-4fd2-ba2d-9eae948ade58,2020-04-06 17:52:04,,,,16.0,true,unusual,roll,headboard,../data/prolific_output/run3-group_experiment1/qu70-s_qu70-batch46.csv
qu70-s_qu70-batch46.csv,,NOT AVAILABLE,NOT AVAILABLE,b759a9fb-a047-48ec-b0ee-199261b8060c,PROLIFIC,06-Apr-2020 18:02:45,217,9105,be77eb2e-651d-11ea-824c-acde48001122,"Usually, (a/an) headboard cannot roll/be used for rolling, but there could be a highly unusual situation in which (a/an) headboard can roll.","Usually, (a/an) dog cannot speak/be used for speaking, but there could be a highly unusual situation in which (a/an) dog can speak.","Usually, (a/an) teacher cannot teach/be used for teaching, but there could be a highly unusual situation in which (a/an) teacher can teach.",3,1,https://app.prolific.co/submissions/complete?cc=1C969808,64703,7a20e84a-57e4-48ca-96d6-6c10c3e7606c,2020-04-06 18:02:45,,,,8.0,true,unusual,roll,headboard,../data/prolific_output/run3-group_experiment1/qu70-s_qu70-batch46.csv
qu70-s_qu70-batch46.csv,,NOT AVAILABLE,NOT AVAILABLE,ffd3f20d-b154-4bb6-8fa1-7f4ba9967b71,PROLIFIC,06-Apr-2020 17:50:43,217,9106,2fb0287d-d6d0-4aad-bf30-47f217d27171,You can find (a/an) headboard which can roll/be used for rolling. This distinguishes a certain type of headboard from others. ,You can find (a/an) dog which can hunt/be used for hunting. This distinguishes a certain type of dog from others. ,You can find (a/an) dog which can breathe/be used for breatheing. This distinguishes a certain type of dog from others. ,3,1,https://app.prolific.co/submissions/complete?cc=1C969808,63693,a72c36b0-da88-478d-b873-f02488d6ab3b,2020-04-06 17:50:43,418.472,2020-04-06 15:44:42.650000,2020-04-06 15:51:41.122000,4.0,false,variability_limited,roll,headboard,../data/prolific_output/run3-group_experiment1/qu70-s_qu70-batch46.csv
qu70-s_qu70-batch46.csv,,NOT AVAILABLE,NOT AVAILABLE,410085b1-018a-439f-a7e3-0bc5ae4f6451,PROLIFIC,06-Apr-2020 17:49:15,217,9106,2fb0287d-d6d0-4aad-bf30-47f217d27171,You can find (a/an) headboard which can roll/be used for rolling. This distinguishes a certain type of headboard from others. ,You can find (a/an) dog which can hunt/be used for hunting. This distinguishes a certain type of dog from others. ,You can find (a/an) dog which can breathe/be used for breatheing. This distinguishes a certain type of dog from others. ,3,1,https://app.prolific.co/submissions/complete?cc=1C969808,63537,4c2e7139-a6d6-4de5-98a0-eda3dfd9e359,2020-04-06 17:49:15,1054.76,2020-04-06 15:45:45.354000,2020-04-06 16:03:20.114000,26.0,false,variability_limited,roll,headboard,../data/prolific_output/run3-group_experiment1/qu70-s_qu70-batch46.csv
qu70-s_qu70-batch46.csv,,NOT AVAILABLE,NOT AVAILABLE,ad3e5bec-9486-4707-b193-4ab747599819,PROLIFIC,06-Apr-2020 18:09:14,217,9106,2fb0287d-d6d0-4aad-bf30-47f217d27171,You can find (a/an) headboard which can roll/be used for rolling. This distinguishes a certain type of headboard from others. ,You can find (a/an) dog which can hunt/be used for hunting. This distinguishes a certain type of dog from others. ,You can find (a/an) dog which can breathe/be used for breatheing. This distinguishes a certain type of dog from others. ,3,1,https://app.prolific.co/submissions/complete?cc=1C969808,65072,9365bcad-5544-4ea2-8187-07c78223e1a8,2020-04-06 18:09:14,2199.534,2020-04-06 15:45:36.925000,2020-04-06 16:22:16.459000,11.0,false,variability_limited,roll,headboard,../data/prolific_output/run3-group_experiment1/qu70-s_qu70-batch46.csv
qu70-s_qu70-batch46.csv,,NOT AVAILABLE,NOT AVAILABLE,ad3e5bec-9486-4707-b193-4ab747599819,PROLIFIC,06-Apr-2020 18:15:23,217,9106,2fb0287d-d6d0-4aad-bf30-47f217d27171,You can find (a/an) headboard which can roll/be used for rolling. This distinguishes a certain type of headboard from others. ,You can find (a/an) dog which can hunt/be used for hunting. This distinguishes a certain type of dog from others. ,You can find (a/an) dog which can breathe/be used for breatheing. This distinguishes a certain type of dog from others. ,3,1,https://app.prolific.co/submissions/complete?cc=1C969808,65153,045ffe2f-f6a2-4a88-94e2-7ec2c5226867,2020-04-06 18:15:23,2199.534,2020-04-06 15:45:36.925000,2020-04-06 16:22:16.459000,12.0,false,variability_limited,roll,headboard,../data/prolific_output/run3-group_experiment1/qu70-s_qu70-batch46.csv
qu70-s_qu70-batch46.csv,,NOT AVAILABLE,NOT AVAILABLE,8116ec6c-df4c-4563-bfeb-943aaba3b711,PROLIFIC,06-Apr-2020 17:52:44,217,9106,2fb0287d-d6d0-4aad-bf30-47f217d27171,You can find (a/an) headboard which can roll/be used for rolling. This distinguishes a certain type of headboard from others. ,You can find (a/an) dog which can hunt/be used for hunting. This distinguishes a certain type of dog from others. ,You can find (a/an) dog which can breathe/be used for breatheing. This distinguishes a certain type of dog from others. ,3,1,https://app.prolific.co/submissions/complete?cc=1C969808,63891,e6f747a7-acd2-4f15-93e8-29522adc0b7c,2020-04-06 17:52:44,1289.294,2020-04-06 15:43:19.729000,2020-04-06 16:04:49.023000,78.0,false,variability_limited,roll,headboard,../data/prolific_output/run3-group_experiment1/qu70-s_qu70-batch46.csv
qu70-s_qu70-batch46.csv,,NOT AVAILABLE,NOT AVAILABLE,1ebdafcc-fce7-41e2-9d93-aac9e254782e,PROLIFIC,06-Apr-2020 17:59:40,217,9106,2fb0287d-d6d0-4aad-bf30-47f217d27171,You can find (a/an) headboard which can roll/be used for rolling. This distinguishes a certain type of headboard from others. ,You can find (a/an) dog which can hunt/be used for hunting. This distinguishes a certain type of dog from others. ,You can find (a/an) dog which can breathe/be used for breatheing. This distinguishes a certain type of dog from others. ,3,1,https://app.prolific.co/submissions/complete?cc=1C969808,64411,864f4575-d79b-4ac2-8811-2b78bb0a63c7,2020-04-06 17:59:40,1424.083,2020-04-06 15:45:14.573000,2020-04-06 16:08:58.656000,8.0,true,variability_limited,roll,headboard,../data/prolific_output/run3-group_experiment1/qu70-s_qu70-batch46.csv
qu70-s_qu70-batch46.csv,,NOT AVAILABLE,NOT AVAILABLE,995ae989-0025-45e0-aa77-56eb008cb1d6,PROLIFIC,06-Apr-2020 17:50:00,217,9106,2fb0287d-d6d0-4aad-bf30-47f217d27171,You can find (a/an) headboard which can roll/be used for rolling. This distinguishes a certain type of headboard from others. ,You can find (a/an) dog which can hunt/be used for hunting. This distinguishes a certain type of dog from others. ,You can find (a/an) dog which can breathe/be used for breatheing. This distinguishes a certain type of dog from others. ,3,1,https://app.prolific.co/submissions/complete?cc=1C969808,63602,5ad3452d-5dac-4c8d-9d20-306c0c1ec812,2020-04-06 17:50:00,185.294,2020-04-06 15:48:33.722000,2020-04-06 15:51:39.016000,1.0,true,variability_limited,roll,headboard,../data/prolific_output/run3-group_experiment1/qu70-s_qu70-batch46.csv
qu70-s_qu70-batch46.csv,,NOT AVAILABLE,NOT AVAILABLE,fa8d1f1f-9017-4726-9b37-34e97e3f4b5f,PROLIFIC,06-Apr-2020 17:51:35,217,9106,2fb0287d-d6d0-4aad-bf30-47f217d27171,You can find (a/an) headboard which can roll/be used for rolling. This distinguishes a certain type of headboard from others. ,You can find (a/an) dog which can hunt/be used for hunting. This distinguishes a certain type of dog from others. ,You can find (a/an) dog which can breathe/be used for breatheing. This distinguishes a certain type of dog from others. ,3,1,https://app.prolific.co/submissions/complete?cc=1C969808,63808,212adc6c-b658-47f2-8f98-f9d6db8c3e30,2020-04-06 17:51:35,417.94,2020-04-06 15:48:14.268000,2020-04-06 15:55:12.208000,10.0,true,variability_limited,roll,headboard,../data/prolific_output/run3-group_experiment1/qu70-s_qu70-batch46.csv
qu70-s_qu70-batch46.csv,,NOT AVAILABLE,NOT AVAILABLE,ff5b40d9-36ab-4b0c-96cd-b8b200165b5f,PROLIFIC,06-Apr-2020 17:56:17,217,9106,2fb0287d-d6d0-4aad-bf30-47f217d27171,You can find (a/an) headboard which can roll/be used for rolling. This distinguishes a certain type of headboard from others. ,You can find (a/an) dog which can hunt/be used for hunting. This distinguishes a certain type of dog from others. ,You can find (a/an) dog which can breathe/be used for breatheing. This distinguishes a certain type of dog from others. ,3,1,https://app.prolific.co/submissions/complete?cc=1C969808,64102,7b62da38-63ae-4220-be38-07493a752234,2020-04-06 17:56:17,,,,1.0,true,variability_limited,roll,headboard,../data/prolific_output/run3-group_experiment1/qu70-s_qu70-batch46.csv
qu70-s_qu70-batch46.csv,,NOT AVAILABLE,NOT AVAILABLE,def5c589-9118-419e-932b-0f312d0bec25,PROLIFIC,06-Apr-2020 17:58:00,217,9106,2fb0287d-d6d0-4aad-bf30-47f217d27171,You can find (a/an) headboard which can roll/be used for rolling. This distinguishes a certain type of headboard from others. ,You can find (a/an) dog which can hunt/be used for hunting. This distinguishes a certain type of dog from others. ,You can find (a/an) dog which can breathe/be used for breatheing. This distinguishes a certain type of dog from others. ,3,1,https://app.prolific.co/submissions/complete?cc=1C969808,64257,e66637d4-d054-4314-9860-46cd9b1c5224,2020-04-06 17:58:00,,,,5.0,false,variability_limited,roll,headboard,../data/prolific_output/run3-group_experiment1/qu70-s_qu70-batch46.csv
qu70-s_qu70-batch46.csv,,NOT AVAILABLE,NOT AVAILABLE,b759a9fb-a047-48ec-b0ee-199261b8060c,PROLIFIC,06-Apr-2020 17:59:47,217,9106,2fb0287d-d6d0-4aad-bf30-47f217d27171,You can find (a/an) headboard which can roll/be used for rolling. This distinguishes a certain type of headboard from others. ,You can find (a/an) dog which can hunt/be used for hunting. This distinguishes a certain type of dog from others. ,You can find (a/an) dog which can breathe/be used for breatheing. This distinguishes a certain type of dog from others. ,3,1,https://app.prolific.co/submissions/complete?cc=1C969808,64415,8c7be3c2-e21b-47ce-8756-cd8b649d87d5,2020-04-06 17:59:47,,,,7.0,false,variability_limited,roll,headboard,../data/prolific_output/run3-group_experiment1/qu70-s_qu70-batch46.csv
qu70-s_qu70-batch46.csv,,NOT AVAILABLE,NOT AVAILABLE,ffd3f20d-b154-4bb6-8fa1-7f4ba9967b71,PROLIFIC,06-Apr-2020 17:51:37,217,9107,315414c1-14b5-4cde-90cf-426c63b32b9b,I know that all or most headboard(s) roll regularly or are used for rolling regularly. ,I know that all or most candle(s) burn regularly or are used for burning regularly. ,I know that all or most person(s) crawl regularly or are used for crawling regularly. ,3,1,https://app.prolific.co/submissions/complete?cc=1C969808,63813,4f048516-449a-48e4-8883-c4582bcb51da,2020-04-06 17:51:37,418.472,2020-04-06 15:44:42.650000,2020-04-06 15:51:41.122000,7.122,false,afforded_usual,roll,headboard,../data/prolific_output/run3-group_experiment1/qu70-s_qu70-batch46.csv
qu70-s_qu70-batch46.csv,,NOT AVAILABLE,NOT AVAILABLE,410085b1-018a-439f-a7e3-0bc5ae4f6451,PROLIFIC,06-Apr-2020 17:55:17,217,9107,315414c1-14b5-4cde-90cf-426c63b32b9b,I know that all or most headboard(s) roll regularly or are used for rolling regularly. ,I know that all or most candle(s) burn regularly or are used for burning regularly. ,I know that all or most person(s) crawl regularly or are used for crawling regularly. ,3,1,https://app.prolific.co/submissions/complete?cc=1C969808,64019,e82f3fd2-7e2a-4308-bacc-7daa01387994,2020-04-06 17:55:17,1054.76,2020-04-06 15:45:45.354000,2020-04-06 16:03:20.114000,21.0,false,afforded_usual,roll,headboard,../data/prolific_output/run3-group_experiment1/qu70-s_qu70-batch46.csv
qu70-s_qu70-batch46.csv,,NOT AVAILABLE,NOT AVAILABLE,ad3e5bec-9486-4707-b193-4ab747599819,PROLIFIC,06-Apr-2020 18:11:26,217,9107,315414c1-14b5-4cde-90cf-426c63b32b9b,I know that all or most headboard(s) roll regularly or are used for rolling regularly. ,I know that all or most candle(s) burn regularly or are used for burning regularly. ,I know that all or most person(s) crawl regularly or are used for crawling regularly. ,3,1,https://app.prolific.co/submissions/complete?cc=1C969808,65103,ea8bcac8-011d-4e55-a036-8b8146c812f3,2020-04-06 18:11:26,2199.534,2020-04-06 15:45:36.925000,2020-04-06 16:22:16.459000,9.0,false,afforded_usual,roll,headboard,../data/prolific_output/run3-group_experiment1/qu70-s_qu70-batch46.csv
qu70-s_qu70-batch46.csv,,NOT AVAILABLE,NOT AVAILABLE,ad3e5bec-9486-4707-b193-4ab747599819,PROLIFIC,06-Apr-2020 18:20:01,217,9107,315414c1-14b5-4cde-90cf-426c63b32b9b,I know that all or most headboard(s) roll regularly or are used for rolling regularly. ,I know that all or most candle(s) burn regularly or are used for burning regularly. ,I know that all or most person(s) crawl regularly or are used for crawling regularly. ,3,1,https://app.prolific.co/submissions/complete?cc=1C969808,65209,e82d4b0c-ad32-4e9b-8095-74e9725bca5f,2020-04-06 18:20:01,2199.534,2020-04-06 15:45:36.925000,2020-04-06 16:22:16.459000,28.0,false,afforded_usual,roll,headboard,../data/prolific_output/run3-group_experiment1/qu70-s_qu70-batch46.csv
qu70-s_qu70-batch46.csv,,NOT AVAILABLE,NOT AVAILABLE,8116ec6c-df4c-4563-bfeb-943aaba3b711,PROLIFIC,06-Apr-2020 17:53:00,217,9107,315414c1-14b5-4cde-90cf-426c63b32b9b,I know that all or most headboard(s) roll regularly or are used for rolling regularly. ,I know that all or most candle(s) burn regularly or are used for burning regularly. ,I know that all or most person(s) crawl regularly or are used for crawling regularly. ,3,1,https://app.prolific.co/submissions/complete?cc=1C969808,63903,75e7f5ef-2ce4-4022-b0ec-cac2e3c10ec7,2020-04-06 17:53:00,1289.294,2020-04-06 15:43:19.729000,2020-04-06 16:04:49.023000,9.0,false,afforded_usual,roll,headboard,../data/prolific_output/run3-group_experiment1/qu70-s_qu70-batch46.csv
qu70-s_qu70-batch46.csv,,NOT AVAILABLE,NOT AVAILABLE,1ebdafcc-fce7-41e2-9d93-aac9e254782e,PROLIFIC,06-Apr-2020 18:01:40,217,9107,315414c1-14b5-4cde-90cf-426c63b32b9b,I know that all or most headboard(s) roll regularly or are used for rolling regularly. ,I know that all or most candle(s) burn regularly or are used for burning regularly. ,I know that all or most person(s) crawl regularly or are used for crawling regularly. ,3,1,https://app.prolific.co/submissions/complete?cc=1C969808,64597,effdf060-ff7e-438f-b2a8-6f10d72f0884,2020-04-06 18:01:40,1424.083,2020-04-06 15:45:14.573000,2020-04-06 16:08:58.656000,15.0,false,afforded_usual,roll,headboard,../data/prolific_output/run3-group_experiment1/qu70-s_qu70-batch46.csv
qu70-s_qu70-batch46.csv,,NOT AVAILABLE,NOT AVAILABLE,995ae989-0025-45e0-aa77-56eb008cb1d6,PROLIFIC,06-Apr-2020 17:50:39,217,9107,315414c1-14b5-4cde-90cf-426c63b32b9b,I know that all or most headboard(s) roll regularly or are used for rolling regularly. ,I know that all or most candle(s) burn regularly or are used for burning regularly. ,I know that all or most person(s) crawl regularly or are used for crawling regularly. ,3,1,https://app.prolific.co/submissions/complete?cc=1C969808,63684,4f55a692-7f45-494d-90e1-a6ec36ab59e4,2020-04-06 17:50:39,185.294,2020-04-06 15:48:33.722000,2020-04-06 15:51:39.016000,1.0,false,afforded_usual,roll,headboard,../data/prolific_output/run3-group_experiment1/qu70-s_qu70-batch46.csv
qu70-s_qu70-batch46.csv,,NOT AVAILABLE,NOT AVAILABLE,fa8d1f1f-9017-4726-9b37-34e97e3f4b5f,PROLIFIC,06-Apr-2020 17:51:13,217,9107,315414c1-14b5-4cde-90cf-426c63b32b9b,I know that all or most headboard(s) roll regularly or are used for rolling regularly. ,I know that all or most candle(s) burn regularly or are used for burning regularly. ,I know that all or most person(s) crawl regularly or are used for crawling regularly. ,3,1,https://app.prolific.co/submissions/complete?cc=1C969808,63765,8f36ad06-24e6-4e9a-90b5-e6306fb2df13,2020-04-06 17:51:13,417.94,2020-04-06 15:48:14.268000,2020-04-06 15:55:12.208000,2.0,false,afforded_usual,roll,headboard,../data/prolific_output/run3-group_experiment1/qu70-s_qu70-batch46.csv
qu70-s_qu70-batch46.csv,,NOT AVAILABLE,NOT AVAILABLE,ff5b40d9-36ab-4b0c-96cd-b8b200165b5f,PROLIFIC,06-Apr-2020 17:55:12,217,9107,315414c1-14b5-4cde-90cf-426c63b32b9b,I know that all or most headboard(s) roll regularly or are used for rolling regularly. ,I know that all or most candle(s) burn regularly or are used for burning regularly. ,I know that all or most person(s) crawl regularly or are used for crawling regularly. ,3,1,https://app.prolific.co/submissions/complete?cc=1C969808,64012,fb8c62b4-bb9a-4895-a34c-6c14ca25b09c,2020-04-06 17:55:12,,,,1.0,true,afforded_usual,roll,headboard,../data/prolific_output/run3-group_experiment1/qu70-s_qu70-batch46.csv
qu70-s_qu70-batch46.csv,,NOT AVAILABLE,NOT AVAILABLE,def5c589-9118-419e-932b-0f312d0bec25,PROLIFIC,06-Apr-2020 17:45:27,217,9107,315414c1-14b5-4cde-90cf-426c63b32b9b,I know that all or most headboard(s) roll regularly or are used for rolling regularly. ,I know that all or most candle(s) burn regularly or are used for burning regularly. ,I know that all or most person(s) crawl regularly or are used for crawling regularly. ,3,1,https://app.prolific.co/submissions/complete?cc=1C969808,63302,21149535-61a4-461d-a5f7-5cad2c20a4e1,2020-04-06 17:45:27,,,,,true,afforded_usual,roll,headboard,../data/prolific_output/run3-group_experiment1/qu70-s_qu70-batch46.csv
qu70-s_qu70-batch46.csv,,NOT AVAILABLE,NOT AVAILABLE,b759a9fb-a047-48ec-b0ee-199261b8060c,PROLIFIC,06-Apr-2020 17:56:00,217,9107,315414c1-14b5-4cde-90cf-426c63b32b9b,I know that all or most headboard(s) roll regularly or are used for rolling regularly. ,I know that all or most candle(s) burn regularly or are used for burning regularly. ,I know that all or most person(s) crawl regularly or are used for crawling regularly. ,3,1,https://app.prolific.co/submissions/complete?cc=1C969808,64072,60bcbca1-e7f3-4462-90cf-e60c412db995,2020-04-06 17:56:00,,,,13.0,false,afforded_usual,roll,headboard,../data/prolific_output/run3-group_experiment1/qu70-s_qu70-batch46.csv
qu70-s_qu70-batch46.csv,,NOT AVAILABLE,NOT AVAILABLE,ffd3f20d-b154-4bb6-8fa1-7f4ba9967b71,PROLIFIC,06-Apr-2020 17:49:06,217,9108,bafdaf86-0ae3-4aba-b290-30226d90b7dc,You can find (a/an) headboard which can roll/be used for rolling. This is not what it usually does or is used for. ,You can find (a/an) computer which can heat/be used for heating. This is not what it usually does or is used for. ,You can find (a/an) brush which can paint/be used for painting. This is not what it usually does or is used for. ,3,1,https://app.prolific.co/submissions/complete?cc=1C969808,63530,5d98c615-0d4a-4a36-a554-fd6af5070f8c,2020-04-06 17:49:06,418.472,2020-04-06 15:44:42.650000,2020-04-06 15:51:41.122000,5.0,true,afforded_unusual,roll,headboard,../data/prolific_output/run3-group_experiment1/qu70-s_qu70-batch46.csv
qu70-s_qu70-batch46.csv,,NOT AVAILABLE,NOT AVAILABLE,410085b1-018a-439f-a7e3-0bc5ae4f6451,PROLIFIC,06-Apr-2020 17:59:15,217,9108,bafdaf86-0ae3-4aba-b290-30226d90b7dc,You can find (a/an) headboard which can roll/be used for rolling. This is not what it usually does or is used for. ,You can find (a/an) computer which can heat/be used for heating. This is not what it usually does or is used for. ,You can find (a/an) brush which can paint/be used for painting. This is not what it usually does or is used for. ,3,1,https://app.prolific.co/submissions/complete?cc=1C969808,64368,70da0ebe-2aa7-4e4a-930f-7cb7fb50616f,2020-04-06 17:59:15,1054.76,2020-04-06 15:45:45.354000,2020-04-06 16:03:20.114000,5.0,false,afforded_unusual,roll,headboard,../data/prolific_output/run3-group_experiment1/qu70-s_qu70-batch46.csv
qu70-s_qu70-batch46.csv,,NOT AVAILABLE,NOT AVAILABLE,ad3e5bec-9486-4707-b193-4ab747599819,PROLIFIC,06-Apr-2020 17:57:57,217,9108,bafdaf86-0ae3-4aba-b290-30226d90b7dc,You can find (a/an) headboard which can roll/be used for rolling. This is not what it usually does or is used for. ,You can find (a/an) computer which can heat/be used for heating. This is not what it usually does or is used for. ,You can find (a/an) brush which can paint/be used for painting. This is not what it usually does or is used for. ,3,1,https://app.prolific.co/submissions/complete?cc=1C969808,64255,0d8de061-7c7e-42c9-8c21-102d0bef4181,2020-04-06 17:57:57,2199.534,2020-04-06 15:45:36.925000,2020-04-06 16:22:16.459000,38.0,true,afforded_unusual,roll,headboard,../data/prolific_output/run3-group_experiment1/qu70-s_qu70-batch46.csv
qu70-s_qu70-batch46.csv,,NOT AVAILABLE,NOT AVAILABLE,ad3e5bec-9486-4707-b193-4ab747599819,PROLIFIC,06-Apr-2020 18:19:15,217,9108,bafdaf86-0ae3-4aba-b290-30226d90b7dc,You can find (a/an) headboard which can roll/be used for rolling. This is not what it usually does or is used for. ,You can find (a/an) computer which can heat/be used for heating. This is not what it usually does or is used for. ,You can find (a/an) brush which can paint/be used for painting. This is not what it usually does or is used for. ,3,1,https://app.prolific.co/submissions/complete?cc=1C969808,65203,c1a69a4a-c55c-4565-a7bb-2887bc962f83,2020-04-06 18:19:15,2199.534,2020-04-06 15:45:36.925000,2020-04-06 16:22:16.459000,13.0,true,afforded_unusual,roll,headboard,../data/prolific_output/run3-group_experiment1/qu70-s_qu70-batch46.csv
qu70-s_qu70-batch46.csv,,NOT AVAILABLE,NOT AVAILABLE,8116ec6c-df4c-4563-bfeb-943aaba3b711,PROLIFIC,06-Apr-2020 18:02:43,217,9108,bafdaf86-0ae3-4aba-b290-30226d90b7dc,You can find (a/an) headboard which can roll/be used for rolling. This is not what it usually does or is used for. ,You can find (a/an) computer which can heat/be used for heating. This is not what it usually does or is used for. ,You can find (a/an) brush which can paint/be used for painting. This is not what it usually does or is used for. ,3,1,https://app.prolific.co/submissions/complete?cc=1C969808,64697,171abae8-6bd6-4819-b90f-855ae3d2840f,2020-04-06 18:02:43,1289.294,2020-04-06 15:43:19.729000,2020-04-06 16:04:49.023000,22.0,true,afforded_unusual,roll,headboard,../data/prolific_output/run3-group_experiment1/qu70-s_qu70-batch46.csv
qu70-s_qu70-batch46.csv,,NOT AVAILABLE,NOT AVAILABLE,1ebdafcc-fce7-41e2-9d93-aac9e254782e,PROLIFIC,06-Apr-2020 18:04:51,217,9108,bafdaf86-0ae3-4aba-b290-30226d90b7dc,You can find (a/an) headboard which can roll/be used for rolling. This is not what it usually does or is used for. ,You can find (a/an) computer which can heat/be used for heating. This is not what it usually does or is used for. ,You can find (a/an) brush which can paint/be used for painting. This is not what it usually does or is used for. ,3,1,https://app.prolific.co/submissions/complete?cc=1C969808,64879,da194665-edd6-44fe-acbe-20cb73737940,2020-04-06 18:04:51,1424.083,2020-04-06 15:45:14.573000,2020-04-06 16:08:58.656000,6.0,true,afforded_unusual,roll,headboard,../data/prolific_output/run3-group_experiment1/qu70-s_qu70-batch46.csv
qu70-s_qu70-batch46.csv,,NOT AVAILABLE,NOT AVAILABLE,995ae989-0025-45e0-aa77-56eb008cb1d6,PROLIFIC,06-Apr-2020 17:50:42,217,9108,bafdaf86-0ae3-4aba-b290-30226d90b7dc,You can find (a/an) headboard which can roll/be used for rolling. This is not what it usually does or is used for. ,You can find (a/an) computer which can heat/be used for heating. This is not what it usually does or is used for. ,You can find (a/an) brush which can paint/be used for painting. This is not what it usually does or is used for. ,3,1,https://app.prolific.co/submissions/complete?cc=1C969808,63692,a1609166-834b-4e25-902c-6d3d3476c31a,2020-04-06 17:50:42,185.294,2020-04-06 15:48:33.722000,2020-04-06 15:51:39.016000,1.0,false,afforded_unusual,roll,headboard,../data/prolific_output/run3-group_experiment1/qu70-s_qu70-batch46.csv
qu70-s_qu70-batch46.csv,,NOT AVAILABLE,NOT AVAILABLE,fa8d1f1f-9017-4726-9b37-34e97e3f4b5f,PROLIFIC,06-Apr-2020 17:52:13,217,9108,bafdaf86-0ae3-4aba-b290-30226d90b7dc,You can find (a/an) headboard which can roll/be used for rolling. This is not what it usually does or is used for. ,You can find (a/an) computer which can heat/be used for heating. This is not what it usually does or is used for. ,You can find (a/an) brush which can paint/be used for painting. This is not what it usually does or is used for. ,3,1,https://app.prolific.co/submissions/complete?cc=1C969808,63867,2539e0b0-fca4-4325-b8ca-cfc7c06dafb1,2020-04-06 17:52:13,417.94,2020-04-06 15:48:14.268000,2020-04-06 15:55:12.208000,1.0,true,afforded_unusual,roll,headboard,../data/prolific_output/run3-group_experiment1/qu70-s_qu70-batch46.csv
qu70-s_qu70-batch46.csv,,NOT AVAILABLE,NOT AVAILABLE,ff5b40d9-36ab-4b0c-96cd-b8b200165b5f,PROLIFIC,06-Apr-2020 17:54:41,217,9108,bafdaf86-0ae3-4aba-b290-30226d90b7dc,You can find (a/an) headboard which can roll/be used for rolling. This is not what it usually does or is used for. ,You can find (a/an) computer which can heat/be used for heating. This is not what it usually does or is used for. ,You can find (a/an) brush which can paint/be used for painting. This is not what it usually does or is used for. ,3,1,https://app.prolific.co/submissions/complete?cc=1C969808,63976,7da79191-2371-484c-aa30-4b872a33f711,2020-04-06 17:54:41,,,,5.0,true,afforded_unusual,roll,headboard,../data/prolific_output/run3-group_experiment1/qu70-s_qu70-batch46.csv
qu70-s_qu70-batch46.csv,,NOT AVAILABLE,NOT AVAILABLE,def5c589-9118-419e-932b-0f312d0bec25,PROLIFIC,06-Apr-2020 17:51:14,217,9108,bafdaf86-0ae3-4aba-b290-30226d90b7dc,You can find (a/an) headboard which can roll/be used for rolling. This is not what it usually does or is used for. ,You can find (a/an) computer which can heat/be used for heating. This is not what it usually does or is used for. ,You can find (a/an) brush which can paint/be used for painting. This is not what it usually does or is used for. ,3,1,https://app.prolific.co/submissions/complete?cc=1C969808,63766,5e3a9d29-4124-44a8-9898-7f16be0c2bee,2020-04-06 17:51:14,,,,5.0,false,afforded_unusual,roll,headboard,../data/prolific_output/run3-group_experiment1/qu70-s_qu70-batch46.csv
qu70-s_qu70-batch46.csv,,NOT AVAILABLE,NOT AVAILABLE,b759a9fb-a047-48ec-b0ee-199261b8060c,PROLIFIC,06-Apr-2020 17:59:17,217,9108,bafdaf86-0ae3-4aba-b290-30226d90b7dc,You can find (a/an) headboard which can roll/be used for rolling. This is not what it usually does or is used for. ,You can find (a/an) computer which can heat/be used for heating. This is not what it usually does or is used for. ,You can find (a/an) brush which can paint/be used for painting. This is not what it usually does or is used for. ,3,1,https://app.prolific.co/submissions/complete?cc=1C969808,64374,5195c63d-36a3-446e-8f6d-c23354ef97d4,2020-04-06 17:59:17,,,,12.0,false,afforded_unusual,roll,headboard,../data/prolific_output/run3-group_experiment1/qu70-s_qu70-batch46.csv
qu70-s_qu70-batch46.csv,,NOT AVAILABLE,NOT AVAILABLE,ffd3f20d-b154-4bb6-8fa1-7f4ba9967b71,PROLIFIC,06-Apr-2020 17:51:31,217,9109,bf59af63-2970-40e1-b566-980cd87aa61b,I know that (a/an) headboard can roll/be used for rolling as most or all other things similar to (a/an) headboard roll. ,I know that (a/an) poodle can bark/be used for barking as most or all other things similar to (a/an) poodle bark. ,I know that (a/an) worm can run/be used for runing as most or all other things similar to (a/an) worm run. ,3,1,https://app.prolific.co/submissions/complete?cc=1C969808,63800,e61be58d-b824-4819-8100-806af8d095db,2020-04-06 17:51:31,418.472,2020-04-06 15:44:42.650000,2020-04-06 15:51:41.122000,5.0,false,implied_category,roll,headboard,../data/prolific_output/run3-group_experiment1/qu70-s_qu70-batch46.csv
qu70-s_qu70-batch46.csv,,NOT AVAILABLE,NOT AVAILABLE,410085b1-018a-439f-a7e3-0bc5ae4f6451,PROLIFIC,06-Apr-2020 18:02:46,217,9109,bf59af63-2970-40e1-b566-980cd87aa61b,I know that (a/an) headboard can roll/be used for rolling as most or all other things similar to (a/an) headboard roll. ,I know that (a/an) poodle can bark/be used for barking as most or all other things similar to (a/an) poodle bark. ,I know that (a/an) worm can run/be used for runing as most or all other things similar to (a/an) worm run. ,3,1,https://app.prolific.co/submissions/complete?cc=1C969808,64705,986f24ff-7408-49a9-a2a2-bb19e6856572,2020-04-06 18:02:46,1054.76,2020-04-06 15:45:45.354000,2020-04-06 16:03:20.114000,21.0,false,implied_category,roll,headboard,../data/prolific_output/run3-group_experiment1/qu70-s_qu70-batch46.csv
qu70-s_qu70-batch46.csv,,NOT AVAILABLE,NOT AVAILABLE,ad3e5bec-9486-4707-b193-4ab747599819,PROLIFIC,06-Apr-2020 18:02:55,217,9109,bf59af63-2970-40e1-b566-980cd87aa61b,I know that (a/an) headboard can roll/be used for rolling as most or all other things similar to (a/an) headboard roll. ,I know that (a/an) poodle can bark/be used for barking as most or all other things similar to (a/an) poodle bark. ,I know that (a/an) worm can run/be used for runing as most or all other things similar to (a/an) worm run. ,3,1,https://app.prolific.co/submissions/complete?cc=1C969808,64723,d12dea32-b3e1-4ddf-8c9c-20949ccc56db,2020-04-06 18:02:55,2199.534,2020-04-06 15:45:36.925000,2020-04-06 16:22:16.459000,61.0,false,implied_category,roll,headboard,../data/prolific_output/run3-group_experiment1/qu70-s_qu70-batch46.csv
qu70-s_qu70-batch46.csv,,NOT AVAILABLE,NOT AVAILABLE,ad3e5bec-9486-4707-b193-4ab747599819,PROLIFIC,06-Apr-2020 18:17:01,217,9109,bf59af63-2970-40e1-b566-980cd87aa61b,I know that (a/an) headboard can roll/be used for rolling as most or all other things similar to (a/an) headboard roll. ,I know that (a/an) poodle can bark/be used for barking as most or all other things similar to (a/an) poodle bark. ,I know that (a/an) worm can run/be used for runing as most or all other things similar to (a/an) worm run. ,3,1,https://app.prolific.co/submissions/complete?cc=1C969808,65175,d5de9808-66b7-4b5a-8cd3-a6bde6f1e88b,2020-04-06 18:17:01,2199.534,2020-04-06 15:45:36.925000,2020-04-06 16:22:16.459000,20.0,false,implied_category,roll,headboard,../data/prolific_output/run3-group_experiment1/qu70-s_qu70-batch46.csv
qu70-s_qu70-batch46.csv,,NOT AVAILABLE,NOT AVAILABLE,8116ec6c-df4c-4563-bfeb-943aaba3b711,PROLIFIC,06-Apr-2020 18:00:08,217,9109,bf59af63-2970-40e1-b566-980cd87aa61b,I know that (a/an) headboard can roll/be used for rolling as most or all other things similar to (a/an) headboard roll. ,I know that (a/an) poodle can bark/be used for barking as most or all other things similar to (a/an) poodle bark. ,I know that (a/an) worm can run/be used for runing as most or all other things similar to (a/an) worm run. ,3,1,https://app.prolific.co/submissions/complete?cc=1C969808,64446,b9baa72e-c00f-489f-9490-690b0540cea6,2020-04-06 18:00:08,1289.294,2020-04-06 15:43:19.729000,2020-04-06 16:04:49.023000,12.0,false,implied_category,roll,headboard,../data/prolific_output/run3-group_experiment1/qu70-s_qu70-batch46.csv
qu70-s_qu70-batch46.csv,,NOT AVAILABLE,NOT AVAILABLE,1ebdafcc-fce7-41e2-9d93-aac9e254782e,PROLIFIC,06-Apr-2020 18:06:50,217,9109,bf59af63-2970-40e1-b566-980cd87aa61b,I know that (a/an) headboard can roll/be used for rolling as most or all other things similar to (a/an) headboard roll. ,I know that (a/an) poodle can bark/be used for barking as most or all other things similar to (a/an) poodle bark. ,I know that (a/an) worm can run/be used for runing as most or all other things similar to (a/an) worm run. ,3,1,https://app.prolific.co/submissions/complete?cc=1C969808,65001,c9ad53c1-c9ea-4f26-a354-c78dc5172d67,2020-04-06 18:06:50,1424.083,2020-04-06 15:45:14.573000,2020-04-06 16:08:58.656000,14.0,true,implied_category,roll,headboard,../data/prolific_output/run3-group_experiment1/qu70-s_qu70-batch46.csv
qu70-s_qu70-batch46.csv,,NOT AVAILABLE,NOT AVAILABLE,995ae989-0025-45e0-aa77-56eb008cb1d6,PROLIFIC,06-Apr-2020 17:51:30,217,9109,bf59af63-2970-40e1-b566-980cd87aa61b,I know that (a/an) headboard can roll/be used for rolling as most or all other things similar to (a/an) headboard roll. ,I know that (a/an) poodle can bark/be used for barking as most or all other things similar to (a/an) poodle bark. ,I know that (a/an) worm can run/be used for runing as most or all other things similar to (a/an) worm run. ,3,1,https://app.prolific.co/submissions/complete?cc=1C969808,63798,f3ce841d-a478-47db-b924-7e3442b76d85,2020-04-06 17:51:30,185.294,2020-04-06 15:48:33.722000,2020-04-06 15:51:39.016000,1.0,false,implied_category,roll,headboard,../data/prolific_output/run3-group_experiment1/qu70-s_qu70-batch46.csv
qu70-s_qu70-batch46.csv,,NOT AVAILABLE,NOT AVAILABLE,fa8d1f1f-9017-4726-9b37-34e97e3f4b5f,PROLIFIC,06-Apr-2020 17:51:00,217,9109,bf59af63-2970-40e1-b566-980cd87aa61b,I know that (a/an) headboard can roll/be used for rolling as most or all other things similar to (a/an) headboard roll. ,I know that (a/an) poodle can bark/be used for barking as most or all other things similar to (a/an) poodle bark. ,I know that (a/an) worm can run/be used for runing as most or all other things similar to (a/an) worm run. ,3,1,https://app.prolific.co/submissions/complete?cc=1C969808,63736,dd15fff1-51ba-4450-ba34-98f8ae3ae12e,2020-04-06 17:51:00,417.94,2020-04-06 15:48:14.268000,2020-04-06 15:55:12.208000,1.0,true,implied_category,roll,headboard,../data/prolific_output/run3-group_experiment1/qu70-s_qu70-batch46.csv
qu70-s_qu70-batch46.csv,,NOT AVAILABLE,NOT AVAILABLE,ff5b40d9-36ab-4b0c-96cd-b8b200165b5f,PROLIFIC,06-Apr-2020 17:55:36,217,9109,bf59af63-2970-40e1-b566-980cd87aa61b,I know that (a/an) headboard can roll/be used for rolling as most or all other things similar to (a/an) headboard roll. ,I know that (a/an) poodle can bark/be used for barking as most or all other things similar to (a/an) poodle bark. ,I know that (a/an) worm can run/be used for runing as most or all other things similar to (a/an) worm run. ,3,1,https://app.prolific.co/submissions/complete?cc=1C969808,64052,f26c29c3-eeb1-4d23-8073-81a0ddb5c95e,2020-04-06 17:55:36,,,,2.0,false,implied_category,roll,headboard,../data/prolific_output/run3-group_experiment1/qu70-s_qu70-batch46.csv
qu70-s_qu70-batch46.csv,,NOT AVAILABLE,NOT AVAILABLE,def5c589-9118-419e-932b-0f312d0bec25,PROLIFIC,06-Apr-2020 17:57:07,217,9109,bf59af63-2970-40e1-b566-980cd87aa61b,I know that (a/an) headboard can roll/be used for rolling as most or all other things similar to (a/an) headboard roll. ,I know that (a/an) poodle can bark/be used for barking as most or all other things similar to (a/an) poodle bark. ,I know that (a/an) worm can run/be used for runing as most or all other things similar to (a/an) worm run. ,3,1,https://app.prolific.co/submissions/complete?cc=1C969808,64186,4fb18e9f-0a86-4d6e-8271-02e91c667d04,2020-04-06 17:57:07,,,,9.0,false,implied_category,roll,headboard,../data/prolific_output/run3-group_experiment1/qu70-s_qu70-batch46.csv
qu70-s_qu70-batch46.csv,,NOT AVAILABLE,NOT AVAILABLE,b759a9fb-a047-48ec-b0ee-199261b8060c,PROLIFIC,06-Apr-2020 17:53:07,217,9109,bf59af63-2970-40e1-b566-980cd87aa61b,I know that (a/an) headboard can roll/be used for rolling as most or all other things similar to (a/an) headboard roll. ,I know that (a/an) poodle can bark/be used for barking as most or all other things similar to (a/an) poodle bark. ,I know that (a/an) worm can run/be used for runing as most or all other things similar to (a/an) worm run. ,3,1,https://app.prolific.co/submissions/complete?cc=1C969808,63907,93c4542c-780b-4fef-af91-8e29c95ba5a1,2020-04-06 17:53:07,,,,56.0,false,implied_category,roll,headboard,../data/prolific_output/run3-group_experiment1/qu70-s_qu70-batch46.csv
qu70-s_qu70-batch46.csv,,NOT AVAILABLE,NOT AVAILABLE,ffd3f20d-b154-4bb6-8fa1-7f4ba9967b71,PROLIFIC,06-Apr-2020 17:47:16,217,9110,d361a59f-52b0-44a1-ba4f-1845e4e01073,I think it is impossible for (a/an) headboard to roll/be used for rolling.,I think it is impossible for (a/an) fish to speak/be used for speaking.,I think it is impossible for (a/an) metal to melt/be used for melting.,3,1,https://app.prolific.co/submissions/complete?cc=1C969808,63403,5453c411-6e51-404d-a8de-0e07e87eda89,2020-04-06 17:47:16,418.472,2020-04-06 15:44:42.650000,2020-04-06 15:51:41.122000,9.0,false,impossible,roll,headboard,../data/prolific_output/run3-group_experiment1/qu70-s_qu70-batch46.csv
qu70-s_qu70-batch46.csv,,NOT AVAILABLE,NOT AVAILABLE,410085b1-018a-439f-a7e3-0bc5ae4f6451,PROLIFIC,06-Apr-2020 17:47:33,217,9110,d361a59f-52b0-44a1-ba4f-1845e4e01073,I think it is impossible for (a/an) headboard to roll/be used for rolling.,I think it is impossible for (a/an) fish to speak/be used for speaking.,I think it is impossible for (a/an) metal to melt/be used for melting.,3,1,https://app.prolific.co/submissions/complete?cc=1C969808,63422,d2e6976a-19ce-40bb-9bbf-890cb9d0a1ce,2020-04-06 17:47:33,1054.76,2020-04-06 15:45:45.354000,2020-04-06 16:03:20.114000,24.0,true,impossible,roll,headboard,../data/prolific_output/run3-group_experiment1/qu70-s_qu70-batch46.csv
qu70-s_qu70-batch46.csv,,NOT AVAILABLE,NOT AVAILABLE,ad3e5bec-9486-4707-b193-4ab747599819,PROLIFIC,06-Apr-2020 18:14:16,217,9110,d361a59f-52b0-44a1-ba4f-1845e4e01073,I think it is impossible for (a/an) headboard to roll/be used for rolling.,I think it is impossible for (a/an) fish to speak/be used for speaking.,I think it is impossible for (a/an) metal to melt/be used for melting.,3,1,https://app.prolific.co/submissions/complete?cc=1C969808,65138,9f57a6d9-9642-4a50-ad9a-7f2080cd949c,2020-04-06 18:14:16,2199.534,2020-04-06 15:45:36.925000,2020-04-06 16:22:16.459000,9.0,true,impossible,roll,headboard,../data/prolific_output/run3-group_experiment1/qu70-s_qu70-batch46.csv
qu70-s_qu70-batch46.csv,,NOT AVAILABLE,NOT AVAILABLE,ad3e5bec-9486-4707-b193-4ab747599819,PROLIFIC,06-Apr-2020 18:06:59,217,9110,d361a59f-52b0-44a1-ba4f-1845e4e01073,I think it is impossible for (a/an) headboard to roll/be used for rolling.,I think it is impossible for (a/an) fish to speak/be used for speaking.,I think it is impossible for (a/an) metal to melt/be used for melting.,3,1,https://app.prolific.co/submissions/complete?cc=1C969808,65011,5b713078-8452-45d7-92b5-a5dbe96fff3f,2020-04-06 18:06:59,2199.534,2020-04-06 15:45:36.925000,2020-04-06 16:22:16.459000,53.0,true,impossible,roll,headboard,../data/prolific_output/run3-group_experiment1/qu70-s_qu70-batch46.csv
qu70-s_qu70-batch46.csv,,NOT AVAILABLE,NOT AVAILABLE,8116ec6c-df4c-4563-bfeb-943aaba3b711,PROLIFIC,06-Apr-2020 18:04:00,217,9110,d361a59f-52b0-44a1-ba4f-1845e4e01073,I think it is impossible for (a/an) headboard to roll/be used for rolling.,I think it is impossible for (a/an) fish to speak/be used for speaking.,I think it is impossible for (a/an) metal to melt/be used for melting.,3,1,https://app.prolific.co/submissions/complete?cc=1C969808,64819,1cb594ad-5546-406a-9000-8529da58b24a,2020-04-06 18:04:00,1289.294,2020-04-06 15:43:19.729000,2020-04-06 16:04:49.023000,14.0,false,impossible,roll,headboard,../data/prolific_output/run3-group_experiment1/qu70-s_qu70-batch46.csv
qu70-s_qu70-batch46.csv,,NOT AVAILABLE,NOT AVAILABLE,1ebdafcc-fce7-41e2-9d93-aac9e254782e,PROLIFIC,06-Apr-2020 17:58:10,217,9110,d361a59f-52b0-44a1-ba4f-1845e4e01073,I think it is impossible for (a/an) headboard to roll/be used for rolling.,I think it is impossible for (a/an) fish to speak/be used for speaking.,I think it is impossible for (a/an) metal to melt/be used for melting.,3,1,https://app.prolific.co/submissions/complete?cc=1C969808,64276,2aafe430-8d41-40c9-9c6d-7cd755497889,2020-04-06 17:58:10,1424.083,2020-04-06 15:45:14.573000,2020-04-06 16:08:58.656000,9.0,false,impossible,roll,headboard,../data/prolific_output/run3-group_experiment1/qu70-s_qu70-batch46.csv
qu70-s_qu70-batch46.csv,,NOT AVAILABLE,NOT AVAILABLE,995ae989-0025-45e0-aa77-56eb008cb1d6,PROLIFIC,06-Apr-2020 17:49:43,217,9110,d361a59f-52b0-44a1-ba4f-1845e4e01073,I think it is impossible for (a/an) headboard to roll/be used for rolling.,I think it is impossible for (a/an) fish to speak/be used for speaking.,I think it is impossible for (a/an) metal to melt/be used for melting.,3,1,https://app.prolific.co/submissions/complete?cc=1C969808,63574,9fcd4360-12ff-461a-9484-643f2fca1d77,2020-04-06 17:49:43,185.294,2020-04-06 15:48:33.722000,2020-04-06 15:51:39.016000,1.0,true,impossible,roll,headboard,../data/prolific_output/run3-group_experiment1/qu70-s_qu70-batch46.csv
qu70-s_qu70-batch46.csv,,NOT AVAILABLE,NOT AVAILABLE,fa8d1f1f-9017-4726-9b37-34e97e3f4b5f,PROLIFIC,06-Apr-2020 17:50:19,217,9110,d361a59f-52b0-44a1-ba4f-1845e4e01073,I think it is impossible for (a/an) headboard to roll/be used for rolling.,I think it is impossible for (a/an) fish to speak/be used for speaking.,I think it is impossible for (a/an) metal to melt/be used for melting.,3,1,https://app.prolific.co/submissions/complete?cc=1C969808,63645,01bae3f8-d073-4ab7-9107-2a23d362afca,2020-04-06 17:50:19,417.94,2020-04-06 15:48:14.268000,2020-04-06 15:55:12.208000,5.0,false,impossible,roll,headboard,../data/prolific_output/run3-group_experiment1/qu70-s_qu70-batch46.csv
qu70-s_qu70-batch46.csv,,NOT AVAILABLE,NOT AVAILABLE,ff5b40d9-36ab-4b0c-96cd-b8b200165b5f,PROLIFIC,06-Apr-2020 17:56:20,217,9110,d361a59f-52b0-44a1-ba4f-1845e4e01073,I think it is impossible for (a/an) headboard to roll/be used for rolling.,I think it is impossible for (a/an) fish to speak/be used for speaking.,I think it is impossible for (a/an) metal to melt/be used for melting.,3,1,https://app.prolific.co/submissions/complete?cc=1C969808,64108,270cb3e0-6642-4f59-919d-1ca466057f67,2020-04-06 17:56:20,,,,1.0,true,impossible,roll,headboard,../data/prolific_output/run3-group_experiment1/qu70-s_qu70-batch46.csv
qu70-s_qu70-batch46.csv,,NOT AVAILABLE,NOT AVAILABLE,def5c589-9118-419e-932b-0f312d0bec25,PROLIFIC,06-Apr-2020 17:56:31,217,9110,d361a59f-52b0-44a1-ba4f-1845e4e01073,I think it is impossible for (a/an) headboard to roll/be used for rolling.,I think it is impossible for (a/an) fish to speak/be used for speaking.,I think it is impossible for (a/an) metal to melt/be used for melting.,3,1,https://app.prolific.co/submissions/complete?cc=1C969808,64132,c389da3d-eda9-4329-8442-109987a69393,2020-04-06 17:56:31,,,,5.0,true,impossible,roll,headboard,../data/prolific_output/run3-group_experiment1/qu70-s_qu70-batch46.csv
qu70-s_qu70-batch46.csv,,NOT AVAILABLE,NOT AVAILABLE,b759a9fb-a047-48ec-b0ee-199261b8060c,PROLIFIC,06-Apr-2020 17:57:02,217,9110,d361a59f-52b0-44a1-ba4f-1845e4e01073,I think it is impossible for (a/an) headboard to roll/be used for rolling.,I think it is impossible for (a/an) fish to speak/be used for speaking.,I think it is impossible for (a/an) metal to melt/be used for melting.,3,1,https://app.prolific.co/submissions/complete?cc=1C969808,64175,a69392b8-d68d-45fb-882c-d8531c791a1a,2020-04-06 17:57:02,,,,8.0,false,impossible,roll,headboard,../data/prolific_output/run3-group_experiment1/qu70-s_qu70-batch46.csv
qu70-s_qu70-batch46.csv,,NOT AVAILABLE,NOT AVAILABLE,ffd3f20d-b154-4bb6-8fa1-7f4ba9967b71,PROLIFIC,06-Apr-2020 17:50:12,217,9111,f039b21c-a64f-4a8e-9a61-d2438f06920e,``Headboard'' is one of the first things which come to mind when I hear ``roll''. ,``Knife'' is one of the first things which come to mind when I hear ``cut''. ,``Cat'' is one of the first things which come to mind when I hear ``kill''. ,3,1,https://app.prolific.co/submissions/complete?cc=1C969808,63629,c3e17625-3a1c-4bbb-933e-eaee3e569369,2020-04-06 17:50:12,418.472,2020-04-06 15:44:42.650000,2020-04-06 15:51:41.122000,3.0,false,typical_of_property,roll,headboard,../data/prolific_output/run3-group_experiment1/qu70-s_qu70-batch46.csv
qu70-s_qu70-batch46.csv,,NOT AVAILABLE,NOT AVAILABLE,410085b1-018a-439f-a7e3-0bc5ae4f6451,PROLIFIC,06-Apr-2020 18:02:51,217,9111,f039b21c-a64f-4a8e-9a61-d2438f06920e,``Headboard'' is one of the first things which come to mind when I hear ``roll''. ,``Knife'' is one of the first things which come to mind when I hear ``cut''. ,``Cat'' is one of the first things which come to mind when I hear ``kill''. ,3,1,https://app.prolific.co/submissions/complete?cc=1C969808,64716,6b923040-146f-4055-89b9-b86c5adfbd19,2020-04-06 18:02:51,1054.76,2020-04-06 15:45:45.354000,2020-04-06 16:03:20.114000,5.0,false,typical_of_property,roll,headboard,../data/prolific_output/run3-group_experiment1/qu70-s_qu70-batch46.csv
qu70-s_qu70-batch46.csv,,NOT AVAILABLE,NOT AVAILABLE,ad3e5bec-9486-4707-b193-4ab747599819,PROLIFIC,06-Apr-2020 18:21:29,217,9111,f039b21c-a64f-4a8e-9a61-d2438f06920e,``Headboard'' is one of the first things which come to mind when I hear ``roll''. ,``Knife'' is one of the first things which come to mind when I hear ``cut''. ,``Cat'' is one of the first things which come to mind when I hear ``kill''. ,3,1,https://app.prolific.co/submissions/complete?cc=1C969808,65239,20388af6-6d39-462b-91bb-0f27ae55ede6,2020-04-06 18:21:29,2199.534,2020-04-06 15:45:36.925000,2020-04-06 16:22:16.459000,18.0,false,typical_of_property,roll,headboard,../data/prolific_output/run3-group_experiment1/qu70-s_qu70-batch46.csv
qu70-s_qu70-batch46.csv,,NOT AVAILABLE,NOT AVAILABLE,ad3e5bec-9486-4707-b193-4ab747599819,PROLIFIC,06-Apr-2020 18:05:33,217,9111,f039b21c-a64f-4a8e-9a61-d2438f06920e,``Headboard'' is one of the first things which come to mind when I hear ``roll''. ,``Knife'' is one of the first things which come to mind when I hear ``cut''. ,``Cat'' is one of the first things which come to mind when I hear ``kill''. ,3,1,https://app.prolific.co/submissions/complete?cc=1C969808,64928,23bb14db-bcc4-45dc-aeb2-f3ea51d05f57,2020-04-06 18:05:33,2199.534,2020-04-06 15:45:36.925000,2020-04-06 16:22:16.459000,9.0,false,typical_of_property,roll,headboard,../data/prolific_output/run3-group_experiment1/qu70-s_qu70-batch46.csv
qu70-s_qu70-batch46.csv,,NOT AVAILABLE,NOT AVAILABLE,8116ec6c-df4c-4563-bfeb-943aaba3b711,PROLIFIC,06-Apr-2020 18:01:59,217,9111,f039b21c-a64f-4a8e-9a61-d2438f06920e,``Headboard'' is one of the first things which come to mind when I hear ``roll''. ,``Knife'' is one of the first things which come to mind when I hear ``cut''. ,``Cat'' is one of the first things which come to mind when I hear ``kill''. ,3,1,https://app.prolific.co/submissions/complete?cc=1C969808,64631,fed4e6ec-b907-4c0a-bb9c-fd8a3a4fcbc7,2020-04-06 18:01:59,1289.294,2020-04-06 15:43:19.729000,2020-04-06 16:04:49.023000,8.0,false,typical_of_property,roll,headboard,../data/prolific_output/run3-group_experiment1/qu70-s_qu70-batch46.csv
qu70-s_qu70-batch46.csv,,NOT AVAILABLE,NOT AVAILABLE,1ebdafcc-fce7-41e2-9d93-aac9e254782e,PROLIFIC,06-Apr-2020 18:08:53,217,9111,f039b21c-a64f-4a8e-9a61-d2438f06920e,``Headboard'' is one of the first things which come to mind when I hear ``roll''. ,``Knife'' is one of the first things which come to mind when I hear ``cut''. ,``Cat'' is one of the first things which come to mind when I hear ``kill''. ,3,1,https://app.prolific.co/submissions/complete?cc=1C969808,65066,27e49560-9f25-4bd6-849a-7700bbb13f20,2020-04-06 18:08:53,1424.083,2020-04-06 15:45:14.573000,2020-04-06 16:08:58.656000,8.656,false,typical_of_property,roll,headboard,../data/prolific_output/run3-group_experiment1/qu70-s_qu70-batch46.csv
qu70-s_qu70-batch46.csv,,NOT AVAILABLE,NOT AVAILABLE,995ae989-0025-45e0-aa77-56eb008cb1d6,PROLIFIC,06-Apr-2020 17:49:45,217,9111,f039b21c-a64f-4a8e-9a61-d2438f06920e,``Headboard'' is one of the first things which come to mind when I hear ``roll''. ,``Knife'' is one of the first things which come to mind when I hear ``cut''. ,``Cat'' is one of the first things which come to mind when I hear ``kill''. ,3,1,https://app.prolific.co/submissions/complete?cc=1C969808,63576,2aa04e90-e0cb-4d88-9d9b-b9b51c8e2816,2020-04-06 17:49:45,185.294,2020-04-06 15:48:33.722000,2020-04-06 15:51:39.016000,2.0,false,typical_of_property,roll,headboard,../data/prolific_output/run3-group_experiment1/qu70-s_qu70-batch46.csv
qu70-s_qu70-batch46.csv,,NOT AVAILABLE,NOT AVAILABLE,fa8d1f1f-9017-4726-9b37-34e97e3f4b5f,PROLIFIC,06-Apr-2020 17:50:20,217,9111,f039b21c-a64f-4a8e-9a61-d2438f06920e,``Headboard'' is one of the first things which come to mind when I hear ``roll''. ,``Knife'' is one of the first things which come to mind when I hear ``cut''. ,``Cat'' is one of the first things which come to mind when I hear ``kill''. ,3,1,https://app.prolific.co/submissions/complete?cc=1C969808,63647,f25ae97e-49ae-4e6e-931a-8e69733139cf,2020-04-06 17:50:20,417.94,2020-04-06 15:48:14.268000,2020-04-06 15:55:12.208000,1.0,true,typical_of_property,roll,headboard,../data/prolific_output/run3-group_experiment1/qu70-s_qu70-batch46.csv
qu70-s_qu70-batch46.csv,,NOT AVAILABLE,NOT AVAILABLE,ff5b40d9-36ab-4b0c-96cd-b8b200165b5f,PROLIFIC,06-Apr-2020 17:56:26,217,9111,f039b21c-a64f-4a8e-9a61-d2438f06920e,``Headboard'' is one of the first things which come to mind when I hear ``roll''. ,``Knife'' is one of the first things which come to mind when I hear ``cut''. ,``Cat'' is one of the first things which come to mind when I hear ``kill''. ,3,1,https://app.prolific.co/submissions/complete?cc=1C969808,64121,337492c7-688b-46f4-b175-6eeacec27dc3,2020-04-06 17:56:26,,,,1.0,true,typical_of_property,roll,headboard,../data/prolific_output/run3-group_experiment1/qu70-s_qu70-batch46.csv
qu70-s_qu70-batch46.csv,,NOT AVAILABLE,NOT AVAILABLE,def5c589-9118-419e-932b-0f312d0bec25,PROLIFIC,06-Apr-2020 17:55:36,217,9111,f039b21c-a64f-4a8e-9a61-d2438f06920e,``Headboard'' is one of the first things which come to mind when I hear ``roll''. ,``Knife'' is one of the first things which come to mind when I hear ``cut''. ,``Cat'' is one of the first things which come to mind when I hear ``kill''. ,3,1,https://app.prolific.co/submissions/complete?cc=1C969808,64053,6e1fca63-cf94-40b9-b588-5f3f561d2010,2020-04-06 17:55:36,,,,14.0,false,typical_of_property,roll,headboard,../data/prolific_output/run3-group_experiment1/qu70-s_qu70-batch46.csv
qu70-s_qu70-batch46.csv,,NOT AVAILABLE,NOT AVAILABLE,b759a9fb-a047-48ec-b0ee-199261b8060c,PROLIFIC,06-Apr-2020 17:55:47,217,9111,f039b21c-a64f-4a8e-9a61-d2438f06920e,``Headboard'' is one of the first things which come to mind when I hear ``roll''. ,``Knife'' is one of the first things which come to mind when I hear ``cut''. ,``Cat'' is one of the first things which come to mind when I hear ``kill''. ,3,1,https://app.prolific.co/submissions/complete?cc=1C969808,64061,be51333b-cf95-4e9e-8ef9-9eb8f808049b,2020-04-06 17:55:47,,,,5.0,false,typical_of_property,roll,headboard,../data/prolific_output/run3-group_experiment1/qu70-s_qu70-batch46.csv
qu70-s_qu70-batch46.csv,,NOT AVAILABLE,NOT AVAILABLE,ffd3f20d-b154-4bb6-8fa1-7f4ba9967b71,PROLIFIC,06-Apr-2020 17:51:26,217,9112,85aedf26-5eea-42b4-a552-70ff2a999bf1,"I could say ``(a/an) headboard rolls/is used for rolling"", but I would most certainly not mean it literally.","I could say ``(a/an) idea grows/is used for growing"", but I would most certainly not mean it literally.
I could say ``(a/an) person glows/is used for glowing"", but I would most certainly not mean it literally.
I could say ``(a/an) thought burns/is used for burning"", but I would most certainly not mean it literally.","I could say ``(a/an) plant grows/is used for growing"", but I would most certainly not mean it literally.
I could say ``(a/an) situation smiles/is used for smileing"", but I would most certainly not mean it literally.
I could say ``(a/an) candle burns/is used for burning"", but I would most certainly not mean it literally.",3,1,https://app.prolific.co/submissions/complete?cc=1C969808,63794,da9d2629-ac7a-4a47-98fb-2a6a18897e9e,2020-04-06 17:51:26,418.472,2020-04-06 15:44:42.650000,2020-04-06 15:51:41.122000,6.0,true,creative,roll,headboard,../data/prolific_output/run3-group_experiment1/qu70-s_qu70-batch46.csv
qu70-s_qu70-batch46.csv,,NOT AVAILABLE,NOT AVAILABLE,410085b1-018a-439f-a7e3-0bc5ae4f6451,PROLIFIC,06-Apr-2020 18:02:11,217,9112,85aedf26-5eea-42b4-a552-70ff2a999bf1,"I could say ``(a/an) headboard rolls/is used for rolling"", but I would most certainly not mean it literally.","I could say ``(a/an) idea grows/is used for growing"", but I would most certainly not mean it literally.
I could say ``(a/an) person glows/is used for glowing"", but I would most certainly not mean it literally.
I could say ``(a/an) thought burns/is used for burning"", but I would most certainly not mean it literally.","I could say ``(a/an) plant grows/is used for growing"", but I would most certainly not mean it literally.
I could say ``(a/an) situation smiles/is used for smileing"", but I would most certainly not mean it literally.
I could say ``(a/an) candle burns/is used for burning"", but I would most certainly not mean it literally.",3,1,https://app.prolific.co/submissions/complete?cc=1C969808,64648,5ad2cdb4-2b1a-4e35-bcbc-7905c3a1a00c,2020-04-06 18:02:11,1054.76,2020-04-06 15:45:45.354000,2020-04-06 16:03:20.114000,70.0,true,creative,roll,headboard,../data/prolific_output/run3-group_experiment1/qu70-s_qu70-batch46.csv
qu70-s_qu70-batch46.csv,,NOT AVAILABLE,NOT AVAILABLE,ad3e5bec-9486-4707-b193-4ab747599819,PROLIFIC,06-Apr-2020 18:14:57,217,9112,85aedf26-5eea-42b4-a552-70ff2a999bf1,"I could say ``(a/an) headboard rolls/is used for rolling"", but I would most certainly not mean it literally.","I could say ``(a/an) idea grows/is used for growing"", but I would most certainly not mean it literally.
I could say ``(a/an) person glows/is used for glowing"", but I would most certainly not mean it literally.
I could say ``(a/an) thought burns/is used for burning"", but I would most certainly not mean it literally.","I could say ``(a/an) plant grows/is used for growing"", but I would most certainly not mean it literally.
I could say ``(a/an) situation smiles/is used for smileing"", but I would most certainly not mean it literally.
I could say ``(a/an) candle burns/is used for burning"", but I would most certainly not mean it literally.",3,1,https://app.prolific.co/submissions/complete?cc=1C969808,65145,9f41f986-5ab2-459a-98a2-16173ca33a52,2020-04-06 18:14:57,2199.534,2020-04-06 15:45:36.925000,2020-04-06 16:22:16.459000,12.0,false,creative,roll,headboard,../data/prolific_output/run3-group_experiment1/qu70-s_qu70-batch46.csv
qu70-s_qu70-batch46.csv,,NOT AVAILABLE,NOT AVAILABLE,8116ec6c-df4c-4563-bfeb-943aaba3b711,PROLIFIC,06-Apr-2020 17:54:32,217,9112,85aedf26-5eea-42b4-a552-70ff2a999bf1,"I could say ``(a/an) headboard rolls/is used for rolling"", but I would most certainly not mean it literally.","I could say ``(a/an) idea grows/is used for growing"", but I would most certainly not mean it literally.
I could say ``(a/an) person glows/is used for glowing"", but I would most certainly not mean it literally.
I could say ``(a/an) thought burns/is used for burning"", but I would most certainly not mean it literally.","I could say ``(a/an) plant grows/is used for growing"", but I would most certainly not mean it literally.
I could say ``(a/an) situation smiles/is used for smileing"", but I would most certainly not mean it literally.
I could say ``(a/an) candle burns/is used for burning"", but I would most certainly not mean it literally.",3,1,https://app.prolific.co/submissions/complete?cc=1C969808,63969,62428142-064f-4286-9b57-4f31a5a77b6a,2020-04-06 17:54:32,1289.294,2020-04-06 15:43:19.729000,2020-04-06 16:04:49.023000,7.0,true,creative,roll,headboard,../data/prolific_output/run3-group_experiment1/qu70-s_qu70-batch46.csv
qu70-s_qu70-batch46.csv,,NOT AVAILABLE,NOT AVAILABLE,1ebdafcc-fce7-41e2-9d93-aac9e254782e,PROLIFIC,06-Apr-2020 18:03:47,217,9112,85aedf26-5eea-42b4-a552-70ff2a999bf1,"I could say ``(a/an) headboard rolls/is used for rolling"", but I would most certainly not mean it literally.","I could say ``(a/an) idea grows/is used for growing"", but I would most certainly not mean it literally.
I could say ``(a/an) person glows/is used for glowing"", but I would most certainly not mean it literally.
I could say ``(a/an) thought burns/is used for burning"", but I would most certainly not mean it literally.","I could say ``(a/an) plant grows/is used for growing"", but I would most certainly not mean it literally.
I could say ``(a/an) situation smiles/is used for smileing"", but I would most certainly not mean it literally.
I could say ``(a/an) candle burns/is used for burning"", but I would most certainly not mean it literally.",3,1,https://app.prolific.co/submissions/complete?cc=1C969808,64803,5d985ee4-99bf-4ae1-8b30-6811119b7c5c,2020-04-06 18:03:47,1424.083,2020-04-06 15:45:14.573000,2020-04-06 16:08:58.656000,7.0,true,creative,roll,headboard,../data/prolific_output/run3-group_experiment1/qu70-s_qu70-batch46.csv
qu70-s_qu70-batch46.csv,,NOT AVAILABLE,NOT AVAILABLE,995ae989-0025-45e0-aa77-56eb008cb1d6,PROLIFIC,06-Apr-2020 17:51:35,217,9112,85aedf26-5eea-42b4-a552-70ff2a999bf1,"I could say ``(a/an) headboard rolls/is used for rolling"", but I would most certainly not mean it literally.","I could say ``(a/an) idea grows/is used for growing"", but I would most certainly not mean it literally.
I could say ``(a/an) person glows/is used for glowing"", but I would most certainly not mean it literally.
I could say ``(a/an) thought burns/is used for burning"", but I would most certainly not mean it literally.","I could say ``(a/an) plant grows/is used for growing"", but I would most certainly not mean it literally.
I could say ``(a/an) situation smiles/is used for smileing"", but I would most certainly not mean it literally.
I could say ``(a/an) candle burns/is used for burning"", but I would most certainly not mean it literally.",3,1,https://app.prolific.co/submissions/complete?cc=1C969808,63809,d95b930f-81c8-4fe1-b960-306377ce9c95,2020-04-06 17:51:35,185.294,2020-04-06 15:48:33.722000,2020-04-06 15:51:39.016000,6.016,false,creative,roll,headboard,../data/prolific_output/run3-group_experiment1/qu70-s_qu70-batch46.csv
qu70-s_qu70-batch46.csv,,NOT AVAILABLE,NOT AVAILABLE,fa8d1f1f-9017-4726-9b37-34e97e3f4b5f,PROLIFIC,06-Apr-2020 17:50:30,217,9112,85aedf26-5eea-42b4-a552-70ff2a999bf1,"I could say ``(a/an) headboard rolls/is used for rolling"", but I would most certainly not mean it literally.","I could say ``(a/an) idea grows/is used for growing"", but I would most certainly not mean it literally.
I could say ``(a/an) person glows/is used for glowing"", but I would most certainly not mean it literally.
I could say ``(a/an) thought burns/is used for burning"", but I would most certainly not mean it literally.","I could say ``(a/an) plant grows/is used for growing"", but I would most certainly not mean it literally.
I could say ``(a/an) situation smiles/is used for smileing"", but I would most certainly not mean it literally.
I could say ``(a/an) candle burns/is used for burning"", but I would most certainly not mean it literally.",3,1,https://app.prolific.co/submissions/complete?cc=1C969808,63667,23158a72-2c60-4160-8698-9f35bab53968,2020-04-06 17:50:30,417.94,2020-04-06 15:48:14.268000,2020-04-06 15:55:12.208000,10.0,true,creative,roll,headboard,../data/prolific_output/run3-group_experiment1/qu70-s_qu70-batch46.csv
qu70-s_qu70-batch46.csv,,NOT AVAILABLE,NOT AVAILABLE,ff5b40d9-36ab-4b0c-96cd-b8b200165b5f,PROLIFIC,06-Apr-2020 17:56:04,217,9112,85aedf26-5eea-42b4-a552-70ff2a999bf1,"I could say ``(a/an) headboard rolls/is used for rolling"", but I would most certainly not mean it literally.","I could say ``(a/an) idea grows/is used for growing"", but I would most certainly not mean it literally.
I could say ``(a/an) person glows/is used for glowing"", but I would most certainly not mean it literally.
I could say ``(a/an) thought burns/is used for burning"", but I would most certainly not mean it literally.","I could say ``(a/an) plant grows/is used for growing"", but I would most certainly not mean it literally.
I could say ``(a/an) situation smiles/is used for smileing"", but I would most certainly not mean it literally.
I could say ``(a/an) candle burns/is used for burning"", but I would most certainly not mean it literally.",3,1,https://app.prolific.co/submissions/complete?cc=1C969808,64078,ccdb0d16-f4ee-4f50-bbdd-ce631a45d028,2020-04-06 17:56:04,,,,1.0,true,creative,roll,headboard,../data/prolific_output/run3-group_experiment1/qu70-s_qu70-batch46.csv
qu70-s_qu70-batch46.csv,,NOT AVAILABLE,NOT AVAILABLE,def5c589-9118-419e-932b-0f312d0bec25,PROLIFIC,06-Apr-2020 17:56:22,217,9112,85aedf26-5eea-42b4-a552-70ff2a999bf1,"I could say ``(a/an) headboard rolls/is used for rolling"", but I would most certainly not mean it literally.","I could say ``(a/an) idea grows/is used for growing"", but I would most certainly not mean it literally.
I could say ``(a/an) person glows/is used for glowing"", but I would most certainly not mean it literally.
I could say ``(a/an) thought burns/is used for burning"", but I would most certainly not mean it literally.","I could say ``(a/an) plant grows/is used for growing"", but I would most certainly not mean it literally.
I could say ``(a/an) situation smiles/is used for smileing"", but I would most certainly not mean it literally.
I could say ``(a/an) candle burns/is used for burning"", but I would most certainly not mean it literally.",3,1,https://app.prolific.co/submissions/complete?cc=1C969808,64110,ea5d11b4-9ddc-4c12-a265-c3d04952ca31,2020-04-06 17:56:22,,,,16.0,true,creative,roll,headboard,../data/prolific_output/run3-group_experiment1/qu70-s_qu70-batch46.csv
qu70-s_qu70-batch46.csv,,NOT AVAILABLE,NOT AVAILABLE,b759a9fb-a047-48ec-b0ee-199261b8060c,PROLIFIC,06-Apr-2020 17:57:42,217,9112,85aedf26-5eea-42b4-a552-70ff2a999bf1,"I could say ``(a/an) headboard rolls/is used for rolling"", but I would most certainly not mean it literally.","I could say ``(a/an) idea grows/is used for growing"", but I would most certainly not mean it literally.
I could say ``(a/an) person glows/is used for glowing"", but I would most certainly not mean it literally.
I could say ``(a/an) thought burns/is used for burning"", but I would most certainly not mean it literally.","I could say ``(a/an) plant grows/is used for growing"", but I would most certainly not mean it literally.
I could say ``(a/an) situation smiles/is used for smileing"", but I would most certainly not mean it literally.
I could say ``(a/an) candle burns/is used for burning"", but I would most certainly not mean it literally.",3,1,https://app.prolific.co/submissions/complete?cc=1C969808,64230,d0cdca41-6b26-4835-aaa9-55df47700771,2020-04-06 17:57:42,,,,8.0,true,creative,roll,headboard,../data/prolific_output/run3-group_experiment1/qu70-s_qu70-batch46.csv
qu70-s_qu70-batch46.csv,,NOT AVAILABLE,NOT AVAILABLE,ffd3f20d-b154-4bb6-8fa1-7f4ba9967b71,PROLIFIC,06-Apr-2020 17:50:47,217,9113,98f49a9b-b151-48f9-b178-9047e7f25027,"I think there is a headboard  which can roll/be used for rolling, but this is rare or uncommon.","I think there is a toddler  which can read/be used for reading, but this is rare or uncommon.","I think there is a teenager  which can read/be used for reading, but this is rare or uncommon.",3,1,https://app.prolific.co/submissions/complete?cc=1C969808,63703,17627e2a-8dc1-4c18-9044-e54cddfeb635,2020-04-06 17:50:47,418.472,2020-04-06 15:44:42.650000,2020-04-06 15:51:41.122000,4.0,true,rare,roll,headboard,../data/prolific_output/run3-group_experiment1/qu70-s_qu70-batch46.csv
qu70-s_qu70-batch46.csv,,NOT AVAILABLE,NOT AVAILABLE,410085b1-018a-439f-a7e3-0bc5ae4f6451,PROLIFIC,06-Apr-2020 17:57:47,217,9113,98f49a9b-b151-48f9-b178-9047e7f25027,"I think there is a headboard  which can roll/be used for rolling, but this is rare or uncommon.","I think there is a toddler  which can read/be used for reading, but this is rare or uncommon.","I think there is a teenager  which can read/be used for reading, but this is rare or uncommon.",3,1,https://app.prolific.co/submissions/complete?cc=1C969808,64243,b03905d6-043e-4450-9c4a-7e8e88a0d42c,2020-04-06 17:57:47,1054.76,2020-04-06 15:45:45.354000,2020-04-06 16:03:20.114000,3.0,false,rare,roll,headboard,../data/prolific_output/run3-group_experiment1/qu70-s_qu70-batch46.csv
qu70-s_qu70-batch46.csv,,NOT AVAILABLE,NOT AVAILABLE,ad3e5bec-9486-4707-b193-4ab747599819,PROLIFIC,06-Apr-2020 17:52:36,217,9113,98f49a9b-b151-48f9-b178-9047e7f25027,"I think there is a headboard  which can roll/be used for rolling, but this is rare or uncommon.","I think there is a toddler  which can read/be used for reading, but this is rare or uncommon.","I think there is a teenager  which can read/be used for reading, but this is rare or uncommon.",3,1,https://app.prolific.co/submissions/complete?cc=1C969808,63886,01c5234a-5737-4fd7-81f3-a2ab68a570c2,2020-04-06 17:52:36,2199.534,2020-04-06 15:45:36.925000,2020-04-06 16:22:16.459000,84.0,false,rare,roll,headboard,../data/prolific_output/run3-group_experiment1/qu70-s_qu70-batch46.csv
qu70-s_qu70-batch46.csv,,NOT AVAILABLE,NOT AVAILABLE,ad3e5bec-9486-4707-b193-4ab747599819,PROLIFIC,06-Apr-2020 18:20:06,217,9113,98f49a9b-b151-48f9-b178-9047e7f25027,"I think there is a headboard  which can roll/be used for rolling, but this is rare or uncommon.","I think there is a toddler  which can read/be used for reading, but this is rare or uncommon.","I think there is a teenager  which can read/be used for reading, but this is rare or uncommon.",3,1,https://app.prolific.co/submissions/complete?cc=1C969808,65210,d362038a-41e9-40db-b28b-c3623091eaf7,2020-04-06 18:20:06,2199.534,2020-04-06 15:45:36.925000,2020-04-06 16:22:16.459000,5.0,true,rare,roll,headboard,../data/prolific_output/run3-group_experiment1/qu70-s_qu70-batch46.csv
qu70-s_qu70-batch46.csv,,NOT AVAILABLE,NOT AVAILABLE,8116ec6c-df4c-4563-bfeb-943aaba3b711,PROLIFIC,06-Apr-2020 17:56:24,217,9113,98f49a9b-b151-48f9-b178-9047e7f25027,"I think there is a headboard  which can roll/be used for rolling, but this is rare or uncommon.","I think there is a toddler  which can read/be used for reading, but this is rare or uncommon.","I think there is a teenager  which can read/be used for reading, but this is rare or uncommon.",3,1,https://app.prolific.co/submissions/complete?cc=1C969808,64114,6efccbd6-8fe4-4a6e-8e4f-b413e9971284,2020-04-06 17:56:24,1289.294,2020-04-06 15:43:19.729000,2020-04-06 16:04:49.023000,19.0,false,rare,roll,headboard,../data/prolific_output/run3-group_experiment1/qu70-s_qu70-batch46.csv
qu70-s_qu70-batch46.csv,,NOT AVAILABLE,NOT AVAILABLE,1ebdafcc-fce7-41e2-9d93-aac9e254782e,PROLIFIC,06-Apr-2020 18:07:48,217,9113,98f49a9b-b151-48f9-b178-9047e7f25027,"I think there is a headboard  which can roll/be used for rolling, but this is rare or uncommon.","I think there is a toddler  which can read/be used for reading, but this is rare or uncommon.","I think there is a teenager  which can read/be used for reading, but this is rare or uncommon.",3,1,https://app.prolific.co/submissions/complete?cc=1C969808,65041,bbfeb547-4fa1-4eb4-ba0a-2bb2cdfbad7a,2020-04-06 18:07:48,1424.083,2020-04-06 15:45:14.573000,2020-04-06 16:08:58.656000,7.0,true,rare,roll,headboard,../data/prolific_output/run3-group_experiment1/qu70-s_qu70-batch46.csv
qu70-s_qu70-batch46.csv,,NOT AVAILABLE,NOT AVAILABLE,995ae989-0025-45e0-aa77-56eb008cb1d6,PROLIFIC,06-Apr-2020 17:49:52,217,9113,98f49a9b-b151-48f9-b178-9047e7f25027,"I think there is a headboard  which can roll/be used for rolling, but this is rare or uncommon.","I think there is a toddler  which can read/be used for reading, but this is rare or uncommon.","I think there is a teenager  which can read/be used for reading, but this is rare or uncommon.",3,1,https://app.prolific.co/submissions/complete?cc=1C969808,63588,57f8413f-dac3-40a3-84d0-54d8f94a6a43,2020-04-06 17:49:52,185.294,2020-04-06 15:48:33.722000,2020-04-06 15:51:39.016000,1.0,false,rare,roll,headboard,../data/prolific_output/run3-group_experiment1/qu70-s_qu70-batch46.csv
qu70-s_qu70-batch46.csv,,NOT AVAILABLE,NOT AVAILABLE,fa8d1f1f-9017-4726-9b37-34e97e3f4b5f,PROLIFIC,06-Apr-2020 17:50:40,217,9113,98f49a9b-b151-48f9-b178-9047e7f25027,"I think there is a headboard  which can roll/be used for rolling, but this is rare or uncommon.","I think there is a toddler  which can read/be used for reading, but this is rare or uncommon.","I think there is a teenager  which can read/be used for reading, but this is rare or uncommon.",3,1,https://app.prolific.co/submissions/complete?cc=1C969808,63689,b284da1b-1eac-46ae-b546-aa25b568ab7a,2020-04-06 17:50:40,417.94,2020-04-06 15:48:14.268000,2020-04-06 15:55:12.208000,2.0,true,rare,roll,headboard,../data/prolific_output/run3-group_experiment1/qu70-s_qu70-batch46.csv
qu70-s_qu70-batch46.csv,,NOT AVAILABLE,NOT AVAILABLE,ff5b40d9-36ab-4b0c-96cd-b8b200165b5f,PROLIFIC,06-Apr-2020 17:55:07,217,9113,98f49a9b-b151-48f9-b178-9047e7f25027,"I think there is a headboard  which can roll/be used for rolling, but this is rare or uncommon.","I think there is a toddler  which can read/be used for reading, but this is rare or uncommon.","I think there is a teenager  which can read/be used for reading, but this is rare or uncommon.",3,1,https://app.prolific.co/submissions/complete?cc=1C969808,64005,5a74ca0e-b9e8-4e37-8449-350ede303903,2020-04-06 17:55:07,,,,1.0,true,rare,roll,headboard,../data/prolific_output/run3-group_experiment1/qu70-s_qu70-batch46.csv
qu70-s_qu70-batch46.csv,,NOT AVAILABLE,NOT AVAILABLE,def5c589-9118-419e-932b-0f312d0bec25,PROLIFIC,06-Apr-2020 17:50:56,217,9113,98f49a9b-b151-48f9-b178-9047e7f25027,"I think there is a headboard  which can roll/be used for rolling, but this is rare or uncommon.","I think there is a toddler  which can read/be used for reading, but this is rare or uncommon.","I think there is a teenager  which can read/be used for reading, but this is rare or uncommon.",3,1,https://app.prolific.co/submissions/complete?cc=1C969808,63724,a191c42e-58ce-4524-b665-d45d9ea6342f,2020-04-06 17:50:56,,,,6.0,true,rare,roll,headboard,../data/prolific_output/run3-group_experiment1/qu70-s_qu70-batch46.csv
qu70-s_qu70-batch46.csv,,NOT AVAILABLE,NOT AVAILABLE,b759a9fb-a047-48ec-b0ee-199261b8060c,PROLIFIC,06-Apr-2020 17:59:30,217,9113,98f49a9b-b151-48f9-b178-9047e7f25027,"I think there is a headboard  which can roll/be used for rolling, but this is rare or uncommon.","I think there is a toddler  which can read/be used for reading, but this is rare or uncommon.","I think there is a teenager  which can read/be used for reading, but this is rare or uncommon.",3,1,https://app.prolific.co/submissions/complete?cc=1C969808,64394,dba51fd3-f4c0-46af-977a-139c672d2ab6,2020-04-06 17:59:30,,,,13.0,false,rare,roll,headboard,../data/prolific_output/run3-group_experiment1/qu70-s_qu70-batch46.csv
qu70-s_qu70-batch46.csv,,NOT AVAILABLE,NOT AVAILABLE,ffd3f20d-b154-4bb6-8fa1-7f4ba9967b71,PROLIFIC,06-Apr-2020 17:51:08,217,9114,b6e2ec6e-a998-4a51-a0d5-1092c8c31e84,``Red'' is one for the first things which come to mind when I hear ``frog''.,``Heavy'' is one for the first things which come to mind when I hear ``rock''.,``White'' is one for the first things which come to mind when I hear ``rasperry''.,3,1,https://app.prolific.co/submissions/complete?cc=1C969808,63755,12763ecb-8fa6-498d-902e-4e1ac7089316,2020-04-06 17:51:08,418.472,2020-04-06 15:44:42.650000,2020-04-06 15:51:41.122000,2.0,false,typical_of_concept,red,frog,../data/prolific_output/run3-group_experiment1/qu70-s_qu70-batch46.csv
qu70-s_qu70-batch46.csv,,NOT AVAILABLE,NOT AVAILABLE,410085b1-018a-439f-a7e3-0bc5ae4f6451,PROLIFIC,06-Apr-2020 17:49:50,217,9114,b6e2ec6e-a998-4a51-a0d5-1092c8c31e84,``Red'' is one for the first things which come to mind when I hear ``frog''.,``Heavy'' is one for the first things which come to mind when I hear ``rock''.,``White'' is one for the first things which come to mind when I hear ``rasperry''.,3,1,https://app.prolific.co/submissions/complete?cc=1C969808,63582,d0d2d5c6-922a-47f0-959e-d189543c3486,2020-04-06 17:49:50,1054.76,2020-04-06 15:45:45.354000,2020-04-06 16:03:20.114000,14.0,false,typical_of_concept,red,frog,../data/prolific_output/run3-group_experiment1/qu70-s_qu70-batch46.csv
qu70-s_qu70-batch46.csv,,NOT AVAILABLE,NOT AVAILABLE,ad3e5bec-9486-4707-b193-4ab747599819,PROLIFIC,06-Apr-2020 18:08:32,217,9114,b6e2ec6e-a998-4a51-a0d5-1092c8c31e84,``Red'' is one for the first things which come to mind when I hear ``frog''.,``Heavy'' is one for the first things which come to mind when I hear ``rock''.,``White'' is one for the first things which come to mind when I hear ``rasperry''.,3,1,https://app.prolific.co/submissions/complete?cc=1C969808,65057,457f1fa2-bcd3-490f-b7e2-8240c28fa78d,2020-04-06 18:08:32,2199.534,2020-04-06 15:45:36.925000,2020-04-06 16:22:16.459000,4.0,false,typical_of_concept,red,frog,../data/prolific_output/run3-group_experiment1/qu70-s_qu70-batch46.csv
qu70-s_qu70-batch46.csv,,NOT AVAILABLE,NOT AVAILABLE,ad3e5bec-9486-4707-b193-4ab747599819,PROLIFIC,06-Apr-2020 18:13:27,217,9114,b6e2ec6e-a998-4a51-a0d5-1092c8c31e84,``Red'' is one for the first things which come to mind when I hear ``frog''.,``Heavy'' is one for the first things which come to mind when I hear ``rock''.,``White'' is one for the first things which come to mind when I hear ``rasperry''.,3,1,https://app.prolific.co/submissions/complete?cc=1C969808,65125,dc83d0fb-7746-41ea-b9c2-2c91aaa48bad,2020-04-06 18:13:27,2199.534,2020-04-06 15:45:36.925000,2020-04-06 16:22:16.459000,69.0,false,typical_of_concept,red,frog,../data/prolific_output/run3-group_experiment1/qu70-s_qu70-batch46.csv
qu70-s_qu70-batch46.csv,,NOT AVAILABLE,NOT AVAILABLE,8116ec6c-df4c-4563-bfeb-943aaba3b711,PROLIFIC,06-Apr-2020 17:59:30,217,9114,b6e2ec6e-a998-4a51-a0d5-1092c8c31e84,``Red'' is one for the first things which come to mind when I hear ``frog''.,``Heavy'' is one for the first things which come to mind when I hear ``rock''.,``White'' is one for the first things which come to mind when I hear ``rasperry''.,3,1,https://app.prolific.co/submissions/complete?cc=1C969808,64395,695af6a9-b5cd-45bd-8969-ab564abfd4a4,2020-04-06 17:59:30,1289.294,2020-04-06 15:43:19.729000,2020-04-06 16:04:49.023000,5.0,false,typical_of_concept,red,frog,../data/prolific_output/run3-group_experiment1/qu70-s_qu70-batch46.csv
qu70-s_qu70-batch46.csv,,NOT AVAILABLE,NOT AVAILABLE,1ebdafcc-fce7-41e2-9d93-aac9e254782e,PROLIFIC,06-Apr-2020 18:02:16,217,9114,b6e2ec6e-a998-4a51-a0d5-1092c8c31e84,``Red'' is one for the first things which come to mind when I hear ``frog''.,``Heavy'' is one for the first things which come to mind when I hear ``rock''.,``White'' is one for the first things which come to mind when I hear ``rasperry''.,3,1,https://app.prolific.co/submissions/complete?cc=1C969808,64656,b558ceed-1c6a-4a6d-97a5-345f982b9908,2020-04-06 18:02:16,1424.083,2020-04-06 15:45:14.573000,2020-04-06 16:08:58.656000,17.0,false,typical_of_concept,red,frog,../data/prolific_output/run3-group_experiment1/qu70-s_qu70-batch46.csv
qu70-s_qu70-batch46.csv,,NOT AVAILABLE,NOT AVAILABLE,995ae989-0025-45e0-aa77-56eb008cb1d6,PROLIFIC,06-Apr-2020 17:50:23,217,9114,b6e2ec6e-a998-4a51-a0d5-1092c8c31e84,``Red'' is one for the first things which come to mind when I hear ``frog''.,``Heavy'' is one for the first things which come to mind when I hear ``rock''.,``White'' is one for the first things which come to mind when I hear ``rasperry''.,3,1,https://app.prolific.co/submissions/complete?cc=1C969808,63654,805907d5-4c12-4280-9df8-4aef4906a88f,2020-04-06 17:50:23,185.294,2020-04-06 15:48:33.722000,2020-04-06 15:51:39.016000,3.0,false,typical_of_concept,red,frog,../data/prolific_output/run3-group_experiment1/qu70-s_qu70-batch46.csv
qu70-s_qu70-batch46.csv,,NOT AVAILABLE,NOT AVAILABLE,fa8d1f1f-9017-4726-9b37-34e97e3f4b5f,PROLIFIC,06-Apr-2020 17:51:40,217,9114,b6e2ec6e-a998-4a51-a0d5-1092c8c31e84,``Red'' is one for the first things which come to mind when I hear ``frog''.,``Heavy'' is one for the first things which come to mind when I hear ``rock''.,``White'' is one for the first things which come to mind when I hear ``rasperry''.,3,1,https://app.prolific.co/submissions/complete?cc=1C969808,63818,e2e9bded-a429-4682-b3b3-bbeecebab275,2020-04-06 17:51:40,417.94,2020-04-06 15:48:14.268000,2020-04-06 15:55:12.208000,2.0,true,typical_of_concept,red,frog,../data/prolific_output/run3-group_experiment1/qu70-s_qu70-batch46.csv
qu70-s_qu70-batch46.csv,,NOT AVAILABLE,NOT AVAILABLE,ff5b40d9-36ab-4b0c-96cd-b8b200165b5f,PROLIFIC,06-Apr-2020 17:52:08,217,9114,b6e2ec6e-a998-4a51-a0d5-1092c8c31e84,``Red'' is one for the first things which come to mind when I hear ``frog''.,``Heavy'' is one for the first things which come to mind when I hear ``rock''.,``White'' is one for the first things which come to mind when I hear ``rasperry''.,3,1,https://app.prolific.co/submissions/complete?cc=1C969808,63855,51395c22-329b-42f7-9b4a-6d8356f5f057,2020-04-06 17:52:08,,,,,false,typical_of_concept,red,frog,../data/prolific_output/run3-group_experiment1/qu70-s_qu70-batch46.csv
qu70-s_qu70-batch46.csv,,NOT AVAILABLE,NOT AVAILABLE,def5c589-9118-419e-932b-0f312d0bec25,PROLIFIC,06-Apr-2020 17:53:30,217,9114,b6e2ec6e-a998-4a51-a0d5-1092c8c31e84,``Red'' is one for the first things which come to mind when I hear ``frog''.,``Heavy'' is one for the first things which come to mind when I hear ``rock''.,``White'' is one for the first things which come to mind when I hear ``rasperry''.,3,1,https://app.prolific.co/submissions/complete?cc=1C969808,63923,72d314af-3430-4185-b123-e8590a9bff0d,2020-04-06 17:53:30,,,,7.0,false,typical_of_concept,red,frog,../data/prolific_output/run3-group_experiment1/qu70-s_qu70-batch46.csv
qu70-s_qu70-batch46.csv,,NOT AVAILABLE,NOT AVAILABLE,b759a9fb-a047-48ec-b0ee-199261b8060c,PROLIFIC,06-Apr-2020 17:50:53,217,9114,b6e2ec6e-a998-4a51-a0d5-1092c8c31e84,``Red'' is one for the first things which come to mind when I hear ``frog''.,``Heavy'' is one for the first things which come to mind when I hear ``rock''.,``White'' is one for the first things which come to mind when I hear ``rasperry''.,3,1,https://app.prolific.co/submissions/complete?cc=1C969808,63716,ca93be7a-a729-44e6-84e1-b4c4ae345e75,2020-04-06 17:50:53,,,,8.0,false,typical_of_concept,red,frog,../data/prolific_output/run3-group_experiment1/qu70-s_qu70-batch46.csv
qu70-s_qu70-batch46.csv,,NOT AVAILABLE,NOT AVAILABLE,ffd3f20d-b154-4bb6-8fa1-7f4ba9967b71,PROLIFIC,06-Apr-2020 17:48:00,217,9115,eab4ef1d-0e43-45cf-bf06-fbe819355009,You can find (a/an) frog which is red. Red is one of a few possible colors (a/an) frog can have. There is only a limited range of possible colors.,You can find (a/an) pepper which is red. Red is one of a few possible colors (a/an) pepper can have. There is only a limited range of possible colors.,You can find (a/an) t-shirt which is red. Red is one of a few possible colors (a/an) t-shirt can have. There is only a limited range of possible colors.,3,1,https://app.prolific.co/submissions/complete?cc=1C969808,63447,80399c19-9321-4427-83df-50b6bd803cb3,2020-04-06 17:48:00,418.472,2020-04-06 15:44:42.650000,2020-04-06 15:51:41.122000,5.0,true,variability_limited,red,frog,../data/prolific_output/run3-group_experiment1/qu70-s_qu70-batch46.csv
qu70-s_qu70-batch46.csv,,NOT AVAILABLE,NOT AVAILABLE,410085b1-018a-439f-a7e3-0bc5ae4f6451,PROLIFIC,06-Apr-2020 17:51:07,217,9115,eab4ef1d-0e43-45cf-bf06-fbe819355009,You can find (a/an) frog which is red. Red is one of a few possible colors (a/an) frog can have. There is only a limited range of possible colors.,You can find (a/an) pepper which is red. Red is one of a few possible colors (a/an) pepper can have. There is only a limited range of possible colors.,You can find (a/an) t-shirt which is red. Red is one of a few possible colors (a/an) t-shirt can have. There is only a limited range of possible colors.,3,1,https://app.prolific.co/submissions/complete?cc=1C969808,63754,243632a3-8771-48bb-baff-c544edb023d3,2020-04-06 17:51:07,1054.76,2020-04-06 15:45:45.354000,2020-04-06 16:03:20.114000,11.0,false,variability_limited,red,frog,../data/prolific_output/run3-group_experiment1/qu70-s_qu70-batch46.csv
qu70-s_qu70-batch46.csv,,NOT AVAILABLE,NOT AVAILABLE,ad3e5bec-9486-4707-b193-4ab747599819,PROLIFIC,06-Apr-2020 18:21:11,217,9115,eab4ef1d-0e43-45cf-bf06-fbe819355009,You can find (a/an) frog which is red. Red is one of a few possible colors (a/an) frog can have. There is only a limited range of possible colors.,You can find (a/an) pepper which is red. Red is one of a few possible colors (a/an) pepper can have. There is only a limited range of possible colors.,You can find (a/an) t-shirt which is red. Red is one of a few possible colors (a/an) t-shirt can have. There is only a limited range of possible colors.,3,1,https://app.prolific.co/submissions/complete?cc=1C969808,65234,3a13896e-3684-43e5-b2ca-322c449c0891,2020-04-06 18:21:11,2199.534,2020-04-06 15:45:36.925000,2020-04-06 16:22:16.459000,8.0,false,variability_limited,red,frog,../data/prolific_output/run3-group_experiment1/qu70-s_qu70-batch46.csv
qu70-s_qu70-batch46.csv,,NOT AVAILABLE,NOT AVAILABLE,8116ec6c-df4c-4563-bfeb-943aaba3b711,PROLIFIC,06-Apr-2020 17:56:34,217,9115,eab4ef1d-0e43-45cf-bf06-fbe819355009,You can find (a/an) frog which is red. Red is one of a few possible colors (a/an) frog can have. There is only a limited range of possible colors.,You can find (a/an) pepper which is red. Red is one of a few possible colors (a/an) pepper can have. There is only a limited range of possible colors.,You can find (a/an) t-shirt which is red. Red is one of a few possible colors (a/an) t-shirt can have. There is only a limited range of possible colors.,3,1,https://app.prolific.co/submissions/complete?cc=1C969808,64137,f7e854df-1dbf-459b-ac7b-b179fb5d3407,2020-04-06 17:56:34,1289.294,2020-04-06 15:43:19.729000,2020-04-06 16:04:49.023000,10.0,false,variability_limited,red,frog,../data/prolific_output/run3-group_experiment1/qu70-s_qu70-batch46.csv
qu70-s_qu70-batch46.csv,,NOT AVAILABLE,NOT AVAILABLE,1ebdafcc-fce7-41e2-9d93-aac9e254782e,PROLIFIC,06-Apr-2020 17:59:53,217,9115,eab4ef1d-0e43-45cf-bf06-fbe819355009,You can find (a/an) frog which is red. Red is one of a few possible colors (a/an) frog can have. There is only a limited range of possible colors.,You can find (a/an) pepper which is red. Red is one of a few possible colors (a/an) pepper can have. There is only a limited range of possible colors.,You can find (a/an) t-shirt which is red. Red is one of a few possible colors (a/an) t-shirt can have. There is only a limited range of possible colors.,3,1,https://app.prolific.co/submissions/complete?cc=1C969808,64423,01c7e6be-041e-48b2-89cd-38d601f49a6f,2020-04-06 17:59:53,1424.083,2020-04-06 15:45:14.573000,2020-04-06 16:08:58.656000,13.0,true,variability_limited,red,frog,../data/prolific_output/run3-group_experiment1/qu70-s_qu70-batch46.csv
qu70-s_qu70-batch46.csv,,NOT AVAILABLE,NOT AVAILABLE,995ae989-0025-45e0-aa77-56eb008cb1d6,PROLIFIC,06-Apr-2020 17:51:00,217,9115,eab4ef1d-0e43-45cf-bf06-fbe819355009,You can find (a/an) frog which is red. Red is one of a few possible colors (a/an) frog can have. There is only a limited range of possible colors.,You can find (a/an) pepper which is red. Red is one of a few possible colors (a/an) pepper can have. There is only a limited range of possible colors.,You can find (a/an) t-shirt which is red. Red is one of a few possible colors (a/an) t-shirt can have. There is only a limited range of possible colors.,3,1,https://app.prolific.co/submissions/complete?cc=1C969808,63735,eded8907-4d7d-4f04-94f9-a994b6b83486,2020-04-06 17:51:00,185.294,2020-04-06 15:48:33.722000,2020-04-06 15:51:39.016000,1.0,false,variability_limited,red,frog,../data/prolific_output/run3-group_experiment1/qu70-s_qu70-batch46.csv
qu70-s_qu70-batch46.csv,,NOT AVAILABLE,NOT AVAILABLE,fa8d1f1f-9017-4726-9b37-34e97e3f4b5f,PROLIFIC,06-Apr-2020 17:51:06,217,9115,eab4ef1d-0e43-45cf-bf06-fbe819355009,You can find (a/an) frog which is red. Red is one of a few possible colors (a/an) frog can have. There is only a limited range of possible colors.,You can find (a/an) pepper which is red. Red is one of a few possible colors (a/an) pepper can have. There is only a limited range of possible colors.,You can find (a/an) t-shirt which is red. Red is one of a few possible colors (a/an) t-shirt can have. There is only a limited range of possible colors.,3,1,https://app.prolific.co/submissions/complete?cc=1C969808,63752,4999c94e-287a-45c5-b012-ebaca1302eba,2020-04-06 17:51:06,417.94,2020-04-06 15:48:14.268000,2020-04-06 15:55:12.208000,1.0,false,variability_limited,red,frog,../data/prolific_output/run3-group_experiment1/qu70-s_qu70-batch46.csv
qu70-s_qu70-batch46.csv,,NOT AVAILABLE,NOT AVAILABLE,ff5b40d9-36ab-4b0c-96cd-b8b200165b5f,PROLIFIC,06-Apr-2020 17:54:34,217,9115,eab4ef1d-0e43-45cf-bf06-fbe819355009,You can find (a/an) frog which is red. Red is one of a few possible colors (a/an) frog can have. There is only a limited range of possible colors.,You can find (a/an) pepper which is red. Red is one of a few possible colors (a/an) pepper can have. There is only a limited range of possible colors.,You can find (a/an) t-shirt which is red. Red is one of a few possible colors (a/an) t-shirt can have. There is only a limited range of possible colors.,3,1,https://app.prolific.co/submissions/complete?cc=1C969808,63971,cc2607e3-fe2e-4436-9b37-d944a2df5677,2020-04-06 17:54:34,,,,2.0,false,variability_limited,red,frog,../data/prolific_output/run3-group_experiment1/qu70-s_qu70-batch46.csv
qu70-s_qu70-batch46.csv,,NOT AVAILABLE,NOT AVAILABLE,def5c589-9118-419e-932b-0f312d0bec25,PROLIFIC,06-Apr-2020 17:46:04,217,9115,eab4ef1d-0e43-45cf-bf06-fbe819355009,You can find (a/an) frog which is red. Red is one of a few possible colors (a/an) frog can have. There is only a limited range of possible colors.,You can find (a/an) pepper which is red. Red is one of a few possible colors (a/an) pepper can have. There is only a limited range of possible colors.,You can find (a/an) t-shirt which is red. Red is one of a few possible colors (a/an) t-shirt can have. There is only a limited range of possible colors.,3,1,https://app.prolific.co/submissions/complete?cc=1C969808,63327,09a1311a-6cb2-40a3-a387-0b12076d7394,2020-04-06 17:46:04,,,,37.0,true,variability_limited,red,frog,../data/prolific_output/run3-group_experiment1/qu70-s_qu70-batch46.csv
qu70-s_qu70-batch46.csv,,NOT AVAILABLE,NOT AVAILABLE,b759a9fb-a047-48ec-b0ee-199261b8060c,PROLIFIC,06-Apr-2020 17:56:07,217,9115,eab4ef1d-0e43-45cf-bf06-fbe819355009,You can find (a/an) frog which is red. Red is one of a few possible colors (a/an) frog can have. There is only a limited range of possible colors.,You can find (a/an) pepper which is red. Red is one of a few possible colors (a/an) pepper can have. There is only a limited range of possible colors.,You can find (a/an) t-shirt which is red. Red is one of a few possible colors (a/an) t-shirt can have. There is only a limited range of possible colors.,3,1,https://app.prolific.co/submissions/complete?cc=1C969808,64084,386f57bd-9fff-4514-a26a-1f66752b693a,2020-04-06 17:56:07,,,,7.0,true,variability_limited,red,frog,../data/prolific_output/run3-group_experiment1/qu70-s_qu70-batch46.csv
qu70-s_qu70-batch46.csv,,NOT AVAILABLE,NOT AVAILABLE,ffd3f20d-b154-4bb6-8fa1-7f4ba9967b71,PROLIFIC,06-Apr-2020 17:50:29,217,9116,9248b7c6-eae1-45ec-bc56-11fdc34260a0,I know that being red is necessary for many things (a/an) frog does or is used for. ,I know that being bright is necessary for many things (a/an) flashlight does or is used for. ,I know that being grey is necessary for many things (a/an) car does or is used for. ,3,1,https://app.prolific.co/submissions/complete?cc=1C969808,63665,db688214-354d-40d7-ab0e-8fa14675a9bb,2020-04-06 17:50:29,418.472,2020-04-06 15:44:42.650000,2020-04-06 15:51:41.122000,4.0,false,affording_activity,red,frog,../data/prolific_output/run3-group_experiment1/qu70-s_qu70-batch46.csv
qu70-s_qu70-batch46.csv,,NOT AVAILABLE,NOT AVAILABLE,410085b1-018a-439f-a7e3-0bc5ae4f6451,PROLIFIC,06-Apr-2020 17:57:38,217,9116,9248b7c6-eae1-45ec-bc56-11fdc34260a0,I know that being red is necessary for many things (a/an) frog does or is used for. ,I know that being bright is necessary for many things (a/an) flashlight does or is used for. ,I know that being grey is necessary for many things (a/an) car does or is used for. ,3,1,https://app.prolific.co/submissions/complete?cc=1C969808,64226,47aec649-526f-4c00-a922-dbf75ef1696d,2020-04-06 17:57:38,1054.76,2020-04-06 15:45:45.354000,2020-04-06 16:03:20.114000,14.0,true,affording_activity,red,frog,../data/prolific_output/run3-group_experiment1/qu70-s_qu70-batch46.csv
qu70-s_qu70-batch46.csv,,NOT AVAILABLE,NOT AVAILABLE,ad3e5bec-9486-4707-b193-4ab747599819,PROLIFIC,06-Apr-2020 18:11:17,217,9116,9248b7c6-eae1-45ec-bc56-11fdc34260a0,I know that being red is necessary for many things (a/an) frog does or is used for. ,I know that being bright is necessary for many things (a/an) flashlight does or is used for. ,I know that being grey is necessary for many things (a/an) car does or is used for. ,3,1,https://app.prolific.co/submissions/complete?cc=1C969808,65101,5f5397ef-8aa7-4a74-a482-88c5c02fddb6,2020-04-06 18:11:17,2199.534,2020-04-06 15:45:36.925000,2020-04-06 16:22:16.459000,16.0,false,affording_activity,red,frog,../data/prolific_output/run3-group_experiment1/qu70-s_qu70-batch46.csv
qu70-s_qu70-batch46.csv,,NOT AVAILABLE,NOT AVAILABLE,ad3e5bec-9486-4707-b193-4ab747599819,PROLIFIC,06-Apr-2020 18:18:57,217,9116,9248b7c6-eae1-45ec-bc56-11fdc34260a0,I know that being red is necessary for many things (a/an) frog does or is used for. ,I know that being bright is necessary for many things (a/an) flashlight does or is used for. ,I know that being grey is necessary for many things (a/an) car does or is used for. ,3,1,https://app.prolific.co/submissions/complete?cc=1C969808,65200,c6948d24-5e25-46ff-9dc6-de277ea7e03f,2020-04-06 18:18:57,2199.534,2020-04-06 15:45:36.925000,2020-04-06 16:22:16.459000,8.0,false,affording_activity,red,frog,../data/prolific_output/run3-group_experiment1/qu70-s_qu70-batch46.csv
qu70-s_qu70-batch46.csv,,NOT AVAILABLE,NOT AVAILABLE,8116ec6c-df4c-4563-bfeb-943aaba3b711,PROLIFIC,06-Apr-2020 18:02:21,217,9116,9248b7c6-eae1-45ec-bc56-11fdc34260a0,I know that being red is necessary for many things (a/an) frog does or is used for. ,I know that being bright is necessary for many things (a/an) flashlight does or is used for. ,I know that being grey is necessary for many things (a/an) car does or is used for. ,3,1,https://app.prolific.co/submissions/complete?cc=1C969808,64665,962f0915-3c21-41c9-9391-f03c89831a90,2020-04-06 18:02:21,1289.294,2020-04-06 15:43:19.729000,2020-04-06 16:04:49.023000,10.0,false,affording_activity,red,frog,../data/prolific_output/run3-group_experiment1/qu70-s_qu70-batch46.csv
qu70-s_qu70-batch46.csv,,NOT AVAILABLE,NOT AVAILABLE,1ebdafcc-fce7-41e2-9d93-aac9e254782e,PROLIFIC,06-Apr-2020 18:07:28,217,9116,9248b7c6-eae1-45ec-bc56-11fdc34260a0,I know that being red is necessary for many things (a/an) frog does or is used for. ,I know that being bright is necessary for many things (a/an) flashlight does or is used for. ,I know that being grey is necessary for many things (a/an) car does or is used for. ,3,1,https://app.prolific.co/submissions/complete?cc=1C969808,65032,ea6188e4-f614-4eb1-b15b-f6224583d206,2020-04-06 18:07:28,1424.083,2020-04-06 15:45:14.573000,2020-04-06 16:08:58.656000,23.0,true,affording_activity,red,frog,../data/prolific_output/run3-group_experiment1/qu70-s_qu70-batch46.csv
qu70-s_qu70-batch46.csv,,NOT AVAILABLE,NOT AVAILABLE,995ae989-0025-45e0-aa77-56eb008cb1d6,PROLIFIC,06-Apr-2020 17:50:27,217,9116,9248b7c6-eae1-45ec-bc56-11fdc34260a0,I know that being red is necessary for many things (a/an) frog does or is used for. ,I know that being bright is necessary for many things (a/an) flashlight does or is used for. ,I know that being grey is necessary for many things (a/an) car does or is used for. ,3,1,https://app.prolific.co/submissions/complete?cc=1C969808,63663,896196b2-08d3-4b07-9878-71525bf2c468,2020-04-06 17:50:27,185.294,2020-04-06 15:48:33.722000,2020-04-06 15:51:39.016000,1.0,false,affording_activity,red,frog,../data/prolific_output/run3-group_experiment1/qu70-s_qu70-batch46.csv
qu70-s_qu70-batch46.csv,,NOT AVAILABLE,NOT AVAILABLE,fa8d1f1f-9017-4726-9b37-34e97e3f4b5f,PROLIFIC,06-Apr-2020 17:50:59,217,9116,9248b7c6-eae1-45ec-bc56-11fdc34260a0,I know that being red is necessary for many things (a/an) frog does or is used for. ,I know that being bright is necessary for many things (a/an) flashlight does or is used for. ,I know that being grey is necessary for many things (a/an) car does or is used for. ,3,1,https://app.prolific.co/submissions/complete?cc=1C969808,63733,59405c37-cc15-4748-b700-d13911e045d0,2020-04-06 17:50:59,417.94,2020-04-06 15:48:14.268000,2020-04-06 15:55:12.208000,2.0,false,affording_activity,red,frog,../data/prolific_output/run3-group_experiment1/qu70-s_qu70-batch46.csv
qu70-s_qu70-batch46.csv,,NOT AVAILABLE,NOT AVAILABLE,ff5b40d9-36ab-4b0c-96cd-b8b200165b5f,PROLIFIC,06-Apr-2020 17:56:14,217,9116,9248b7c6-eae1-45ec-bc56-11fdc34260a0,I know that being red is necessary for many things (a/an) frog does or is used for. ,I know that being bright is necessary for many things (a/an) flashlight does or is used for. ,I know that being grey is necessary for many things (a/an) car does or is used for. ,3,1,https://app.prolific.co/submissions/complete?cc=1C969808,64099,db5631c5-ee6c-4bba-b980-eb6e8638dd75,2020-04-06 17:56:14,,,,2.0,true,affording_activity,red,frog,../data/prolific_output/run3-group_experiment1/qu70-s_qu70-batch46.csv
qu70-s_qu70-batch46.csv,,NOT AVAILABLE,NOT AVAILABLE,def5c589-9118-419e-932b-0f312d0bec25,PROLIFIC,06-Apr-2020 17:53:23,217,9116,9248b7c6-eae1-45ec-bc56-11fdc34260a0,I know that being red is necessary for many things (a/an) frog does or is used for. ,I know that being bright is necessary for many things (a/an) flashlight does or is used for. ,I know that being grey is necessary for many things (a/an) car does or is used for. ,3,1,https://app.prolific.co/submissions/complete?cc=1C969808,63919,fb533226-e0a2-43b0-8214-7075032d8d6e,2020-04-06 17:53:23,,,,15.0,false,affording_activity,red,frog,../data/prolific_output/run3-group_experiment1/qu70-s_qu70-batch46.csv
qu70-s_qu70-batch46.csv,,NOT AVAILABLE,NOT AVAILABLE,b759a9fb-a047-48ec-b0ee-199261b8060c,PROLIFIC,06-Apr-2020 17:50:45,217,9116,9248b7c6-eae1-45ec-bc56-11fdc34260a0,I know that being red is necessary for many things (a/an) frog does or is used for. ,I know that being bright is necessary for many things (a/an) flashlight does or is used for. ,I know that being grey is necessary for many things (a/an) car does or is used for. ,3,1,https://app.prolific.co/submissions/complete?cc=1C969808,63699,9d3537df-f727-4150-a114-88e9df49d462,2020-04-06 17:50:45,,,,,false,affording_activity,red,frog,../data/prolific_output/run3-group_experiment1/qu70-s_qu70-batch46.csv
qu70-s_qu70-batch46.csv,,NOT AVAILABLE,NOT AVAILABLE,ffd3f20d-b154-4bb6-8fa1-7f4ba9967b71,PROLIFIC,06-Apr-2020 17:48:15,217,9117,75d639b2-9ae5-44bb-a787-1924e43c0acf,"Usually, (a/an) frog is not red, but there could be a highly unusual situation in which (a/an) frog is red.","Usually, (a/an) pony is not blue, but there could be a highly unusual situation in which (a/an) pony is blue.","Usually, (a/an) beer is not brown, but there could be a highly unusual situation in which (a/an) beer is brown.",3,1,https://app.prolific.co/submissions/complete?cc=1C969808,63461,3ec5e753-a818-4493-a4aa-a36aad196e47,2020-04-06 17:48:15,418.472,2020-04-06 15:44:42.650000,2020-04-06 15:51:41.122000,4.0,true,unusual,red,frog,../data/prolific_output/run3-group_experiment1/qu70-s_qu70-batch46.csv
qu70-s_qu70-batch46.csv,,NOT AVAILABLE,NOT AVAILABLE,410085b1-018a-439f-a7e3-0bc5ae4f6451,PROLIFIC,06-Apr-2020 17:57:24,217,9117,75d639b2-9ae5-44bb-a787-1924e43c0acf,"Usually, (a/an) frog is not red, but there could be a highly unusual situation in which (a/an) frog is red.","Usually, (a/an) pony is not blue, but there could be a highly unusual situation in which (a/an) pony is blue.","Usually, (a/an) beer is not brown, but there could be a highly unusual situation in which (a/an) beer is brown.",3,1,https://app.prolific.co/submissions/complete?cc=1C969808,64210,166de885-3707-4282-b7bb-0af94d65ee5d,2020-04-06 17:57:24,1054.76,2020-04-06 15:45:45.354000,2020-04-06 16:03:20.114000,11.0,true,unusual,red,frog,../data/prolific_output/run3-group_experiment1/qu70-s_qu70-batch46.csv
qu70-s_qu70-batch46.csv,,NOT AVAILABLE,NOT AVAILABLE,ad3e5bec-9486-4707-b193-4ab747599819,PROLIFIC,06-Apr-2020 18:16:11,217,9117,75d639b2-9ae5-44bb-a787-1924e43c0acf,"Usually, (a/an) frog is not red, but there could be a highly unusual situation in which (a/an) frog is red.","Usually, (a/an) pony is not blue, but there could be a highly unusual situation in which (a/an) pony is blue.","Usually, (a/an) beer is not brown, but there could be a highly unusual situation in which (a/an) beer is brown.",3,1,https://app.prolific.co/submissions/complete?cc=1C969808,65165,ee649e5c-8039-4dc6-8091-b7180d8bbf3d,2020-04-06 18:16:11,2199.534,2020-04-06 15:45:36.925000,2020-04-06 16:22:16.459000,5.0,true,unusual,red,frog,../data/prolific_output/run3-group_experiment1/qu70-s_qu70-batch46.csv
qu70-s_qu70-batch46.csv,,NOT AVAILABLE,NOT AVAILABLE,ad3e5bec-9486-4707-b193-4ab747599819,PROLIFIC,06-Apr-2020 18:10:53,217,9117,75d639b2-9ae5-44bb-a787-1924e43c0acf,"Usually, (a/an) frog is not red, but there could be a highly unusual situation in which (a/an) frog is red.","Usually, (a/an) pony is not blue, but there could be a highly unusual situation in which (a/an) pony is blue.","Usually, (a/an) beer is not brown, but there could be a highly unusual situation in which (a/an) beer is brown.",3,1,https://app.prolific.co/submissions/complete?cc=1C969808,65094,b2289777-a519-4788-ba2d-2c617470eca1,2020-04-06 18:10:53,2199.534,2020-04-06 15:45:36.925000,2020-04-06 16:22:16.459000,16.0,true,unusual,red,frog,../data/prolific_output/run3-group_experiment1/qu70-s_qu70-batch46.csv
qu70-s_qu70-batch46.csv,,NOT AVAILABLE,NOT AVAILABLE,8116ec6c-df4c-4563-bfeb-943aaba3b711,PROLIFIC,06-Apr-2020 17:55:22,217,9117,75d639b2-9ae5-44bb-a787-1924e43c0acf,"Usually, (a/an) frog is not red, but there could be a highly unusual situation in which (a/an) frog is red.","Usually, (a/an) pony is not blue, but there could be a highly unusual situation in which (a/an) pony is blue.","Usually, (a/an) beer is not brown, but there could be a highly unusual situation in which (a/an) beer is brown.",3,1,https://app.prolific.co/submissions/complete?cc=1C969808,64029,7c8ace9c-7839-4465-b6b1-102270952f1e,2020-04-06 17:55:22,1289.294,2020-04-06 15:43:19.729000,2020-04-06 16:04:49.023000,9.0,true,unusual,red,frog,../data/prolific_output/run3-group_experiment1/qu70-s_qu70-batch46.csv
qu70-s_qu70-batch46.csv,,NOT AVAILABLE,NOT AVAILABLE,1ebdafcc-fce7-41e2-9d93-aac9e254782e,PROLIFIC,06-Apr-2020 17:59:32,217,9117,75d639b2-9ae5-44bb-a787-1924e43c0acf,"Usually, (a/an) frog is not red, but there could be a highly unusual situation in which (a/an) frog is red.","Usually, (a/an) pony is not blue, but there could be a highly unusual situation in which (a/an) pony is blue.","Usually, (a/an) beer is not brown, but there could be a highly unusual situation in which (a/an) beer is brown.",3,1,https://app.prolific.co/submissions/complete?cc=1C969808,64398,d373b449-3af4-4e72-81ca-0515fa06a3d3,2020-04-06 17:59:32,1424.083,2020-04-06 15:45:14.573000,2020-04-06 16:08:58.656000,25.0,true,unusual,red,frog,../data/prolific_output/run3-group_experiment1/qu70-s_qu70-batch46.csv
qu70-s_qu70-batch46.csv,,NOT AVAILABLE,NOT AVAILABLE,995ae989-0025-45e0-aa77-56eb008cb1d6,PROLIFIC,06-Apr-2020 17:49:59,217,9117,75d639b2-9ae5-44bb-a787-1924e43c0acf,"Usually, (a/an) frog is not red, but there could be a highly unusual situation in which (a/an) frog is red.","Usually, (a/an) pony is not blue, but there could be a highly unusual situation in which (a/an) pony is blue.","Usually, (a/an) beer is not brown, but there could be a highly unusual situation in which (a/an) beer is brown.",3,1,https://app.prolific.co/submissions/complete?cc=1C969808,63600,cd76b7ec-74da-42c7-bb5c-b35c705e7a1e,2020-04-06 17:49:59,185.294,2020-04-06 15:48:33.722000,2020-04-06 15:51:39.016000,1.0,true,unusual,red,frog,../data/prolific_output/run3-group_experiment1/qu70-s_qu70-batch46.csv
qu70-s_qu70-batch46.csv,,NOT AVAILABLE,NOT AVAILABLE,fa8d1f1f-9017-4726-9b37-34e97e3f4b5f,PROLIFIC,06-Apr-2020 17:51:50,217,9117,75d639b2-9ae5-44bb-a787-1924e43c0acf,"Usually, (a/an) frog is not red, but there could be a highly unusual situation in which (a/an) frog is red.","Usually, (a/an) pony is not blue, but there could be a highly unusual situation in which (a/an) pony is blue.","Usually, (a/an) beer is not brown, but there could be a highly unusual situation in which (a/an) beer is brown.",3,1,https://app.prolific.co/submissions/complete?cc=1C969808,63836,6c71353b-f6d4-44f1-b363-51ca86606a34,2020-04-06 17:51:50,417.94,2020-04-06 15:48:14.268000,2020-04-06 15:55:12.208000,1.0,true,unusual,red,frog,../data/prolific_output/run3-group_experiment1/qu70-s_qu70-batch46.csv
qu70-s_qu70-batch46.csv,,NOT AVAILABLE,NOT AVAILABLE,ff5b40d9-36ab-4b0c-96cd-b8b200165b5f,PROLIFIC,06-Apr-2020 17:52:46,217,9117,75d639b2-9ae5-44bb-a787-1924e43c0acf,"Usually, (a/an) frog is not red, but there could be a highly unusual situation in which (a/an) frog is red.","Usually, (a/an) pony is not blue, but there could be a highly unusual situation in which (a/an) pony is blue.","Usually, (a/an) beer is not brown, but there could be a highly unusual situation in which (a/an) beer is brown.",3,1,https://app.prolific.co/submissions/complete?cc=1C969808,63894,8c8b6578-9e04-47a6-a384-6871828ae76f,2020-04-06 17:52:46,,,,38.0,true,unusual,red,frog,../data/prolific_output/run3-group_experiment1/qu70-s_qu70-batch46.csv
qu70-s_qu70-batch46.csv,,NOT AVAILABLE,NOT AVAILABLE,def5c589-9118-419e-932b-0f312d0bec25,PROLIFIC,06-Apr-2020 17:48:56,217,9117,75d639b2-9ae5-44bb-a787-1924e43c0acf,"Usually, (a/an) frog is not red, but there could be a highly unusual situation in which (a/an) frog is red.","Usually, (a/an) pony is not blue, but there could be a highly unusual situation in which (a/an) pony is blue.","Usually, (a/an) beer is not brown, but there could be a highly unusual situation in which (a/an) beer is brown.",3,1,https://app.prolific.co/submissions/complete?cc=1C969808,63520,f1946c3e-9f60-4526-9ac9-31553e82878d,2020-04-06 17:48:56,,,,19.0,true,unusual,red,frog,../data/prolific_output/run3-group_experiment1/qu70-s_qu70-batch46.csv
qu70-s_qu70-batch46.csv,,NOT AVAILABLE,NOT AVAILABLE,b759a9fb-a047-48ec-b0ee-199261b8060c,PROLIFIC,06-Apr-2020 17:59:35,217,9117,75d639b2-9ae5-44bb-a787-1924e43c0acf,"Usually, (a/an) frog is not red, but there could be a highly unusual situation in which (a/an) frog is red.","Usually, (a/an) pony is not blue, but there could be a highly unusual situation in which (a/an) pony is blue.","Usually, (a/an) beer is not brown, but there could be a highly unusual situation in which (a/an) beer is brown.",3,1,https://app.prolific.co/submissions/complete?cc=1C969808,64402,a959c794-e899-435b-b89e-db0eba3771e8,2020-04-06 17:59:35,,,,5.0,true,unusual,red,frog,../data/prolific_output/run3-group_experiment1/qu70-s_qu70-batch46.csv
qu70-s_qu70-batch46.csv,,NOT AVAILABLE,NOT AVAILABLE,ffd3f20d-b154-4bb6-8fa1-7f4ba9967b71,PROLIFIC,06-Apr-2020 17:50:07,217,9118,6aa074d3-3475-4baf-845d-41bb1bd4fd5c,"I could say ``(a/an) frog is red"", but I would most certainly not mean it literally.","I could say ``(a/an) anger is hot"", but I would most certainly not mean it literally.
I could say ``(a/an) person is cold"", but I would most certainly not mean it literally.
I could say ``(a/an) story is dark"", but I would most certainly not mean it literally.","I could say ``(a/an) fire is hot"", but I would most certainly not mean it literally.
I could say ``(a/an) stone is heavy"", but I would most certainly not mean it literally.
I could say ``(a/an) argument is liquid"", but I would most certainly not mean it literally.",3,1,https://app.prolific.co/submissions/complete?cc=1C969808,63617,9fcd8c6a-9027-4591-bcdb-7fe5c08f244a,2020-04-06 17:50:07,418.472,2020-04-06 15:44:42.650000,2020-04-06 15:51:41.122000,4.0,false,creative,red,frog,../data/prolific_output/run3-group_experiment1/qu70-s_qu70-batch46.csv
qu70-s_qu70-batch46.csv,,NOT AVAILABLE,NOT AVAILABLE,410085b1-018a-439f-a7e3-0bc5ae4f6451,PROLIFIC,06-Apr-2020 18:02:15,217,9118,6aa074d3-3475-4baf-845d-41bb1bd4fd5c,"I could say ``(a/an) frog is red"", but I would most certainly not mean it literally.","I could say ``(a/an) anger is hot"", but I would most certainly not mean it literally.
I could say ``(a/an) person is cold"", but I would most certainly not mean it literally.
I could say ``(a/an) story is dark"", but I would most certainly not mean it literally.","I could say ``(a/an) fire is hot"", but I would most certainly not mean it literally.
I could say ``(a/an) stone is heavy"", but I would most certainly not mean it literally.
I could say ``(a/an) argument is liquid"", but I would most certainly not mean it literally.",3,1,https://app.prolific.co/submissions/complete?cc=1C969808,64655,4e841818-9b16-4be3-9407-5e14e5aa81dc,2020-04-06 18:02:15,1054.76,2020-04-06 15:45:45.354000,2020-04-06 16:03:20.114000,4.0,false,creative,red,frog,../data/prolific_output/run3-group_experiment1/qu70-s_qu70-batch46.csv
qu70-s_qu70-batch46.csv,,NOT AVAILABLE,NOT AVAILABLE,ad3e5bec-9486-4707-b193-4ab747599819,PROLIFIC,06-Apr-2020 18:13:46,217,9118,6aa074d3-3475-4baf-845d-41bb1bd4fd5c,"I could say ``(a/an) frog is red"", but I would most certainly not mean it literally.","I could say ``(a/an) anger is hot"", but I would most certainly not mean it literally.
I could say ``(a/an) person is cold"", but I would most certainly not mean it literally.
I could say ``(a/an) story is dark"", but I would most certainly not mean it literally.","I could say ``(a/an) fire is hot"", but I would most certainly not mean it literally.
I could say ``(a/an) stone is heavy"", but I would most certainly not mean it literally.
I could say ``(a/an) argument is liquid"", but I would most certainly not mean it literally.",3,1,https://app.prolific.co/submissions/complete?cc=1C969808,65130,3f357302-2452-4c86-9101-ae90cdc30521,2020-04-06 18:13:46,2199.534,2020-04-06 15:45:36.925000,2020-04-06 16:22:16.459000,4.0,false,creative,red,frog,../data/prolific_output/run3-group_experiment1/qu70-s_qu70-batch46.csv
qu70-s_qu70-batch46.csv,,NOT AVAILABLE,NOT AVAILABLE,8116ec6c-df4c-4563-bfeb-943aaba3b711,PROLIFIC,06-Apr-2020 17:53:22,217,9118,6aa074d3-3475-4baf-845d-41bb1bd4fd5c,"I could say ``(a/an) frog is red"", but I would most certainly not mean it literally.","I could say ``(a/an) anger is hot"", but I would most certainly not mean it literally.
I could say ``(a/an) person is cold"", but I would most certainly not mean it literally.
I could say ``(a/an) story is dark"", but I would most certainly not mean it literally.","I could say ``(a/an) fire is hot"", but I would most certainly not mean it literally.
I could say ``(a/an) stone is heavy"", but I would most certainly not mean it literally.
I could say ``(a/an) argument is liquid"", but I would most certainly not mean it literally.",3,1,https://app.prolific.co/submissions/complete?cc=1C969808,63918,05a02ce3-62d4-40f7-87ee-3b711e72ca62,2020-04-06 17:53:22,1289.294,2020-04-06 15:43:19.729000,2020-04-06 16:04:49.023000,8.0,true,creative,red,frog,../data/prolific_output/run3-group_experiment1/qu70-s_qu70-batch46.csv
qu70-s_qu70-batch46.csv,,NOT AVAILABLE,NOT AVAILABLE,1ebdafcc-fce7-41e2-9d93-aac9e254782e,PROLIFIC,06-Apr-2020 18:03:31,217,9118,6aa074d3-3475-4baf-845d-41bb1bd4fd5c,"I could say ``(a/an) frog is red"", but I would most certainly not mean it literally.","I could say ``(a/an) anger is hot"", but I would most certainly not mean it literally.
I could say ``(a/an) person is cold"", but I would most certainly not mean it literally.
I could say ``(a/an) story is dark"", but I would most certainly not mean it literally.","I could say ``(a/an) fire is hot"", but I would most certainly not mean it literally.
I could say ``(a/an) stone is heavy"", but I would most certainly not mean it literally.
I could say ``(a/an) argument is liquid"", but I would most certainly not mean it literally.",3,1,https://app.prolific.co/submissions/complete?cc=1C969808,64776,6ec90da2-bb8e-40eb-bc3e-be07bb2f3339,2020-04-06 18:03:31,1424.083,2020-04-06 15:45:14.573000,2020-04-06 16:08:58.656000,13.0,false,creative,red,frog,../data/prolific_output/run3-group_experiment1/qu70-s_qu70-batch46.csv
qu70-s_qu70-batch46.csv,,NOT AVAILABLE,NOT AVAILABLE,995ae989-0025-45e0-aa77-56eb008cb1d6,PROLIFIC,06-Apr-2020 17:50:12,217,9118,6aa074d3-3475-4baf-845d-41bb1bd4fd5c,"I could say ``(a/an) frog is red"", but I would most certainly not mean it literally.","I could say ``(a/an) anger is hot"", but I would most certainly not mean it literally.
I could say ``(a/an) person is cold"", but I would most certainly not mean it literally.
I could say ``(a/an) story is dark"", but I would most certainly not mean it literally.","I could say ``(a/an) fire is hot"", but I would most certainly not mean it literally.
I could say ``(a/an) stone is heavy"", but I would most certainly not mean it literally.
I could say ``(a/an) argument is liquid"", but I would most certainly not mean it literally.",3,1,https://app.prolific.co/submissions/complete?cc=1C969808,63628,9725ed4e-0574-4da9-a356-499680417128,2020-04-06 17:50:12,185.294,2020-04-06 15:48:33.722000,2020-04-06 15:51:39.016000,1.0,true,creative,red,frog,../data/prolific_output/run3-group_experiment1/qu70-s_qu70-batch46.csv
qu70-s_qu70-batch46.csv,,NOT AVAILABLE,NOT AVAILABLE,fa8d1f1f-9017-4726-9b37-34e97e3f4b5f,PROLIFIC,06-Apr-2020 17:50:42,217,9118,6aa074d3-3475-4baf-845d-41bb1bd4fd5c,"I could say ``(a/an) frog is red"", but I would most certainly not mean it literally.","I could say ``(a/an) anger is hot"", but I would most certainly not mean it literally.
I could say ``(a/an) person is cold"", but I would most certainly not mean it literally.
I could say ``(a/an) story is dark"", but I would most certainly not mean it literally.","I could say ``(a/an) fire is hot"", but I would most certainly not mean it literally.
I could say ``(a/an) stone is heavy"", but I would most certainly not mean it literally.
I could say ``(a/an) argument is liquid"", but I would most certainly not mean it literally.",3,1,https://app.prolific.co/submissions/complete?cc=1C969808,63691,fdddc10a-da10-403d-a553-0debe9adea0e,2020-04-06 17:50:42,417.94,2020-04-06 15:48:14.268000,2020-04-06 15:55:12.208000,2.0,true,creative,red,frog,../data/prolific_output/run3-group_experiment1/qu70-s_qu70-batch46.csv
qu70-s_qu70-batch46.csv,,NOT AVAILABLE,NOT AVAILABLE,ff5b40d9-36ab-4b0c-96cd-b8b200165b5f,PROLIFIC,06-Apr-2020 17:55:11,217,9118,6aa074d3-3475-4baf-845d-41bb1bd4fd5c,"I could say ``(a/an) frog is red"", but I would most certainly not mean it literally.","I could say ``(a/an) anger is hot"", but I would most certainly not mean it literally.
I could say ``(a/an) person is cold"", but I would most certainly not mean it literally.
I could say ``(a/an) story is dark"", but I would most certainly not mean it literally.","I could say ``(a/an) fire is hot"", but I would most certainly not mean it literally.
I could say ``(a/an) stone is heavy"", but I would most certainly not mean it literally.
I could say ``(a/an) argument is liquid"", but I would most certainly not mean it literally.",3,1,https://app.prolific.co/submissions/complete?cc=1C969808,64009,609b7a00-ddd4-4924-b1b2-e17f2b8d14a4,2020-04-06 17:55:11,,,,1.0,true,creative,red,frog,../data/prolific_output/run3-group_experiment1/qu70-s_qu70-batch46.csv
qu70-s_qu70-batch46.csv,,NOT AVAILABLE,NOT AVAILABLE,def5c589-9118-419e-932b-0f312d0bec25,PROLIFIC,06-Apr-2020 17:49:51,217,9118,6aa074d3-3475-4baf-845d-41bb1bd4fd5c,"I could say ``(a/an) frog is red"", but I would most certainly not mean it literally.","I could say ``(a/an) anger is hot"", but I would most certainly not mean it literally.
I could say ``(a/an) person is cold"", but I would most certainly not mean it literally.
I could say ``(a/an) story is dark"", but I would most certainly not mean it literally.","I could say ``(a/an) fire is hot"", but I would most certainly not mean it literally.
I could say ``(a/an) stone is heavy"", but I would most certainly not mean it literally.
I could say ``(a/an) argument is liquid"", but I would most certainly not mean it literally.",3,1,https://app.prolific.co/submissions/complete?cc=1C969808,63586,afd40793-2443-4b99-8f13-d5c77f5fc102,2020-04-06 17:49:51,,,,20.0,false,creative,red,frog,../data/prolific_output/run3-group_experiment1/qu70-s_qu70-batch46.csv
qu70-s_qu70-batch46.csv,,NOT AVAILABLE,NOT AVAILABLE,b759a9fb-a047-48ec-b0ee-199261b8060c,PROLIFIC,06-Apr-2020 18:01:57,217,9118,6aa074d3-3475-4baf-845d-41bb1bd4fd5c,"I could say ``(a/an) frog is red"", but I would most certainly not mean it literally.","I could say ``(a/an) anger is hot"", but I would most certainly not mean it literally.
I could say ``(a/an) person is cold"", but I would most certainly not mean it literally.
I could say ``(a/an) story is dark"", but I would most certainly not mean it literally.","I could say ``(a/an) fire is hot"", but I would most certainly not mean it literally.
I could say ``(a/an) stone is heavy"", but I would most certainly not mean it literally.
I could say ``(a/an) argument is liquid"", but I would most certainly not mean it literally.",3,1,https://app.prolific.co/submissions/complete?cc=1C969808,64629,08171be5-71df-4819-b877-3cf0b4b61bf3,2020-04-06 18:01:57,,,,12.0,false,creative,red,frog,../data/prolific_output/run3-group_experiment1/qu70-s_qu70-batch46.csv
qu70-s_qu70-batch46.csv,,NOT AVAILABLE,NOT AVAILABLE,ffd3f20d-b154-4bb6-8fa1-7f4ba9967b71,PROLIFIC,06-Apr-2020 17:51:18,217,9119,135a4acd-819d-44f3-9623-eb487a8305f8,I think it is impossible for (a/an) frog to be red.,I think it is impossible for (a/an) water to be dry.,I think it is impossible for (a/an) rose to be white.,3,1,https://app.prolific.co/submissions/complete?cc=1C969808,63775,7b4c896c-bd65-4b8b-9057-3cfeecb2aa06,2020-04-06 17:51:18,418.472,2020-04-06 15:44:42.650000,2020-04-06 15:51:41.122000,3.0,false,impossible,red,frog,../data/prolific_output/run3-group_experiment1/qu70-s_qu70-batch46.csv
qu70-s_qu70-batch46.csv,,NOT AVAILABLE,NOT AVAILABLE,410085b1-018a-439f-a7e3-0bc5ae4f6451,PROLIFIC,06-Apr-2020 17:47:09,217,9119,135a4acd-819d-44f3-9623-eb487a8305f8,I think it is impossible for (a/an) frog to be red.,I think it is impossible for (a/an) water to be dry.,I think it is impossible for (a/an) rose to be white.,3,1,https://app.prolific.co/submissions/complete?cc=1C969808,63393,e89585b5-d66f-4715-90c1-d18050058a95,2020-04-06 17:47:09,1054.76,2020-04-06 15:45:45.354000,2020-04-06 16:03:20.114000,83.646,false,impossible,red,frog,../data/prolific_output/run3-group_experiment1/qu70-s_qu70-batch46.csv
qu70-s_qu70-batch46.csv,,NOT AVAILABLE,NOT AVAILABLE,ad3e5bec-9486-4707-b193-4ab747599819,PROLIFIC,06-Apr-2020 18:11:44,217,9119,135a4acd-819d-44f3-9623-eb487a8305f8,I think it is impossible for (a/an) frog to be red.,I think it is impossible for (a/an) water to be dry.,I think it is impossible for (a/an) rose to be white.,3,1,https://app.prolific.co/submissions/complete?cc=1C969808,65110,1caa780c-b69f-4ac7-b7a4-c443c11beb47,2020-04-06 18:11:44,2199.534,2020-04-06 15:45:36.925000,2020-04-06 16:22:16.459000,8.0,false,impossible,red,frog,../data/prolific_output/run3-group_experiment1/qu70-s_qu70-batch46.csv
qu70-s_qu70-batch46.csv,,NOT AVAILABLE,NOT AVAILABLE,ad3e5bec-9486-4707-b193-4ab747599819,PROLIFIC,06-Apr-2020 18:20:40,217,9119,135a4acd-819d-44f3-9623-eb487a8305f8,I think it is impossible for (a/an) frog to be red.,I think it is impossible for (a/an) water to be dry.,I think it is impossible for (a/an) rose to be white.,3,1,https://app.prolific.co/submissions/complete?cc=1C969808,65222,ef80bf0f-c178-4330-b6ba-65ad87e446cd,2020-04-06 18:20:40,2199.534,2020-04-06 15:45:36.925000,2020-04-06 16:22:16.459000,4.0,false,impossible,red,frog,../data/prolific_output/run3-group_experiment1/qu70-s_qu70-batch46.csv
qu70-s_qu70-batch46.csv,,NOT AVAILABLE,NOT AVAILABLE,8116ec6c-df4c-4563-bfeb-943aaba3b711,PROLIFIC,06-Apr-2020 17:54:53,217,9119,135a4acd-819d-44f3-9623-eb487a8305f8,I think it is impossible for (a/an) frog to be red.,I think it is impossible for (a/an) water to be dry.,I think it is impossible for (a/an) rose to be white.,3,1,https://app.prolific.co/submissions/complete?cc=1C969808,63990,eabf161f-b97f-4684-a35b-051f0f171a0c,2020-04-06 17:54:53,1289.294,2020-04-06 15:43:19.729000,2020-04-06 16:04:49.023000,6.0,true,impossible,red,frog,../data/prolific_output/run3-group_experiment1/qu70-s_qu70-batch46.csv
qu70-s_qu70-batch46.csv,,NOT AVAILABLE,NOT AVAILABLE,1ebdafcc-fce7-41e2-9d93-aac9e254782e,PROLIFIC,06-Apr-2020 18:08:50,217,9119,135a4acd-819d-44f3-9623-eb487a8305f8,I think it is impossible for (a/an) frog to be red.,I think it is impossible for (a/an) water to be dry.,I think it is impossible for (a/an) rose to be white.,3,1,https://app.prolific.co/submissions/complete?cc=1C969808,65065,44d3f973-eea3-451a-9f0b-0971b50ce948,2020-04-06 18:08:50,1424.083,2020-04-06 15:45:14.573000,2020-04-06 16:08:58.656000,3.0,false,impossible,red,frog,../data/prolific_output/run3-group_experiment1/qu70-s_qu70-batch46.csv
qu70-s_qu70-batch46.csv,,NOT AVAILABLE,NOT AVAILABLE,995ae989-0025-45e0-aa77-56eb008cb1d6,PROLIFIC,06-Apr-2020 17:50:19,217,9119,135a4acd-819d-44f3-9623-eb487a8305f8,I think it is impossible for (a/an) frog to be red.,I think it is impossible for (a/an) water to be dry.,I think it is impossible for (a/an) rose to be white.,3,1,https://app.prolific.co/submissions/complete?cc=1C969808,63646,91aea25b-23e6-489e-bc2a-c1727e78efc7,2020-04-06 17:50:19,185.294,2020-04-06 15:48:33.722000,2020-04-06 15:51:39.016000,1.0,true,impossible,red,frog,../data/prolific_output/run3-group_experiment1/qu70-s_qu70-batch46.csv
qu70-s_qu70-batch46.csv,,NOT AVAILABLE,NOT AVAILABLE,fa8d1f1f-9017-4726-9b37-34e97e3f4b5f,PROLIFIC,06-Apr-2020 17:51:54,217,9119,135a4acd-819d-44f3-9623-eb487a8305f8,I think it is impossible for (a/an) frog to be red.,I think it is impossible for (a/an) water to be dry.,I think it is impossible for (a/an) rose to be white.,3,1,https://app.prolific.co/submissions/complete?cc=1C969808,63840,833116ea-f34b-4b62-8b6c-36a549593fac,2020-04-06 17:51:54,417.94,2020-04-06 15:48:14.268000,2020-04-06 15:55:12.208000,4.0,false,impossible,red,frog,../data/prolific_output/run3-group_experiment1/qu70-s_qu70-batch46.csv
qu70-s_qu70-batch46.csv,,NOT AVAILABLE,NOT AVAILABLE,ff5b40d9-36ab-4b0c-96cd-b8b200165b5f,PROLIFIC,06-Apr-2020 17:55:10,217,9119,135a4acd-819d-44f3-9623-eb487a8305f8,I think it is impossible for (a/an) frog to be red.,I think it is impossible for (a/an) water to be dry.,I think it is impossible for (a/an) rose to be white.,3,1,https://app.prolific.co/submissions/complete?cc=1C969808,64008,aa53942a-96e7-4fd5-a8f9-20c207c538c2,2020-04-06 17:55:10,,,,2.0,false,impossible,red,frog,../data/prolific_output/run3-group_experiment1/qu70-s_qu70-batch46.csv
qu70-s_qu70-batch46.csv,,NOT AVAILABLE,NOT AVAILABLE,def5c589-9118-419e-932b-0f312d0bec25,PROLIFIC,06-Apr-2020 17:48:27,217,9119,135a4acd-819d-44f3-9623-eb487a8305f8,I think it is impossible for (a/an) frog to be red.,I think it is impossible for (a/an) water to be dry.,I think it is impossible for (a/an) rose to be white.,3,1,https://app.prolific.co/submissions/complete?cc=1C969808,63476,89864693-8770-47c6-9dee-d06760c7be3e,2020-04-06 17:48:27,,,,4.0,true,impossible,red,frog,../data/prolific_output/run3-group_experiment1/qu70-s_qu70-batch46.csv
qu70-s_qu70-batch46.csv,,NOT AVAILABLE,NOT AVAILABLE,b759a9fb-a047-48ec-b0ee-199261b8060c,PROLIFIC,06-Apr-2020 17:58:49,217,9119,135a4acd-819d-44f3-9623-eb487a8305f8,I think it is impossible for (a/an) frog to be red.,I think it is impossible for (a/an) water to be dry.,I think it is impossible for (a/an) rose to be white.,3,1,https://app.prolific.co/submissions/complete?cc=1C969808,64332,c21027a7-0142-4970-a9f3-dc69eec161ba,2020-04-06 17:58:49,,,,5.0,false,impossible,red,frog,../data/prolific_output/run3-group_experiment1/qu70-s_qu70-batch46.csv
qu70-s_qu70-batch46.csv,,NOT AVAILABLE,NOT AVAILABLE,ffd3f20d-b154-4bb6-8fa1-7f4ba9967b71,PROLIFIC,06-Apr-2020 17:47:55,217,9120,de2e8480-feb0-490c-981d-e05b2a040660,``Frog'' is one of the first things which come to mind when I hear ``red''. ,``Snow'' is one of the first things which come to mind when I hear ``white''. ,``Water'' is one of the first things which come to mind when I hear ``grey''. ,3,1,https://app.prolific.co/submissions/complete?cc=1C969808,63444,d6ab968c-6097-4c7e-b50f-ae2f33be60d2,2020-04-06 17:47:55,418.472,2020-04-06 15:44:42.650000,2020-04-06 15:51:41.122000,3.0,false,typical_of_property,red,frog,../data/prolific_output/run3-group_experiment1/qu70-s_qu70-batch46.csv
qu70-s_qu70-batch46.csv,,NOT AVAILABLE,NOT AVAILABLE,410085b1-018a-439f-a7e3-0bc5ae4f6451,PROLIFIC,06-Apr-2020 17:58:21,217,9120,de2e8480-feb0-490c-981d-e05b2a040660,``Frog'' is one of the first things which come to mind when I hear ``red''. ,``Snow'' is one of the first things which come to mind when I hear ``white''. ,``Water'' is one of the first things which come to mind when I hear ``grey''. ,3,1,https://app.prolific.co/submissions/complete?cc=1C969808,64290,886cfe61-8ef7-4cd7-b056-af3d0b0152e8,2020-04-06 17:58:21,1054.76,2020-04-06 15:45:45.354000,2020-04-06 16:03:20.114000,4.0,false,typical_of_property,red,frog,../data/prolific_output/run3-group_experiment1/qu70-s_qu70-batch46.csv
qu70-s_qu70-batch46.csv,,NOT AVAILABLE,NOT AVAILABLE,ad3e5bec-9486-4707-b193-4ab747599819,PROLIFIC,06-Apr-2020 18:16:41,217,9120,de2e8480-feb0-490c-981d-e05b2a040660,``Frog'' is one of the first things which come to mind when I hear ``red''. ,``Snow'' is one of the first things which come to mind when I hear ``white''. ,``Water'' is one of the first things which come to mind when I hear ``grey''. ,3,1,https://app.prolific.co/submissions/complete?cc=1C969808,65172,10e03b65-2860-4eed-be12-9d4fe8ea46e0,2020-04-06 18:16:41,2199.534,2020-04-06 15:45:36.925000,2020-04-06 16:22:16.459000,4.0,false,typical_of_property,red,frog,../data/prolific_output/run3-group_experiment1/qu70-s_qu70-batch46.csv
qu70-s_qu70-batch46.csv,,NOT AVAILABLE,NOT AVAILABLE,8116ec6c-df4c-4563-bfeb-943aaba3b711,PROLIFIC,06-Apr-2020 18:04:41,217,9120,de2e8480-feb0-490c-981d-e05b2a040660,``Frog'' is one of the first things which come to mind when I hear ``red''. ,``Snow'' is one of the first things which come to mind when I hear ``white''. ,``Water'' is one of the first things which come to mind when I hear ``grey''. ,3,1,https://app.prolific.co/submissions/complete?cc=1C969808,64868,e0443bd6-8420-450a-bd93-337bc600457c,2020-04-06 18:04:41,1289.294,2020-04-06 15:43:19.729000,2020-04-06 16:04:49.023000,16.023,false,typical_of_property,red,frog,../data/prolific_output/run3-group_experiment1/qu70-s_qu70-batch46.csv
qu70-s_qu70-batch46.csv,,NOT AVAILABLE,NOT AVAILABLE,1ebdafcc-fce7-41e2-9d93-aac9e254782e,PROLIFIC,06-Apr-2020 18:08:22,217,9120,de2e8480-feb0-490c-981d-e05b2a040660,``Frog'' is one of the first things which come to mind when I hear ``red''. ,``Snow'' is one of the first things which come to mind when I hear ``white''. ,``Water'' is one of the first things which come to mind when I hear ``grey''. ,3,1,https://app.prolific.co/submissions/complete?cc=1C969808,65051,123ed4f8-672e-4e7c-ad47-f4a299a4e816,2020-04-06 18:08:22,1424.083,2020-04-06 15:45:14.573000,2020-04-06 16:08:58.656000,5.0,false,typical_of_property,red,frog,../data/prolific_output/run3-group_experiment1/qu70-s_qu70-batch46.csv
qu70-s_qu70-batch46.csv,,NOT AVAILABLE,NOT AVAILABLE,995ae989-0025-45e0-aa77-56eb008cb1d6,PROLIFIC,06-Apr-2020 17:49:55,217,9120,de2e8480-feb0-490c-981d-e05b2a040660,``Frog'' is one of the first things which come to mind when I hear ``red''. ,``Snow'' is one of the first things which come to mind when I hear ``white''. ,``Water'' is one of the first things which come to mind when I hear ``grey''. ,3,1,https://app.prolific.co/submissions/complete?cc=1C969808,63594,8da2e03b-78ce-4154-86d5-8ed65229b4da,2020-04-06 17:49:55,185.294,2020-04-06 15:48:33.722000,2020-04-06 15:51:39.016000,2.0,true,typical_of_property,red,frog,../data/prolific_output/run3-group_experiment1/qu70-s_qu70-batch46.csv
qu70-s_qu70-batch46.csv,,NOT AVAILABLE,NOT AVAILABLE,fa8d1f1f-9017-4726-9b37-34e97e3f4b5f,PROLIFIC,06-Apr-2020 17:50:33,217,9120,de2e8480-feb0-490c-981d-e05b2a040660,``Frog'' is one of the first things which come to mind when I hear ``red''. ,``Snow'' is one of the first things which come to mind when I hear ``white''. ,``Water'' is one of the first things which come to mind when I hear ``grey''. ,3,1,https://app.prolific.co/submissions/complete?cc=1C969808,63669,7536c1cd-39c2-431a-a1dd-19537010466a,2020-04-06 17:50:33,417.94,2020-04-06 15:48:14.268000,2020-04-06 15:55:12.208000,3.0,true,typical_of_property,red,frog,../data/prolific_output/run3-group_experiment1/qu70-s_qu70-batch46.csv
qu70-s_qu70-batch46.csv,,NOT AVAILABLE,NOT AVAILABLE,ff5b40d9-36ab-4b0c-96cd-b8b200165b5f,PROLIFIC,06-Apr-2020 17:56:24,217,9120,de2e8480-feb0-490c-981d-e05b2a040660,``Frog'' is one of the first things which come to mind when I hear ``red''. ,``Snow'' is one of the first things which come to mind when I hear ``white''. ,``Water'' is one of the first things which come to mind when I hear ``grey''. ,3,1,https://app.prolific.co/submissions/complete?cc=1C969808,64115,b6103afa-cc79-47e1-87b9-e91a913d15a6,2020-04-06 17:56:24,,,,1.0,true,typical_of_property,red,frog,../data/prolific_output/run3-group_experiment1/qu70-s_qu70-batch46.csv
qu70-s_qu70-batch46.csv,,NOT AVAILABLE,NOT AVAILABLE,def5c589-9118-419e-932b-0f312d0bec25,PROLIFIC,06-Apr-2020 17:58:30,217,9120,de2e8480-feb0-490c-981d-e05b2a040660,``Frog'' is one of the first things which come to mind when I hear ``red''. ,``Snow'' is one of the first things which come to mind when I hear ``white''. ,``Water'' is one of the first things which come to mind when I hear ``grey''. ,3,1,https://app.prolific.co/submissions/complete?cc=1C969808,64309,4ce27cd9-952a-4c61-b2f1-0ebfc063a28e,2020-04-06 17:58:30,,,,,false,typical_of_property,red,frog,../data/prolific_output/run3-group_experiment1/qu70-s_qu70-batch46.csv
qu70-s_qu70-batch46.csv,,NOT AVAILABLE,NOT AVAILABLE,b759a9fb-a047-48ec-b0ee-199261b8060c,PROLIFIC,06-Apr-2020 17:51:43,217,9120,de2e8480-feb0-490c-981d-e05b2a040660,``Frog'' is one of the first things which come to mind when I hear ``red''. ,``Snow'' is one of the first things which come to mind when I hear ``white''. ,``Water'' is one of the first things which come to mind when I hear ``grey''. ,3,1,https://app.prolific.co/submissions/complete?cc=1C969808,63826,42211737-abe4-4a60-8168-04d976546343,2020-04-06 17:51:43,,,,7.0,false,typical_of_property,red,frog,../data/prolific_output/run3-group_experiment1/qu70-s_qu70-batch46.csv
qu70-s_qu70-batch46.csv,,NOT AVAILABLE,NOT AVAILABLE,ffd3f20d-b154-4bb6-8fa1-7f4ba9967b71,PROLIFIC,06-Apr-2020 17:49:10,217,9121,63bcd6ed-bd9b-477c-9628-909f504cca7c,You can find (a/an) frog which is red. Red is one of many possible colors (a/an) frog can have. The range of colors is almost ulimited. ,You can find (a/an) t-shirt which is white. White is one of many possible colors (a/an) t-shirt can have. The range of colors is almost ulimited. ,You can find (a/an) pepper which is white. White is one of many possible colors (a/an) pepper can have. The range of colors is almost ulimited. ,3,1,https://app.prolific.co/submissions/complete?cc=1C969808,63532,d49a37e4-d44b-488a-9699-97a5dde1b045,2020-04-06 17:49:10,418.472,2020-04-06 15:44:42.650000,2020-04-06 15:51:41.122000,4.0,true,variability_open,red,frog,../data/prolific_output/run3-group_experiment1/qu70-s_qu70-batch46.csv
qu70-s_qu70-batch46.csv,,NOT AVAILABLE,NOT AVAILABLE,410085b1-018a-439f-a7e3-0bc5ae4f6451,PROLIFIC,06-Apr-2020 17:47:59,217,9121,63bcd6ed-bd9b-477c-9628-909f504cca7c,You can find (a/an) frog which is red. Red is one of many possible colors (a/an) frog can have. The range of colors is almost ulimited. ,You can find (a/an) t-shirt which is white. White is one of many possible colors (a/an) t-shirt can have. The range of colors is almost ulimited. ,You can find (a/an) pepper which is white. White is one of many possible colors (a/an) pepper can have. The range of colors is almost ulimited. ,3,1,https://app.prolific.co/submissions/complete?cc=1C969808,63446,2d4c1359-d9a7-4d27-a31f-cdddcbe7b2c5,2020-04-06 17:47:59,1054.76,2020-04-06 15:45:45.354000,2020-04-06 16:03:20.114000,20.0,false,variability_open,red,frog,../data/prolific_output/run3-group_experiment1/qu70-s_qu70-batch46.csv
qu70-s_qu70-batch46.csv,,NOT AVAILABLE,NOT AVAILABLE,ad3e5bec-9486-4707-b193-4ab747599819,PROLIFIC,06-Apr-2020 18:13:33,217,9121,63bcd6ed-bd9b-477c-9628-909f504cca7c,You can find (a/an) frog which is red. Red is one of many possible colors (a/an) frog can have. The range of colors is almost ulimited. ,You can find (a/an) t-shirt which is white. White is one of many possible colors (a/an) t-shirt can have. The range of colors is almost ulimited. ,You can find (a/an) pepper which is white. White is one of many possible colors (a/an) pepper can have. The range of colors is almost ulimited. ,3,1,https://app.prolific.co/submissions/complete?cc=1C969808,65126,3a82011d-4d14-4260-a69e-f4e13759b683,2020-04-06 18:13:33,2199.534,2020-04-06 15:45:36.925000,2020-04-06 16:22:16.459000,6.0,true,variability_open,red,frog,../data/prolific_output/run3-group_experiment1/qu70-s_qu70-batch46.csv
qu70-s_qu70-batch46.csv,,NOT AVAILABLE,NOT AVAILABLE,ad3e5bec-9486-4707-b193-4ab747599819,PROLIFIC,06-Apr-2020 17:54:02,217,9121,63bcd6ed-bd9b-477c-9628-909f504cca7c,You can find (a/an) frog which is red. Red is one of many possible colors (a/an) frog can have. The range of colors is almost ulimited. ,You can find (a/an) t-shirt which is white. White is one of many possible colors (a/an) t-shirt can have. The range of colors is almost ulimited. ,You can find (a/an) pepper which is white. White is one of many possible colors (a/an) pepper can have. The range of colors is almost ulimited. ,3,1,https://app.prolific.co/submissions/complete?cc=1C969808,63944,543cf851-0630-45ca-9553-57087e70d381,2020-04-06 17:54:02,2199.534,2020-04-06 15:45:36.925000,2020-04-06 16:22:16.459000,86.0,true,variability_open,red,frog,../data/prolific_output/run3-group_experiment1/qu70-s_qu70-batch46.csv
qu70-s_qu70-batch46.csv,,NOT AVAILABLE,NOT AVAILABLE,8116ec6c-df4c-4563-bfeb-943aaba3b711,PROLIFIC,06-Apr-2020 18:00:57,217,9121,63bcd6ed-bd9b-477c-9628-909f504cca7c,You can find (a/an) frog which is red. Red is one of many possible colors (a/an) frog can have. The range of colors is almost ulimited. ,You can find (a/an) t-shirt which is white. White is one of many possible colors (a/an) t-shirt can have. The range of colors is almost ulimited. ,You can find (a/an) pepper which is white. White is one of many possible colors (a/an) pepper can have. The range of colors is almost ulimited. ,3,1,https://app.prolific.co/submissions/complete?cc=1C969808,64533,94bad239-a00f-47d9-9fc1-22bfcb064158,2020-04-06 18:00:57,1289.294,2020-04-06 15:43:19.729000,2020-04-06 16:04:49.023000,11.0,false,variability_open,red,frog,../data/prolific_output/run3-group_experiment1/qu70-s_qu70-batch46.csv
qu70-s_qu70-batch46.csv,,NOT AVAILABLE,NOT AVAILABLE,1ebdafcc-fce7-41e2-9d93-aac9e254782e,PROLIFIC,06-Apr-2020 18:03:03,217,9121,63bcd6ed-bd9b-477c-9628-909f504cca7c,You can find (a/an) frog which is red. Red is one of many possible colors (a/an) frog can have. The range of colors is almost ulimited. ,You can find (a/an) t-shirt which is white. White is one of many possible colors (a/an) t-shirt can have. The range of colors is almost ulimited. ,You can find (a/an) pepper which is white. White is one of many possible colors (a/an) pepper can have. The range of colors is almost ulimited. ,3,1,https://app.prolific.co/submissions/complete?cc=1C969808,64738,083fd8d6-7642-4351-8bd8-03ff68c1c91b,2020-04-06 18:03:03,1424.083,2020-04-06 15:45:14.573000,2020-04-06 16:08:58.656000,18.0,false,variability_open,red,frog,../data/prolific_output/run3-group_experiment1/qu70-s_qu70-batch46.csv
qu70-s_qu70-batch46.csv,,NOT AVAILABLE,NOT AVAILABLE,995ae989-0025-45e0-aa77-56eb008cb1d6,PROLIFIC,06-Apr-2020 17:50:34,217,9121,63bcd6ed-bd9b-477c-9628-909f504cca7c,You can find (a/an) frog which is red. Red is one of many possible colors (a/an) frog can have. The range of colors is almost ulimited. ,You can find (a/an) t-shirt which is white. White is one of many possible colors (a/an) t-shirt can have. The range of colors is almost ulimited. ,You can find (a/an) pepper which is white. White is one of many possible colors (a/an) pepper can have. The range of colors is almost ulimited. ,3,1,https://app.prolific.co/submissions/complete?cc=1C969808,63675,a63e1d80-4ad2-4954-8881-d6bc04166520,2020-04-06 17:50:34,185.294,2020-04-06 15:48:33.722000,2020-04-06 15:51:39.016000,3.0,false,variability_open,red,frog,../data/prolific_output/run3-group_experiment1/qu70-s_qu70-batch46.csv
qu70-s_qu70-batch46.csv,,NOT AVAILABLE,NOT AVAILABLE,ff5b40d9-36ab-4b0c-96cd-b8b200165b5f,PROLIFIC,06-Apr-2020 17:53:27,217,9121,63bcd6ed-bd9b-477c-9628-909f504cca7c,You can find (a/an) frog which is red. Red is one of many possible colors (a/an) frog can have. The range of colors is almost ulimited. ,You can find (a/an) t-shirt which is white. White is one of many possible colors (a/an) t-shirt can have. The range of colors is almost ulimited. ,You can find (a/an) pepper which is white. White is one of many possible colors (a/an) pepper can have. The range of colors is almost ulimited. ,3,1,https://app.prolific.co/submissions/complete?cc=1C969808,63921,2863333e-da72-4ade-8482-8869f7e14381,2020-04-06 17:53:27,,,,41.0,false,variability_open,red,frog,../data/prolific_output/run3-group_experiment1/qu70-s_qu70-batch46.csv
qu70-s_qu70-batch46.csv,,NOT AVAILABLE,NOT AVAILABLE,def5c589-9118-419e-932b-0f312d0bec25,PROLIFIC,06-Apr-2020 17:57:44,217,9121,63bcd6ed-bd9b-477c-9628-909f504cca7c,You can find (a/an) frog which is red. Red is one of many possible colors (a/an) frog can have. The range of colors is almost ulimited. ,You can find (a/an) t-shirt which is white. White is one of many possible colors (a/an) t-shirt can have. The range of colors is almost ulimited. ,You can find (a/an) pepper which is white. White is one of many possible colors (a/an) pepper can have. The range of colors is almost ulimited. ,3,1,https://app.prolific.co/submissions/complete?cc=1C969808,64236,94614e50-9406-4d30-b09d-986107881718,2020-04-06 17:57:44,,,,14.0,false,variability_open,red,frog,../data/prolific_output/run3-group_experiment1/qu70-s_qu70-batch46.csv
qu70-s_qu70-batch46.csv,,NOT AVAILABLE,NOT AVAILABLE,b759a9fb-a047-48ec-b0ee-199261b8060c,PROLIFIC,06-Apr-2020 18:03:40,217,9121,63bcd6ed-bd9b-477c-9628-909f504cca7c,You can find (a/an) frog which is red. Red is one of many possible colors (a/an) frog can have. The range of colors is almost ulimited. ,You can find (a/an) t-shirt which is white. White is one of many possible colors (a/an) t-shirt can have. The range of colors is almost ulimited. ,You can find (a/an) pepper which is white. White is one of many possible colors (a/an) pepper can have. The range of colors is almost ulimited. ,3,1,https://app.prolific.co/submissions/complete?cc=1C969808,64790,007b3635-f804-49fa-a7b6-4c8ab54b8a88,2020-04-06 18:03:40,,,,,false,variability_open,red,frog,../data/prolific_output/run3-group_experiment1/qu70-s_qu70-batch46.csv
qu70-s_qu70-batch46.csv,,NOT AVAILABLE,NOT AVAILABLE,ffd3f20d-b154-4bb6-8fa1-7f4ba9967b71,PROLIFIC,06-Apr-2020 17:49:21,217,9122,0dd22535-5c15-446a-8e0f-7b0ceed068ca,I know that (a/an) frog is red as most or all other things similar to (a/an) frog are red. ,I know that (a/an) cotten_candy is sweet as most or all other things similar to (a/an) cotten_candy are sweet. ,I know that (a/an) dress is white as most or all other things similar to (a/an) dress are white. ,3,1,https://app.prolific.co/submissions/complete?cc=1C969808,63542,be06d580-7532-4913-b4f0-3bdcaa295b36,2020-04-06 17:49:21,418.472,2020-04-06 15:44:42.650000,2020-04-06 15:51:41.122000,6.0,false,implied_category,red,frog,../data/prolific_output/run3-group_experiment1/qu70-s_qu70-batch46.csv
qu70-s_qu70-batch46.csv,,NOT AVAILABLE,NOT AVAILABLE,410085b1-018a-439f-a7e3-0bc5ae4f6451,PROLIFIC,06-Apr-2020 17:49:36,217,9122,0dd22535-5c15-446a-8e0f-7b0ceed068ca,I know that (a/an) frog is red as most or all other things similar to (a/an) frog are red. ,I know that (a/an) cotten_candy is sweet as most or all other things similar to (a/an) cotten_candy are sweet. ,I know that (a/an) dress is white as most or all other things similar to (a/an) dress are white. ,3,1,https://app.prolific.co/submissions/complete?cc=1C969808,63562,691508b2-b71c-4cdc-a3ac-8463e4f9d94f,2020-04-06 17:49:36,1054.76,2020-04-06 15:45:45.354000,2020-04-06 16:03:20.114000,21.0,false,implied_category,red,frog,../data/prolific_output/run3-group_experiment1/qu70-s_qu70-batch46.csv
qu70-s_qu70-batch46.csv,,NOT AVAILABLE,NOT AVAILABLE,ad3e5bec-9486-4707-b193-4ab747599819,PROLIFIC,06-Apr-2020 18:04:07,217,9122,0dd22535-5c15-446a-8e0f-7b0ceed068ca,I know that (a/an) frog is red as most or all other things similar to (a/an) frog are red. ,I know that (a/an) cotten_candy is sweet as most or all other things similar to (a/an) cotten_candy are sweet. ,I know that (a/an) dress is white as most or all other things similar to (a/an) dress are white. ,3,1,https://app.prolific.co/submissions/complete?cc=1C969808,64826,2c1544d4-ad21-41dc-ad65-ac2076c80414,2020-04-06 18:04:07,2199.534,2020-04-06 15:45:36.925000,2020-04-06 16:22:16.459000,26.0,false,implied_category,red,frog,../data/prolific_output/run3-group_experiment1/qu70-s_qu70-batch46.csv
qu70-s_qu70-batch46.csv,,NOT AVAILABLE,NOT AVAILABLE,ad3e5bec-9486-4707-b193-4ab747599819,PROLIFIC,06-Apr-2020 18:18:26,217,9122,0dd22535-5c15-446a-8e0f-7b0ceed068ca,I know that (a/an) frog is red as most or all other things similar to (a/an) frog are red. ,I know that (a/an) cotten_candy is sweet as most or all other things similar to (a/an) cotten_candy are sweet. ,I know that (a/an) dress is white as most or all other things similar to (a/an) dress are white. ,3,1,https://app.prolific.co/submissions/complete?cc=1C969808,65191,e7b10a3f-c212-4981-a7eb-50dbae03d932,2020-04-06 18:18:26,2199.534,2020-04-06 15:45:36.925000,2020-04-06 16:22:16.459000,12.0,false,implied_category,red,frog,../data/prolific_output/run3-group_experiment1/qu70-s_qu70-batch46.csv
qu70-s_qu70-batch46.csv,,NOT AVAILABLE,NOT AVAILABLE,8116ec6c-df4c-4563-bfeb-943aaba3b711,PROLIFIC,06-Apr-2020 17:55:13,217,9122,0dd22535-5c15-446a-8e0f-7b0ceed068ca,I know that (a/an) frog is red as most or all other things similar to (a/an) frog are red. ,I know that (a/an) cotten_candy is sweet as most or all other things similar to (a/an) cotten_candy are sweet. ,I know that (a/an) dress is white as most or all other things similar to (a/an) dress are white. ,3,1,https://app.prolific.co/submissions/complete?cc=1C969808,64014,75cd73e7-67e7-47fe-b444-4e2fbabaebb7,2020-04-06 17:55:13,1289.294,2020-04-06 15:43:19.729000,2020-04-06 16:04:49.023000,11.0,false,implied_category,red,frog,../data/prolific_output/run3-group_experiment1/qu70-s_qu70-batch46.csv
qu70-s_qu70-batch46.csv,,NOT AVAILABLE,NOT AVAILABLE,1ebdafcc-fce7-41e2-9d93-aac9e254782e,PROLIFIC,06-Apr-2020 18:04:01,217,9122,0dd22535-5c15-446a-8e0f-7b0ceed068ca,I know that (a/an) frog is red as most or all other things similar to (a/an) frog are red. ,I know that (a/an) cotten_candy is sweet as most or all other things similar to (a/an) cotten_candy are sweet. ,I know that (a/an) dress is white as most or all other things similar to (a/an) dress are white. ,3,1,https://app.prolific.co/submissions/complete?cc=1C969808,64821,0303671d-9a32-4c12-af78-5945621443e8,2020-04-06 18:04:01,1424.083,2020-04-06 15:45:14.573000,2020-04-06 16:08:58.656000,14.0,true,implied_category,red,frog,../data/prolific_output/run3-group_experiment1/qu70-s_qu70-batch46.csv
qu70-s_qu70-batch46.csv,,NOT AVAILABLE,NOT AVAILABLE,995ae989-0025-45e0-aa77-56eb008cb1d6,PROLIFIC,06-Apr-2020 17:51:29,217,9122,0dd22535-5c15-446a-8e0f-7b0ceed068ca,I know that (a/an) frog is red as most or all other things similar to (a/an) frog are red. ,I know that (a/an) cotten_candy is sweet as most or all other things similar to (a/an) cotten_candy are sweet. ,I know that (a/an) dress is white as most or all other things similar to (a/an) dress are white. ,3,1,https://app.prolific.co/submissions/complete?cc=1C969808,63796,06c18082-abdd-4297-a168-bcf672530686,2020-04-06 17:51:29,185.294,2020-04-06 15:48:33.722000,2020-04-06 15:51:39.016000,4.0,false,implied_category,red,frog,../data/prolific_output/run3-group_experiment1/qu70-s_qu70-batch46.csv
qu70-s_qu70-batch46.csv,,NOT AVAILABLE,NOT AVAILABLE,fa8d1f1f-9017-4726-9b37-34e97e3f4b5f,PROLIFIC,06-Apr-2020 17:54:17,217,9122,0dd22535-5c15-446a-8e0f-7b0ceed068ca,I know that (a/an) frog is red as most or all other things similar to (a/an) frog are red. ,I know that (a/an) cotten_candy is sweet as most or all other things similar to (a/an) cotten_candy are sweet. ,I know that (a/an) dress is white as most or all other things similar to (a/an) dress are white. ,3,1,https://app.prolific.co/submissions/complete?cc=1C969808,63953,b678cb6f-9d0a-44fa-baef-cc5d097dc904,2020-04-06 17:54:17,417.94,2020-04-06 15:48:14.268000,2020-04-06 15:55:12.208000,109.0,true,implied_category,red,frog,../data/prolific_output/run3-group_experiment1/qu70-s_qu70-batch46.csv
qu70-s_qu70-batch46.csv,,NOT AVAILABLE,NOT AVAILABLE,ff5b40d9-36ab-4b0c-96cd-b8b200165b5f,PROLIFIC,06-Apr-2020 17:54:51,217,9122,0dd22535-5c15-446a-8e0f-7b0ceed068ca,I know that (a/an) frog is red as most or all other things similar to (a/an) frog are red. ,I know that (a/an) cotten_candy is sweet as most or all other things similar to (a/an) cotten_candy are sweet. ,I know that (a/an) dress is white as most or all other things similar to (a/an) dress are white. ,3,1,https://app.prolific.co/submissions/complete?cc=1C969808,63987,20f8af7b-bb99-436a-a1fc-3db34f8f6154,2020-04-06 17:54:51,,,,3.0,false,implied_category,red,frog,../data/prolific_output/run3-group_experiment1/qu70-s_qu70-batch46.csv
qu70-s_qu70-batch46.csv,,NOT AVAILABLE,NOT AVAILABLE,def5c589-9118-419e-932b-0f312d0bec25,PROLIFIC,06-Apr-2020 17:55:22,217,9122,0dd22535-5c15-446a-8e0f-7b0ceed068ca,I know that (a/an) frog is red as most or all other things similar to (a/an) frog are red. ,I know that (a/an) cotten_candy is sweet as most or all other things similar to (a/an) cotten_candy are sweet. ,I know that (a/an) dress is white as most or all other things similar to (a/an) dress are white. ,3,1,https://app.prolific.co/submissions/complete?cc=1C969808,64026,8e2774dc-e183-4617-8a1f-2f9b6946f9f1,2020-04-06 17:55:22,,,,17.0,false,implied_category,red,frog,../data/prolific_output/run3-group_experiment1/qu70-s_qu70-batch46.csv
qu70-s_qu70-batch46.csv,,NOT AVAILABLE,NOT AVAILABLE,b759a9fb-a047-48ec-b0ee-199261b8060c,PROLIFIC,06-Apr-2020 17:57:20,217,9122,0dd22535-5c15-446a-8e0f-7b0ceed068ca,I know that (a/an) frog is red as most or all other things similar to (a/an) frog are red. ,I know that (a/an) cotten_candy is sweet as most or all other things similar to (a/an) cotten_candy are sweet. ,I know that (a/an) dress is white as most or all other things similar to (a/an) dress are white. ,3,1,https://app.prolific.co/submissions/complete?cc=1C969808,64203,7318b394-19db-4173-aed0-896595c152ce,2020-04-06 17:57:20,,,,10.0,false,implied_category,red,frog,../data/prolific_output/run3-group_experiment1/qu70-s_qu70-batch46.csv
qu70-s_qu70-batch46.csv,,NOT AVAILABLE,NOT AVAILABLE,ffd3f20d-b154-4bb6-8fa1-7f4ba9967b71,PROLIFIC,06-Apr-2020 17:51:06,217,9123,887afd59-4413-45b8-800a-ecc10bcd432f,"I think (a/an) frog can be red, but this is rare or uncommon","I think (a/an) snail can be purple, but this is rare or uncommon","I think (a/an) bell_pepper can be green, but this is rare or uncommon",3,1,https://app.prolific.co/submissions/complete?cc=1C969808,63750,6ce0da7a-b075-4a81-8ba1-b9b9151830b8,2020-04-06 17:51:06,418.472,2020-04-06 15:44:42.650000,2020-04-06 15:51:41.122000,3.0,true,rare,red,frog,../data/prolific_output/run3-group_experiment1/qu70-s_qu70-batch46.csv
qu70-s_qu70-batch46.csv,,NOT AVAILABLE,NOT AVAILABLE,410085b1-018a-439f-a7e3-0bc5ae4f6451,PROLIFIC,06-Apr-2020 17:58:41,217,9123,887afd59-4413-45b8-800a-ecc10bcd432f,"I think (a/an) frog can be red, but this is rare or uncommon","I think (a/an) snail can be purple, but this is rare or uncommon","I think (a/an) bell_pepper can be green, but this is rare or uncommon",3,1,https://app.prolific.co/submissions/complete?cc=1C969808,64323,815a8e6d-b719-4225-9d73-26006bbe23fd,2020-04-06 17:58:41,1054.76,2020-04-06 15:45:45.354000,2020-04-06 16:03:20.114000,5.0,true,rare,red,frog,../data/prolific_output/run3-group_experiment1/qu70-s_qu70-batch46.csv
qu70-s_qu70-batch46.csv,,NOT AVAILABLE,NOT AVAILABLE,ad3e5bec-9486-4707-b193-4ab747599819,PROLIFIC,06-Apr-2020 18:00:54,217,9123,887afd59-4413-45b8-800a-ecc10bcd432f,"I think (a/an) frog can be red, but this is rare or uncommon","I think (a/an) snail can be purple, but this is rare or uncommon","I think (a/an) bell_pepper can be green, but this is rare or uncommon",3,1,https://app.prolific.co/submissions/complete?cc=1C969808,64525,eecdfafc-8b96-4ee1-be54-d1686b6ac7ef,2020-04-06 18:00:54,2199.534,2020-04-06 15:45:36.925000,2020-04-06 16:22:16.459000,14.0,true,rare,red,frog,../data/prolific_output/run3-group_experiment1/qu70-s_qu70-batch46.csv
qu70-s_qu70-batch46.csv,,NOT AVAILABLE,NOT AVAILABLE,ad3e5bec-9486-4707-b193-4ab747599819,PROLIFIC,06-Apr-2020 18:15:02,217,9123,887afd59-4413-45b8-800a-ecc10bcd432f,"I think (a/an) frog can be red, but this is rare or uncommon","I think (a/an) snail can be purple, but this is rare or uncommon","I think (a/an) bell_pepper can be green, but this is rare or uncommon",3,1,https://app.prolific.co/submissions/complete?cc=1C969808,65147,7e4b629d-61af-4967-a7c4-58337943581d,2020-04-06 18:15:02,2199.534,2020-04-06 15:45:36.925000,2020-04-06 16:22:16.459000,5.0,true,rare,red,frog,../data/prolific_output/run3-group_experiment1/qu70-s_qu70-batch46.csv
qu70-s_qu70-batch46.csv,,NOT AVAILABLE,NOT AVAILABLE,8116ec6c-df4c-4563-bfeb-943aaba3b711,PROLIFIC,06-Apr-2020 17:57:24,217,9123,887afd59-4413-45b8-800a-ecc10bcd432f,"I think (a/an) frog can be red, but this is rare or uncommon","I think (a/an) snail can be purple, but this is rare or uncommon","I think (a/an) bell_pepper can be green, but this is rare or uncommon",3,1,https://app.prolific.co/submissions/complete?cc=1C969808,64208,175e1386-ce16-4fee-93f1-9b38dc6a965b,2020-04-06 17:57:24,1289.294,2020-04-06 15:43:19.729000,2020-04-06 16:04:49.023000,5.0,true,rare,red,frog,../data/prolific_output/run3-group_experiment1/qu70-s_qu70-batch46.csv
qu70-s_qu70-batch46.csv,,NOT AVAILABLE,NOT AVAILABLE,1ebdafcc-fce7-41e2-9d93-aac9e254782e,PROLIFIC,06-Apr-2020 17:56:54,217,9123,887afd59-4413-45b8-800a-ecc10bcd432f,"I think (a/an) frog can be red, but this is rare or uncommon","I think (a/an) snail can be purple, but this is rare or uncommon","I think (a/an) bell_pepper can be green, but this is rare or uncommon",3,1,https://app.prolific.co/submissions/complete?cc=1C969808,64169,039ebb04-db6d-4e60-b0b6-cd6977fd95d3,2020-04-06 17:56:54,1424.083,2020-04-06 15:45:14.573000,2020-04-06 16:08:58.656000,28.0,false,rare,red,frog,../data/prolific_output/run3-group_experiment1/qu70-s_qu70-batch46.csv
qu70-s_qu70-batch46.csv,,NOT AVAILABLE,NOT AVAILABLE,995ae989-0025-45e0-aa77-56eb008cb1d6,PROLIFIC,06-Apr-2020 17:50:09,217,9123,887afd59-4413-45b8-800a-ecc10bcd432f,"I think (a/an) frog can be red, but this is rare or uncommon","I think (a/an) snail can be purple, but this is rare or uncommon","I think (a/an) bell_pepper can be green, but this is rare or uncommon",3,1,https://app.prolific.co/submissions/complete?cc=1C969808,63623,08c6ff93-7b3b-495a-a9c3-49de287a98fa,2020-04-06 17:50:09,185.294,2020-04-06 15:48:33.722000,2020-04-06 15:51:39.016000,1.0,true,rare,red,frog,../data/prolific_output/run3-group_experiment1/qu70-s_qu70-batch46.csv
qu70-s_qu70-batch46.csv,,NOT AVAILABLE,NOT AVAILABLE,fa8d1f1f-9017-4726-9b37-34e97e3f4b5f,PROLIFIC,06-Apr-2020 17:54:26,217,9123,887afd59-4413-45b8-800a-ecc10bcd432f,"I think (a/an) frog can be red, but this is rare or uncommon","I think (a/an) snail can be purple, but this is rare or uncommon","I think (a/an) bell_pepper can be green, but this is rare or uncommon",3,1,https://app.prolific.co/submissions/complete?cc=1C969808,63965,86fe6831-1ba2-42a5-8117-6a36bc67de90,2020-04-06 17:54:26,417.94,2020-04-06 15:48:14.268000,2020-04-06 15:55:12.208000,2.0,false,rare,red,frog,../data/prolific_output/run3-group_experiment1/qu70-s_qu70-batch46.csv
qu70-s_qu70-batch46.csv,,NOT AVAILABLE,NOT AVAILABLE,ff5b40d9-36ab-4b0c-96cd-b8b200165b5f,PROLIFIC,06-Apr-2020 17:55:06,217,9123,887afd59-4413-45b8-800a-ecc10bcd432f,"I think (a/an) frog can be red, but this is rare or uncommon","I think (a/an) snail can be purple, but this is rare or uncommon","I think (a/an) bell_pepper can be green, but this is rare or uncommon",3,1,https://app.prolific.co/submissions/complete?cc=1C969808,64004,531d28b9-6efd-4f40-8d33-65fb5a63fec7,2020-04-06 17:55:06,,,,1.0,true,rare,red,frog,../data/prolific_output/run3-group_experiment1/qu70-s_qu70-batch46.csv
qu70-s_qu70-batch46.csv,,NOT AVAILABLE,NOT AVAILABLE,def5c589-9118-419e-932b-0f312d0bec25,PROLIFIC,06-Apr-2020 17:51:41,217,9123,887afd59-4413-45b8-800a-ecc10bcd432f,"I think (a/an) frog can be red, but this is rare or uncommon","I think (a/an) snail can be purple, but this is rare or uncommon","I think (a/an) bell_pepper can be green, but this is rare or uncommon",3,1,https://app.prolific.co/submissions/complete?cc=1C969808,63819,78dd90cd-d478-434d-b6d2-3021b5a585da,2020-04-06 17:51:41,,,,10.0,true,rare,red,frog,../data/prolific_output/run3-group_experiment1/qu70-s_qu70-batch46.csv
qu70-s_qu70-batch46.csv,,NOT AVAILABLE,NOT AVAILABLE,b759a9fb-a047-48ec-b0ee-199261b8060c,PROLIFIC,06-Apr-2020 18:00:28,217,9123,887afd59-4413-45b8-800a-ecc10bcd432f,"I think (a/an) frog can be red, but this is rare or uncommon","I think (a/an) snail can be purple, but this is rare or uncommon","I think (a/an) bell_pepper can be green, but this is rare or uncommon",3,1,https://app.prolific.co/submissions/complete?cc=1C969808,64482,780bcb13-c036-41cc-837e-f6ab60aa143d,2020-04-06 18:00:28,,,,6.0,true,rare,red,frog,../data/prolific_output/run3-group_experiment1/qu70-s_qu70-batch46.csv
qu70-s_qu70-batch46.csv,,NOT AVAILABLE,NOT AVAILABLE,ffd3f20d-b154-4bb6-8fa1-7f4ba9967b71,PROLIFIC,06-Apr-2020 17:47:39,217,9124,83576510-0002-461c-8599-119eb2f2a473,I think it is impossible for (a/an) world to be round.,I think it is impossible for (a/an) flame to be frozen.,I think it is impossible for (a/an) book to be light.,3,1,https://app.prolific.co/submissions/complete?cc=1C969808,63432,4115d5a5-dcf5-4e24-8198-7b688723c5c1,2020-04-06 17:47:39,418.472,2020-04-06 15:44:42.650000,2020-04-06 15:51:41.122000,3.0,false,impossible,round,world,../data/prolific_output/run3-group_experiment1/qu70-s_qu70-batch46.csv
qu70-s_qu70-batch46.csv,,NOT AVAILABLE,NOT AVAILABLE,410085b1-018a-439f-a7e3-0bc5ae4f6451,PROLIFIC,06-Apr-2020 18:02:25,217,9124,83576510-0002-461c-8599-119eb2f2a473,I think it is impossible for (a/an) world to be round.,I think it is impossible for (a/an) flame to be frozen.,I think it is impossible for (a/an) book to be light.,3,1,https://app.prolific.co/submissions/complete?cc=1C969808,64668,d9538fac-4fac-4ba0-94fc-89b52428b0ab,2020-04-06 18:02:25,1054.76,2020-04-06 15:45:45.354000,2020-04-06 16:03:20.114000,7.0,false,impossible,round,world,../data/prolific_output/run3-group_experiment1/qu70-s_qu70-batch46.csv
qu70-s_qu70-batch46.csv,,NOT AVAILABLE,NOT AVAILABLE,ad3e5bec-9486-4707-b193-4ab747599819,PROLIFIC,06-Apr-2020 18:15:57,217,9124,83576510-0002-461c-8599-119eb2f2a473,I think it is impossible for (a/an) world to be round.,I think it is impossible for (a/an) flame to be frozen.,I think it is impossible for (a/an) book to be light.,3,1,https://app.prolific.co/submissions/complete?cc=1C969808,65161,e4f1caf3-cc40-447c-8132-8886fa620f5d,2020-04-06 18:15:57,2199.534,2020-04-06 15:45:36.925000,2020-04-06 16:22:16.459000,5.0,false,impossible,round,world,../data/prolific_output/run3-group_experiment1/qu70-s_qu70-batch46.csv
qu70-s_qu70-batch46.csv,,NOT AVAILABLE,NOT AVAILABLE,8116ec6c-df4c-4563-bfeb-943aaba3b711,PROLIFIC,06-Apr-2020 17:52:51,217,9124,83576510-0002-461c-8599-119eb2f2a473,I think it is impossible for (a/an) world to be round.,I think it is impossible for (a/an) flame to be frozen.,I think it is impossible for (a/an) book to be light.,3,1,https://app.prolific.co/submissions/complete?cc=1C969808,63896,0474f6de-3eb6-476e-ace7-a9e0077d2dd4,2020-04-06 17:52:51,1289.294,2020-04-06 15:43:19.729000,2020-04-06 16:04:49.023000,7.0,false,impossible,round,world,../data/prolific_output/run3-group_experiment1/qu70-s_qu70-batch46.csv
qu70-s_qu70-batch46.csv,,NOT AVAILABLE,NOT AVAILABLE,1ebdafcc-fce7-41e2-9d93-aac9e254782e,PROLIFIC,06-Apr-2020 18:03:18,217,9124,83576510-0002-461c-8599-119eb2f2a473,I think it is impossible for (a/an) world to be round.,I think it is impossible for (a/an) flame to be frozen.,I think it is impossible for (a/an) book to be light.,3,1,https://app.prolific.co/submissions/complete?cc=1C969808,64757,994fdff3-52e9-45a4-96c8-b4a0e5204783,2020-04-06 18:03:18,1424.083,2020-04-06 15:45:14.573000,2020-04-06 16:08:58.656000,15.0,false,impossible,round,world,../data/prolific_output/run3-group_experiment1/qu70-s_qu70-batch46.csv
qu70-s_qu70-batch46.csv,,NOT AVAILABLE,NOT AVAILABLE,995ae989-0025-45e0-aa77-56eb008cb1d6,PROLIFIC,06-Apr-2020 17:51:22,217,9124,83576510-0002-461c-8599-119eb2f2a473,I think it is impossible for (a/an) world to be round.,I think it is impossible for (a/an) flame to be frozen.,I think it is impossible for (a/an) book to be light.,3,1,https://app.prolific.co/submissions/complete?cc=1C969808,63781,fc06fa63-9a5f-4f20-8c7e-695f652d77e0,2020-04-06 17:51:22,185.294,2020-04-06 15:48:33.722000,2020-04-06 15:51:39.016000,2.0,false,impossible,round,world,../data/prolific_output/run3-group_experiment1/qu70-s_qu70-batch46.csv
qu70-s_qu70-batch46.csv,,NOT AVAILABLE,NOT AVAILABLE,fa8d1f1f-9017-4726-9b37-34e97e3f4b5f,PROLIFIC,06-Apr-2020 17:51:41,217,9124,83576510-0002-461c-8599-119eb2f2a473,I think it is impossible for (a/an) world to be round.,I think it is impossible for (a/an) flame to be frozen.,I think it is impossible for (a/an) book to be light.,3,1,https://app.prolific.co/submissions/complete?cc=1C969808,63822,915d9e50-24da-4552-9ddc-ed1f7a306593,2020-04-06 17:51:41,417.94,2020-04-06 15:48:14.268000,2020-04-06 15:55:12.208000,1.0,false,impossible,round,world,../data/prolific_output/run3-group_experiment1/qu70-s_qu70-batch46.csv
qu70-s_qu70-batch46.csv,,NOT AVAILABLE,NOT AVAILABLE,ff5b40d9-36ab-4b0c-96cd-b8b200165b5f,PROLIFIC,06-Apr-2020 17:56:37,217,9124,83576510-0002-461c-8599-119eb2f2a473,I think it is impossible for (a/an) world to be round.,I think it is impossible for (a/an) flame to be frozen.,I think it is impossible for (a/an) book to be light.,3,1,https://app.prolific.co/submissions/complete?cc=1C969808,64144,d7dd3269-fc93-411d-bceb-25b190ca53ca,2020-04-06 17:56:37,,,,,false,impossible,round,world,../data/prolific_output/run3-group_experiment1/qu70-s_qu70-batch46.csv
qu70-s_qu70-batch46.csv,,NOT AVAILABLE,NOT AVAILABLE,def5c589-9118-419e-932b-0f312d0bec25,PROLIFIC,06-Apr-2020 17:52:16,217,9124,83576510-0002-461c-8599-119eb2f2a473,I think it is impossible for (a/an) world to be round.,I think it is impossible for (a/an) flame to be frozen.,I think it is impossible for (a/an) book to be light.,3,1,https://app.prolific.co/submissions/complete?cc=1C969808,63871,01fbc071-c202-4212-ad36-b92c7ba875d8,2020-04-06 17:52:16,,,,3.0,false,impossible,round,world,../data/prolific_output/run3-group_experiment1/qu70-s_qu70-batch46.csv
qu70-s_qu70-batch46.csv,,NOT AVAILABLE,NOT AVAILABLE,b759a9fb-a047-48ec-b0ee-199261b8060c,PROLIFIC,06-Apr-2020 17:54:14,217,9124,83576510-0002-461c-8599-119eb2f2a473,I think it is impossible for (a/an) world to be round.,I think it is impossible for (a/an) flame to be frozen.,I think it is impossible for (a/an) book to be light.,3,1,https://app.prolific.co/submissions/complete?cc=1C969808,63951,a8db06eb-ab62-4488-9080-c53185498386,2020-04-06 17:54:14,,,,8.0,false,impossible,round,world,../data/prolific_output/run3-group_experiment1/qu70-s_qu70-batch46.csv
qu70-s_qu70-batch46.csv,,NOT AVAILABLE,NOT AVAILABLE,ffd3f20d-b154-4bb6-8fa1-7f4ba9967b71,PROLIFIC,06-Apr-2020 17:47:02,217,9125,d35f26ea-8e7b-4d10-81e0-42867f218e8d,"Usually, (a/an) world is not round, but there could be a highly unusual situation in which (a/an) world is round.","Usually, (a/an) pony is not blue, but there could be a highly unusual situation in which (a/an) pony is blue.","Usually, (a/an) beer is not brown, but there could be a highly unusual situation in which (a/an) beer is brown.",3,1,https://app.prolific.co/submissions/complete?cc=1C969808,63381,29d07d5b-d28e-44c8-8b39-16a4ea16d2b0,2020-04-06 17:47:02,418.472,2020-04-06 15:44:42.650000,2020-04-06 15:51:41.122000,10.0,false,unusual,round,world,../data/prolific_output/run3-group_experiment1/qu70-s_qu70-batch46.csv
qu70-s_qu70-batch46.csv,,NOT AVAILABLE,NOT AVAILABLE,410085b1-018a-439f-a7e3-0bc5ae4f6451,PROLIFIC,06-Apr-2020 18:00:44,217,9125,d35f26ea-8e7b-4d10-81e0-42867f218e8d,"Usually, (a/an) world is not round, but there could be a highly unusual situation in which (a/an) world is round.","Usually, (a/an) pony is not blue, but there could be a highly unusual situation in which (a/an) pony is blue.","Usually, (a/an) beer is not brown, but there could be a highly unusual situation in which (a/an) beer is brown.",3,1,https://app.prolific.co/submissions/complete?cc=1C969808,64509,a7fb8d96-bac3-4a9b-ae51-c40eaf9f0191,2020-04-06 18:00:44,1054.76,2020-04-06 15:45:45.354000,2020-04-06 16:03:20.114000,6.0,false,unusual,round,world,../data/prolific_output/run3-group_experiment1/qu70-s_qu70-batch46.csv
qu70-s_qu70-batch46.csv,,NOT AVAILABLE,NOT AVAILABLE,ad3e5bec-9486-4707-b193-4ab747599819,PROLIFIC,06-Apr-2020 18:16:28,217,9125,d35f26ea-8e7b-4d10-81e0-42867f218e8d,"Usually, (a/an) world is not round, but there could be a highly unusual situation in which (a/an) world is round.","Usually, (a/an) pony is not blue, but there could be a highly unusual situation in which (a/an) pony is blue.","Usually, (a/an) beer is not brown, but there could be a highly unusual situation in which (a/an) beer is brown.",3,1,https://app.prolific.co/submissions/complete?cc=1C969808,65169,eb6a6d85-d760-4592-b2cf-b16ea481ddb5,2020-04-06 18:16:28,2199.534,2020-04-06 15:45:36.925000,2020-04-06 16:22:16.459000,4.0,false,unusual,round,world,../data/prolific_output/run3-group_experiment1/qu70-s_qu70-batch46.csv
qu70-s_qu70-batch46.csv,,NOT AVAILABLE,NOT AVAILABLE,8116ec6c-df4c-4563-bfeb-943aaba3b711,PROLIFIC,06-Apr-2020 17:54:47,217,9125,d35f26ea-8e7b-4d10-81e0-42867f218e8d,"Usually, (a/an) world is not round, but there could be a highly unusual situation in which (a/an) world is round.","Usually, (a/an) pony is not blue, but there could be a highly unusual situation in which (a/an) pony is blue.","Usually, (a/an) beer is not brown, but there could be a highly unusual situation in which (a/an) beer is brown.",3,1,https://app.prolific.co/submissions/complete?cc=1C969808,63983,098d8646-45ec-4bef-8f4b-087f06b5983a,2020-04-06 17:54:47,1289.294,2020-04-06 15:43:19.729000,2020-04-06 16:04:49.023000,15.0,false,unusual,round,world,../data/prolific_output/run3-group_experiment1/qu70-s_qu70-batch46.csv
qu70-s_qu70-batch46.csv,,NOT AVAILABLE,NOT AVAILABLE,1ebdafcc-fce7-41e2-9d93-aac9e254782e,PROLIFIC,06-Apr-2020 18:00:07,217,9125,d35f26ea-8e7b-4d10-81e0-42867f218e8d,"Usually, (a/an) world is not round, but there could be a highly unusual situation in which (a/an) world is round.","Usually, (a/an) pony is not blue, but there could be a highly unusual situation in which (a/an) pony is blue.","Usually, (a/an) beer is not brown, but there could be a highly unusual situation in which (a/an) beer is brown.",3,1,https://app.prolific.co/submissions/complete?cc=1C969808,64444,bc021cd1-64d1-4ef3-94d2-8a1afb79cb47,2020-04-06 18:00:07,1424.083,2020-04-06 15:45:14.573000,2020-04-06 16:08:58.656000,14.0,false,unusual,round,world,../data/prolific_output/run3-group_experiment1/qu70-s_qu70-batch46.csv
qu70-s_qu70-batch46.csv,,NOT AVAILABLE,NOT AVAILABLE,995ae989-0025-45e0-aa77-56eb008cb1d6,PROLIFIC,06-Apr-2020 17:51:24,217,9125,d35f26ea-8e7b-4d10-81e0-42867f218e8d,"Usually, (a/an) world is not round, but there could be a highly unusual situation in which (a/an) world is round.","Usually, (a/an) pony is not blue, but there could be a highly unusual situation in which (a/an) pony is blue.","Usually, (a/an) beer is not brown, but there could be a highly unusual situation in which (a/an) beer is brown.",3,1,https://app.prolific.co/submissions/complete?cc=1C969808,63789,fec5e28f-9b79-493a-9e98-f48f5781649d,2020-04-06 17:51:24,185.294,2020-04-06 15:48:33.722000,2020-04-06 15:51:39.016000,1.0,false,unusual,round,world,../data/prolific_output/run3-group_experiment1/qu70-s_qu70-batch46.csv
qu70-s_qu70-batch46.csv,,NOT AVAILABLE,NOT AVAILABLE,fa8d1f1f-9017-4726-9b37-34e97e3f4b5f,PROLIFIC,06-Apr-2020 17:51:25,217,9125,d35f26ea-8e7b-4d10-81e0-42867f218e8d,"Usually, (a/an) world is not round, but there could be a highly unusual situation in which (a/an) world is round.","Usually, (a/an) pony is not blue, but there could be a highly unusual situation in which (a/an) pony is blue.","Usually, (a/an) beer is not brown, but there could be a highly unusual situation in which (a/an) beer is brown.",3,1,https://app.prolific.co/submissions/complete?cc=1C969808,63791,b128281c-10a1-4ef7-9cc8-345afe162de0,2020-04-06 17:51:25,417.94,2020-04-06 15:48:14.268000,2020-04-06 15:55:12.208000,1.0,false,unusual,round,world,../data/prolific_output/run3-group_experiment1/qu70-s_qu70-batch46.csv
qu70-s_qu70-batch46.csv,,NOT AVAILABLE,NOT AVAILABLE,ff5b40d9-36ab-4b0c-96cd-b8b200165b5f,PROLIFIC,06-Apr-2020 17:55:37,217,9125,d35f26ea-8e7b-4d10-81e0-42867f218e8d,"Usually, (a/an) world is not round, but there could be a highly unusual situation in which (a/an) world is round.","Usually, (a/an) pony is not blue, but there could be a highly unusual situation in which (a/an) pony is blue.","Usually, (a/an) beer is not brown, but there could be a highly unusual situation in which (a/an) beer is brown.",3,1,https://app.prolific.co/submissions/complete?cc=1C969808,64054,acf11120-24ad-4fcd-bcfc-b5840cecb3de,2020-04-06 17:55:37,,,,1.0,true,unusual,round,world,../data/prolific_output/run3-group_experiment1/qu70-s_qu70-batch46.csv
qu70-s_qu70-batch46.csv,,NOT AVAILABLE,NOT AVAILABLE,def5c589-9118-419e-932b-0f312d0bec25,PROLIFIC,06-Apr-2020 17:53:00,217,9125,d35f26ea-8e7b-4d10-81e0-42867f218e8d,"Usually, (a/an) world is not round, but there could be a highly unusual situation in which (a/an) world is round.","Usually, (a/an) pony is not blue, but there could be a highly unusual situation in which (a/an) pony is blue.","Usually, (a/an) beer is not brown, but there could be a highly unusual situation in which (a/an) beer is brown.",3,1,https://app.prolific.co/submissions/complete?cc=1C969808,63904,000b9ed9-d5c8-4cae-b72f-d578814bd27f,2020-04-06 17:53:00,,,,5.0,false,unusual,round,world,../data/prolific_output/run3-group_experiment1/qu70-s_qu70-batch46.csv
qu70-s_qu70-batch46.csv,,NOT AVAILABLE,NOT AVAILABLE,b759a9fb-a047-48ec-b0ee-199261b8060c,PROLIFIC,06-Apr-2020 18:01:30,217,9125,d35f26ea-8e7b-4d10-81e0-42867f218e8d,"Usually, (a/an) world is not round, but there could be a highly unusual situation in which (a/an) world is round.","Usually, (a/an) pony is not blue, but there could be a highly unusual situation in which (a/an) pony is blue.","Usually, (a/an) beer is not brown, but there could be a highly unusual situation in which (a/an) beer is brown.",3,1,https://app.prolific.co/submissions/complete?cc=1C969808,64581,5438c5ab-f9c4-4e65-891c-c16eb9e86516,2020-04-06 18:01:30,,,,5.0,false,unusual,round,world,../data/prolific_output/run3-group_experiment1/qu70-s_qu70-batch46.csv
qu70-s_qu70-batch46.csv,,NOT AVAILABLE,NOT AVAILABLE,ffd3f20d-b154-4bb6-8fa1-7f4ba9967b71,PROLIFIC,06-Apr-2020 17:51:34,217,9126,3ce44292-9b3f-4e96-ac89-154d5bd2d749,``Round'' is one for the first things which come to mind when I hear ``world''.,``Heavy'' is one for the first things which come to mind when I hear ``rock''.,``White'' is one for the first things which come to mind when I hear ``rasperry''.,3,1,https://app.prolific.co/submissions/complete?cc=1C969808,63805,b0fdb250-57f6-457b-a783-4f5707209a7b,2020-04-06 17:51:34,418.472,2020-04-06 15:44:42.650000,2020-04-06 15:51:41.122000,3.0,true,typical_of_concept,round,world,../data/prolific_output/run3-group_experiment1/qu70-s_qu70-batch46.csv
qu70-s_qu70-batch46.csv,,NOT AVAILABLE,NOT AVAILABLE,410085b1-018a-439f-a7e3-0bc5ae4f6451,PROLIFIC,06-Apr-2020 17:48:49,217,9126,3ce44292-9b3f-4e96-ac89-154d5bd2d749,``Round'' is one for the first things which come to mind when I hear ``world''.,``Heavy'' is one for the first things which come to mind when I hear ``rock''.,``White'' is one for the first things which come to mind when I hear ``rasperry''.,3,1,https://app.prolific.co/submissions/complete?cc=1C969808,63511,cf5315e1-970a-4791-9d41-31de1572115f,2020-04-06 17:48:49,1054.76,2020-04-06 15:45:45.354000,2020-04-06 16:03:20.114000,19.0,false,typical_of_concept,round,world,../data/prolific_output/run3-group_experiment1/qu70-s_qu70-batch46.csv
qu70-s_qu70-batch46.csv,,NOT AVAILABLE,NOT AVAILABLE,ad3e5bec-9486-4707-b193-4ab747599819,PROLIFIC,06-Apr-2020 18:08:19,217,9126,3ce44292-9b3f-4e96-ac89-154d5bd2d749,``Round'' is one for the first things which come to mind when I hear ``world''.,``Heavy'' is one for the first things which come to mind when I hear ``rock''.,``White'' is one for the first things which come to mind when I hear ``rasperry''.,3,1,https://app.prolific.co/submissions/complete?cc=1C969808,65050,5bde54b9-37b7-4d86-be0f-27575da2bc41,2020-04-06 18:08:19,2199.534,2020-04-06 15:45:36.925000,2020-04-06 16:22:16.459000,22.0,true,typical_of_concept,round,world,../data/prolific_output/run3-group_experiment1/qu70-s_qu70-batch46.csv
qu70-s_qu70-batch46.csv,,NOT AVAILABLE,NOT AVAILABLE,ad3e5bec-9486-4707-b193-4ab747599819,PROLIFIC,06-Apr-2020 18:19:20,217,9126,3ce44292-9b3f-4e96-ac89-154d5bd2d749,``Round'' is one for the first things which come to mind when I hear ``world''.,``Heavy'' is one for the first things which come to mind when I hear ``rock''.,``White'' is one for the first things which come to mind when I hear ``rasperry''.,3,1,https://app.prolific.co/submissions/complete?cc=1C969808,65205,90fbabc5-7bed-4a58-91d4-e5c74a0fd4f7,2020-04-06 18:19:20,2199.534,2020-04-06 15:45:36.925000,2020-04-06 16:22:16.459000,5.0,true,typical_of_concept,round,world,../data/prolific_output/run3-group_experiment1/qu70-s_qu70-batch46.csv
qu70-s_qu70-batch46.csv,,NOT AVAILABLE,NOT AVAILABLE,8116ec6c-df4c-4563-bfeb-943aaba3b711,PROLIFIC,06-Apr-2020 17:58:27,217,9126,3ce44292-9b3f-4e96-ac89-154d5bd2d749,``Round'' is one for the first things which come to mind when I hear ``world''.,``Heavy'' is one for the first things which come to mind when I hear ``rock''.,``White'' is one for the first things which come to mind when I hear ``rasperry''.,3,1,https://app.prolific.co/submissions/complete?cc=1C969808,64301,dacc976a-6fa2-4f09-9adc-24e6a591fccc,2020-04-06 17:58:27,1289.294,2020-04-06 15:43:19.729000,2020-04-06 16:04:49.023000,20.0,true,typical_of_concept,round,world,../data/prolific_output/run3-group_experiment1/qu70-s_qu70-batch46.csv
qu70-s_qu70-batch46.csv,,NOT AVAILABLE,NOT AVAILABLE,1ebdafcc-fce7-41e2-9d93-aac9e254782e,PROLIFIC,06-Apr-2020 17:57:06,217,9126,3ce44292-9b3f-4e96-ac89-154d5bd2d749,``Round'' is one for the first things which come to mind when I hear ``world''.,``Heavy'' is one for the first things which come to mind when I hear ``rock''.,``White'' is one for the first things which come to mind when I hear ``rasperry''.,3,1,https://app.prolific.co/submissions/complete?cc=1C969808,64183,673177dc-ec36-44bf-8027-4b308a4071a0,2020-04-06 17:57:06,1424.083,2020-04-06 15:45:14.573000,2020-04-06 16:08:58.656000,12.0,true,typical_of_concept,round,world,../data/prolific_output/run3-group_experiment1/qu70-s_qu70-batch46.csv
qu70-s_qu70-batch46.csv,,NOT AVAILABLE,NOT AVAILABLE,995ae989-0025-45e0-aa77-56eb008cb1d6,PROLIFIC,06-Apr-2020 17:51:18,217,9126,3ce44292-9b3f-4e96-ac89-154d5bd2d749,``Round'' is one for the first things which come to mind when I hear ``world''.,``Heavy'' is one for the first things which come to mind when I hear ``rock''.,``White'' is one for the first things which come to mind when I hear ``rasperry''.,3,1,https://app.prolific.co/submissions/complete?cc=1C969808,63776,215bf57d-a78d-4284-9bf8-52d5999077ec,2020-04-06 17:51:18,185.294,2020-04-06 15:48:33.722000,2020-04-06 15:51:39.016000,1.0,false,typical_of_concept,round,world,../data/prolific_output/run3-group_experiment1/qu70-s_qu70-batch46.csv
qu70-s_qu70-batch46.csv,,NOT AVAILABLE,NOT AVAILABLE,fa8d1f1f-9017-4726-9b37-34e97e3f4b5f,PROLIFIC,06-Apr-2020 17:50:14,217,9126,3ce44292-9b3f-4e96-ac89-154d5bd2d749,``Round'' is one for the first things which come to mind when I hear ``world''.,``Heavy'' is one for the first things which come to mind when I hear ``rock''.,``White'' is one for the first things which come to mind when I hear ``rasperry''.,3,1,https://app.prolific.co/submissions/complete?cc=1C969808,63634,026d6896-85a1-4183-b24e-f2bd680d8946,2020-04-06 17:50:14,417.94,2020-04-06 15:48:14.268000,2020-04-06 15:55:12.208000,6.0,true,typical_of_concept,round,world,../data/prolific_output/run3-group_experiment1/qu70-s_qu70-batch46.csv
qu70-s_qu70-batch46.csv,,NOT AVAILABLE,NOT AVAILABLE,ff5b40d9-36ab-4b0c-96cd-b8b200165b5f,PROLIFIC,06-Apr-2020 17:56:10,217,9126,3ce44292-9b3f-4e96-ac89-154d5bd2d749,``Round'' is one for the first things which come to mind when I hear ``world''.,``Heavy'' is one for the first things which come to mind when I hear ``rock''.,``White'' is one for the first things which come to mind when I hear ``rasperry''.,3,1,https://app.prolific.co/submissions/complete?cc=1C969808,64091,04376903-7b69-4cd8-8402-eb03d8673cbe,2020-04-06 17:56:10,,,,1.0,true,typical_of_concept,round,world,../data/prolific_output/run3-group_experiment1/qu70-s_qu70-batch46.csv
qu70-s_qu70-batch46.csv,,NOT AVAILABLE,NOT AVAILABLE,def5c589-9118-419e-932b-0f312d0bec25,PROLIFIC,06-Apr-2020 17:53:08,217,9126,3ce44292-9b3f-4e96-ac89-154d5bd2d749,``Round'' is one for the first things which come to mind when I hear ``world''.,``Heavy'' is one for the first things which come to mind when I hear ``rock''.,``White'' is one for the first things which come to mind when I hear ``rasperry''.,3,1,https://app.prolific.co/submissions/complete?cc=1C969808,63908,a8c379c6-b612-4cd5-b180-348288e8e6b1,2020-04-06 17:53:08,,,,8.0,false,typical_of_concept,round,world,../data/prolific_output/run3-group_experiment1/qu70-s_qu70-batch46.csv
qu70-s_qu70-batch46.csv,,NOT AVAILABLE,NOT AVAILABLE,b759a9fb-a047-48ec-b0ee-199261b8060c,PROLIFIC,06-Apr-2020 17:59:05,217,9126,3ce44292-9b3f-4e96-ac89-154d5bd2d749,``Round'' is one for the first things which come to mind when I hear ``world''.,``Heavy'' is one for the first things which come to mind when I hear ``rock''.,``White'' is one for the first things which come to mind when I hear ``rasperry''.,3,1,https://app.prolific.co/submissions/complete?cc=1C969808,64355,3faacc84-fee5-4aae-8719-a15c34313240,2020-04-06 17:59:05,,,,5.0,true,typical_of_concept,round,world,../data/prolific_output/run3-group_experiment1/qu70-s_qu70-batch46.csv
qu70-s_qu70-batch46.csv,,NOT AVAILABLE,NOT AVAILABLE,ffd3f20d-b154-4bb6-8fa1-7f4ba9967b71,PROLIFIC,06-Apr-2020 17:46:37,217,9127,fff741d2-6275-436a-a3c0-952a2fb85c9c,"I could say ``(a/an) world is round"", but I would most certainly not mean it literally.","I could say ``(a/an) anger is hot"", but I would most certainly not mean it literally.
I could say ``(a/an) person is cold"", but I would most certainly not mean it literally.
I could say ``(a/an) story is dark"", but I would most certainly not mean it literally.","I could say ``(a/an) fire is hot"", but I would most certainly not mean it literally.
I could say ``(a/an) stone is heavy"", but I would most certainly not mean it literally.
I could say ``(a/an) argument is liquid"", but I would most certainly not mean it literally.",3,1,https://app.prolific.co/submissions/complete?cc=1C969808,63351,7beebbc8-5729-4591-a69b-2a7074240cb3,2020-04-06 17:46:37,418.472,2020-04-06 15:44:42.650000,2020-04-06 15:51:41.122000,10.0,false,creative,round,world,../data/prolific_output/run3-group_experiment1/qu70-s_qu70-batch46.csv
qu70-s_qu70-batch46.csv,,NOT AVAILABLE,NOT AVAILABLE,410085b1-018a-439f-a7e3-0bc5ae4f6451,PROLIFIC,06-Apr-2020 17:52:39,217,9127,fff741d2-6275-436a-a3c0-952a2fb85c9c,"I could say ``(a/an) world is round"", but I would most certainly not mean it literally.","I could say ``(a/an) anger is hot"", but I would most certainly not mean it literally.
I could say ``(a/an) person is cold"", but I would most certainly not mean it literally.
I could say ``(a/an) story is dark"", but I would most certainly not mean it literally.","I could say ``(a/an) fire is hot"", but I would most certainly not mean it literally.
I could say ``(a/an) stone is heavy"", but I would most certainly not mean it literally.
I could say ``(a/an) argument is liquid"", but I would most certainly not mean it literally.",3,1,https://app.prolific.co/submissions/complete?cc=1C969808,63888,1232df31-c01d-4fe4-9ff4-e7472d73c085,2020-04-06 17:52:39,1054.76,2020-04-06 15:45:45.354000,2020-04-06 16:03:20.114000,14.0,true,creative,round,world,../data/prolific_output/run3-group_experiment1/qu70-s_qu70-batch46.csv
qu70-s_qu70-batch46.csv,,NOT AVAILABLE,NOT AVAILABLE,ad3e5bec-9486-4707-b193-4ab747599819,PROLIFIC,06-Apr-2020 18:16:19,217,9127,fff741d2-6275-436a-a3c0-952a2fb85c9c,"I could say ``(a/an) world is round"", but I would most certainly not mean it literally.","I could say ``(a/an) anger is hot"", but I would most certainly not mean it literally.
I could say ``(a/an) person is cold"", but I would most certainly not mean it literally.
I could say ``(a/an) story is dark"", but I would most certainly not mean it literally.","I could say ``(a/an) fire is hot"", but I would most certainly not mean it literally.
I could say ``(a/an) stone is heavy"", but I would most certainly not mean it literally.
I could say ``(a/an) argument is liquid"", but I would most certainly not mean it literally.",3,1,https://app.prolific.co/submissions/complete?cc=1C969808,65167,62b957c9-18cd-4b5b-8faa-c63bbc12c232,2020-04-06 18:16:19,2199.534,2020-04-06 15:45:36.925000,2020-04-06 16:22:16.459000,8.0,false,creative,round,world,../data/prolific_output/run3-group_experiment1/qu70-s_qu70-batch46.csv
qu70-s_qu70-batch46.csv,,NOT AVAILABLE,NOT AVAILABLE,ad3e5bec-9486-4707-b193-4ab747599819,PROLIFIC,06-Apr-2020 18:10:37,217,9127,fff741d2-6275-436a-a3c0-952a2fb85c9c,"I could say ``(a/an) world is round"", but I would most certainly not mean it literally.","I could say ``(a/an) anger is hot"", but I would most certainly not mean it literally.
I could say ``(a/an) person is cold"", but I would most certainly not mean it literally.
I could say ``(a/an) story is dark"", but I would most certainly not mean it literally.","I could say ``(a/an) fire is hot"", but I would most certainly not mean it literally.
I could say ``(a/an) stone is heavy"", but I would most certainly not mean it literally.
I could say ``(a/an) argument is liquid"", but I would most certainly not mean it literally.",3,1,https://app.prolific.co/submissions/complete?cc=1C969808,65090,6edeca2a-3aec-4fa0-b6ee-cdf65c546906,2020-04-06 18:10:37,2199.534,2020-04-06 15:45:36.925000,2020-04-06 16:22:16.459000,12.0,false,creative,round,world,../data/prolific_output/run3-group_experiment1/qu70-s_qu70-batch46.csv
qu70-s_qu70-batch46.csv,,NOT AVAILABLE,NOT AVAILABLE,8116ec6c-df4c-4563-bfeb-943aaba3b711,PROLIFIC,06-Apr-2020 17:57:31,217,9127,fff741d2-6275-436a-a3c0-952a2fb85c9c,"I could say ``(a/an) world is round"", but I would most certainly not mean it literally.","I could say ``(a/an) anger is hot"", but I would most certainly not mean it literally.
I could say ``(a/an) person is cold"", but I would most certainly not mean it literally.
I could say ``(a/an) story is dark"", but I would most certainly not mean it literally.","I could say ``(a/an) fire is hot"", but I would most certainly not mean it literally.
I could say ``(a/an) stone is heavy"", but I would most certainly not mean it literally.
I could say ``(a/an) argument is liquid"", but I would most certainly not mean it literally.",3,1,https://app.prolific.co/submissions/complete?cc=1C969808,64218,1c739cb2-8696-405d-9435-3a111b64aeba,2020-04-06 17:57:31,1289.294,2020-04-06 15:43:19.729000,2020-04-06 16:04:49.023000,7.0,false,creative,round,world,../data/prolific_output/run3-group_experiment1/qu70-s_qu70-batch46.csv
qu70-s_qu70-batch46.csv,,NOT AVAILABLE,NOT AVAILABLE,1ebdafcc-fce7-41e2-9d93-aac9e254782e,PROLIFIC,06-Apr-2020 17:58:37,217,9127,fff741d2-6275-436a-a3c0-952a2fb85c9c,"I could say ``(a/an) world is round"", but I would most certainly not mean it literally.","I could say ``(a/an) anger is hot"", but I would most certainly not mean it literally.
I could say ``(a/an) person is cold"", but I would most certainly not mean it literally.
I could say ``(a/an) story is dark"", but I would most certainly not mean it literally.","I could say ``(a/an) fire is hot"", but I would most certainly not mean it literally.
I could say ``(a/an) stone is heavy"", but I would most certainly not mean it literally.
I could say ``(a/an) argument is liquid"", but I would most certainly not mean it literally.",3,1,https://app.prolific.co/submissions/complete?cc=1C969808,64317,b93874e6-0aa7-46c3-a0cc-8ec012d4d305,2020-04-06 17:58:37,1424.083,2020-04-06 15:45:14.573000,2020-04-06 16:08:58.656000,27.0,false,creative,round,world,../data/prolific_output/run3-group_experiment1/qu70-s_qu70-batch46.csv
qu70-s_qu70-batch46.csv,,NOT AVAILABLE,NOT AVAILABLE,995ae989-0025-45e0-aa77-56eb008cb1d6,PROLIFIC,06-Apr-2020 17:49:58,217,9127,fff741d2-6275-436a-a3c0-952a2fb85c9c,"I could say ``(a/an) world is round"", but I would most certainly not mean it literally.","I could say ``(a/an) anger is hot"", but I would most certainly not mean it literally.
I could say ``(a/an) person is cold"", but I would most certainly not mean it literally.
I could say ``(a/an) story is dark"", but I would most certainly not mean it literally.","I could say ``(a/an) fire is hot"", but I would most certainly not mean it literally.
I could say ``(a/an) stone is heavy"", but I would most certainly not mean it literally.
I could say ``(a/an) argument is liquid"", but I would most certainly not mean it literally.",3,1,https://app.prolific.co/submissions/complete?cc=1C969808,63599,ff372e60-0d8a-48be-b605-3f645fd6d3ad,2020-04-06 17:49:58,185.294,2020-04-06 15:48:33.722000,2020-04-06 15:51:39.016000,2.0,false,creative,round,world,../data/prolific_output/run3-group_experiment1/qu70-s_qu70-batch46.csv
qu70-s_qu70-batch46.csv,,NOT AVAILABLE,NOT AVAILABLE,fa8d1f1f-9017-4726-9b37-34e97e3f4b5f,PROLIFIC,06-Apr-2020 17:51:02,217,9127,fff741d2-6275-436a-a3c0-952a2fb85c9c,"I could say ``(a/an) world is round"", but I would most certainly not mean it literally.","I could say ``(a/an) anger is hot"", but I would most certainly not mean it literally.
I could say ``(a/an) person is cold"", but I would most certainly not mean it literally.
I could say ``(a/an) story is dark"", but I would most certainly not mean it literally.","I could say ``(a/an) fire is hot"", but I would most certainly not mean it literally.
I could say ``(a/an) stone is heavy"", but I would most certainly not mean it literally.
I could say ``(a/an) argument is liquid"", but I would most certainly not mean it literally.",3,1,https://app.prolific.co/submissions/complete?cc=1C969808,63739,442afedb-bae9-426d-a124-1abf60cd8934,2020-04-06 17:51:02,417.94,2020-04-06 15:48:14.268000,2020-04-06 15:55:12.208000,2.0,true,creative,round,world,../data/prolific_output/run3-group_experiment1/qu70-s_qu70-batch46.csv
qu70-s_qu70-batch46.csv,,NOT AVAILABLE,NOT AVAILABLE,ff5b40d9-36ab-4b0c-96cd-b8b200165b5f,PROLIFIC,06-Apr-2020 17:54:44,217,9127,fff741d2-6275-436a-a3c0-952a2fb85c9c,"I could say ``(a/an) world is round"", but I would most certainly not mean it literally.","I could say ``(a/an) anger is hot"", but I would most certainly not mean it literally.
I could say ``(a/an) person is cold"", but I would most certainly not mean it literally.
I could say ``(a/an) story is dark"", but I would most certainly not mean it literally.","I could say ``(a/an) fire is hot"", but I would most certainly not mean it literally.
I could say ``(a/an) stone is heavy"", but I would most certainly not mean it literally.
I could say ``(a/an) argument is liquid"", but I would most certainly not mean it literally.",3,1,https://app.prolific.co/submissions/complete?cc=1C969808,63980,10223766-d025-4257-b205-35658449f6b5,2020-04-06 17:54:44,,,,3.0,false,creative,round,world,../data/prolific_output/run3-group_experiment1/qu70-s_qu70-batch46.csv
qu70-s_qu70-batch46.csv,,NOT AVAILABLE,NOT AVAILABLE,def5c589-9118-419e-932b-0f312d0bec25,PROLIFIC,06-Apr-2020 17:56:26,217,9127,fff741d2-6275-436a-a3c0-952a2fb85c9c,"I could say ``(a/an) world is round"", but I would most certainly not mean it literally.","I could say ``(a/an) anger is hot"", but I would most certainly not mean it literally.
I could say ``(a/an) person is cold"", but I would most certainly not mean it literally.
I could say ``(a/an) story is dark"", but I would most certainly not mean it literally.","I could say ``(a/an) fire is hot"", but I would most certainly not mean it literally.
I could say ``(a/an) stone is heavy"", but I would most certainly not mean it literally.
I could say ``(a/an) argument is liquid"", but I would most certainly not mean it literally.",3,1,https://app.prolific.co/submissions/complete?cc=1C969808,64118,8c4c1961-3a71-4616-a288-0e9ac2206e1c,2020-04-06 17:56:26,,,,4.0,false,creative,round,world,../data/prolific_output/run3-group_experiment1/qu70-s_qu70-batch46.csv
qu70-s_qu70-batch46.csv,,NOT AVAILABLE,NOT AVAILABLE,b759a9fb-a047-48ec-b0ee-199261b8060c,PROLIFIC,06-Apr-2020 18:02:29,217,9127,fff741d2-6275-436a-a3c0-952a2fb85c9c,"I could say ``(a/an) world is round"", but I would most certainly not mean it literally.","I could say ``(a/an) anger is hot"", but I would most certainly not mean it literally.
I could say ``(a/an) person is cold"", but I would most certainly not mean it literally.
I could say ``(a/an) story is dark"", but I would most certainly not mean it literally.","I could say ``(a/an) fire is hot"", but I would most certainly not mean it literally.
I could say ``(a/an) stone is heavy"", but I would most certainly not mean it literally.
I could say ``(a/an) argument is liquid"", but I would most certainly not mean it literally.",3,1,https://app.prolific.co/submissions/complete?cc=1C969808,64677,91442630-c194-4f8d-b131-15c7feb664e1,2020-04-06 18:02:29,,,,4.0,false,creative,round,world,../data/prolific_output/run3-group_experiment1/qu70-s_qu70-batch46.csv
qu70-s_qu70-batch46.csv,,NOT AVAILABLE,NOT AVAILABLE,ffd3f20d-b154-4bb6-8fa1-7f4ba9967b71,PROLIFIC,06-Apr-2020 17:50:33,217,9128,eee77ed7-eb68-4b20-ad37-282391b616e5,I know that (a/an) world is round as most or all other things similar to (a/an) world are round. ,I know that (a/an) cotten_candy is sweet as most or all other things similar to (a/an) cotten_candy are sweet. ,I know that (a/an) dress is white as most or all other things similar to (a/an) dress are white. ,3,1,https://app.prolific.co/submissions/complete?cc=1C969808,63671,3b6a570d-6ccb-4b64-99ca-9819d315d822,2020-04-06 17:50:33,418.472,2020-04-06 15:44:42.650000,2020-04-06 15:51:41.122000,4.0,true,implied_category,round,world,../data/prolific_output/run3-group_experiment1/qu70-s_qu70-batch46.csv
qu70-s_qu70-batch46.csv,,NOT AVAILABLE,NOT AVAILABLE,410085b1-018a-439f-a7e3-0bc5ae4f6451,PROLIFIC,06-Apr-2020 17:56:54,217,9128,eee77ed7-eb68-4b20-ad37-282391b616e5,I know that (a/an) world is round as most or all other things similar to (a/an) world are round. ,I know that (a/an) cotten_candy is sweet as most or all other things similar to (a/an) cotten_candy are sweet. ,I know that (a/an) dress is white as most or all other things similar to (a/an) dress are white. ,3,1,https://app.prolific.co/submissions/complete?cc=1C969808,64170,921decfc-addf-4a18-8bc3-4a22be53b2a9,2020-04-06 17:56:54,1054.76,2020-04-06 15:45:45.354000,2020-04-06 16:03:20.114000,8.0,true,implied_category,round,world,../data/prolific_output/run3-group_experiment1/qu70-s_qu70-batch46.csv
qu70-s_qu70-batch46.csv,,NOT AVAILABLE,NOT AVAILABLE,ad3e5bec-9486-4707-b193-4ab747599819,PROLIFIC,06-Apr-2020 18:22:10,217,9128,eee77ed7-eb68-4b20-ad37-282391b616e5,I know that (a/an) world is round as most or all other things similar to (a/an) world are round. ,I know that (a/an) cotten_candy is sweet as most or all other things similar to (a/an) cotten_candy are sweet. ,I know that (a/an) dress is white as most or all other things similar to (a/an) dress are white. ,3,1,https://app.prolific.co/submissions/complete?cc=1C969808,65256,3f22608c-5e98-4501-b4ae-6524b7cd71cb,2020-04-06 18:22:10,2199.534,2020-04-06 15:45:36.925000,2020-04-06 16:22:16.459000,10.0,false,implied_category,round,world,../data/prolific_output/run3-group_experiment1/qu70-s_qu70-batch46.csv
qu70-s_qu70-batch46.csv,,NOT AVAILABLE,NOT AVAILABLE,8116ec6c-df4c-4563-bfeb-943aaba3b711,PROLIFIC,06-Apr-2020 18:01:05,217,9128,eee77ed7-eb68-4b20-ad37-282391b616e5,I know that (a/an) world is round as most or all other things similar to (a/an) world are round. ,I know that (a/an) cotten_candy is sweet as most or all other things similar to (a/an) cotten_candy are sweet. ,I know that (a/an) dress is white as most or all other things similar to (a/an) dress are white. ,3,1,https://app.prolific.co/submissions/complete?cc=1C969808,64543,28b1e0bc-22ed-44bc-aed5-6cc21ea23ae7,2020-04-06 18:01:05,1289.294,2020-04-06 15:43:19.729000,2020-04-06 16:04:49.023000,8.0,true,implied_category,round,world,../data/prolific_output/run3-group_experiment1/qu70-s_qu70-batch46.csv
qu70-s_qu70-batch46.csv,,NOT AVAILABLE,NOT AVAILABLE,1ebdafcc-fce7-41e2-9d93-aac9e254782e,PROLIFIC,06-Apr-2020 18:01:25,217,9128,eee77ed7-eb68-4b20-ad37-282391b616e5,I know that (a/an) world is round as most or all other things similar to (a/an) world are round. ,I know that (a/an) cotten_candy is sweet as most or all other things similar to (a/an) cotten_candy are sweet. ,I know that (a/an) dress is white as most or all other things similar to (a/an) dress are white. ,3,1,https://app.prolific.co/submissions/complete?cc=1C969808,64572,87f6f0d2-c42b-4295-b58d-94e1cee05e7a,2020-04-06 18:01:25,1424.083,2020-04-06 15:45:14.573000,2020-04-06 16:08:58.656000,6.0,true,implied_category,round,world,../data/prolific_output/run3-group_experiment1/qu70-s_qu70-batch46.csv
qu70-s_qu70-batch46.csv,,NOT AVAILABLE,NOT AVAILABLE,995ae989-0025-45e0-aa77-56eb008cb1d6,PROLIFIC,06-Apr-2020 17:50:38,217,9128,eee77ed7-eb68-4b20-ad37-282391b616e5,I know that (a/an) world is round as most or all other things similar to (a/an) world are round. ,I know that (a/an) cotten_candy is sweet as most or all other things similar to (a/an) cotten_candy are sweet. ,I know that (a/an) dress is white as most or all other things similar to (a/an) dress are white. ,3,1,https://app.prolific.co/submissions/complete?cc=1C969808,63681,2caac1f2-8b46-4994-a0b8-0ca08c28010d,2020-04-06 17:50:38,185.294,2020-04-06 15:48:33.722000,2020-04-06 15:51:39.016000,2.0,false,implied_category,round,world,../data/prolific_output/run3-group_experiment1/qu70-s_qu70-batch46.csv
qu70-s_qu70-batch46.csv,,NOT AVAILABLE,NOT AVAILABLE,fa8d1f1f-9017-4726-9b37-34e97e3f4b5f,PROLIFIC,06-Apr-2020 17:52:02,217,9128,eee77ed7-eb68-4b20-ad37-282391b616e5,I know that (a/an) world is round as most or all other things similar to (a/an) world are round. ,I know that (a/an) cotten_candy is sweet as most or all other things similar to (a/an) cotten_candy are sweet. ,I know that (a/an) dress is white as most or all other things similar to (a/an) dress are white. ,3,1,https://app.prolific.co/submissions/complete?cc=1C969808,63847,e759c08b-85c0-43ee-8cac-cd6da3ddc37c,2020-04-06 17:52:02,417.94,2020-04-06 15:48:14.268000,2020-04-06 15:55:12.208000,4.0,true,implied_category,round,world,../data/prolific_output/run3-group_experiment1/qu70-s_qu70-batch46.csv
qu70-s_qu70-batch46.csv,,NOT AVAILABLE,NOT AVAILABLE,ff5b40d9-36ab-4b0c-96cd-b8b200165b5f,PROLIFIC,06-Apr-2020 17:56:14,217,9128,eee77ed7-eb68-4b20-ad37-282391b616e5,I know that (a/an) world is round as most or all other things similar to (a/an) world are round. ,I know that (a/an) cotten_candy is sweet as most or all other things similar to (a/an) cotten_candy are sweet. ,I know that (a/an) dress is white as most or all other things similar to (a/an) dress are white. ,3,1,https://app.prolific.co/submissions/complete?cc=1C969808,64097,26f6b436-c206-4b78-85df-25e5436039bd,2020-04-06 17:56:14,,,,2.0,false,implied_category,round,world,../data/prolific_output/run3-group_experiment1/qu70-s_qu70-batch46.csv
qu70-s_qu70-batch46.csv,,NOT AVAILABLE,NOT AVAILABLE,def5c589-9118-419e-932b-0f312d0bec25,PROLIFIC,06-Apr-2020 17:56:46,217,9128,eee77ed7-eb68-4b20-ad37-282391b616e5,I know that (a/an) world is round as most or all other things similar to (a/an) world are round. ,I know that (a/an) cotten_candy is sweet as most or all other things similar to (a/an) cotten_candy are sweet. ,I know that (a/an) dress is white as most or all other things similar to (a/an) dress are white. ,3,1,https://app.prolific.co/submissions/complete?cc=1C969808,64156,a58e8fb2-428d-4970-b010-2bf6127e6115,2020-04-06 17:56:46,,,,10.0,true,implied_category,round,world,../data/prolific_output/run3-group_experiment1/qu70-s_qu70-batch46.csv
qu70-s_qu70-batch46.csv,,NOT AVAILABLE,NOT AVAILABLE,b759a9fb-a047-48ec-b0ee-199261b8060c,PROLIFIC,06-Apr-2020 17:56:22,217,9128,eee77ed7-eb68-4b20-ad37-282391b616e5,I know that (a/an) world is round as most or all other things similar to (a/an) world are round. ,I know that (a/an) cotten_candy is sweet as most or all other things similar to (a/an) cotten_candy are sweet. ,I know that (a/an) dress is white as most or all other things similar to (a/an) dress are white. ,3,1,https://app.prolific.co/submissions/complete?cc=1C969808,64109,79d1a71b-de47-4bd4-8c1b-6d318b424757,2020-04-06 17:56:22,,,,15.0,true,implied_category,round,world,../data/prolific_output/run3-group_experiment1/qu70-s_qu70-batch46.csv
qu70-s_qu70-batch46.csv,,NOT AVAILABLE,NOT AVAILABLE,ffd3f20d-b154-4bb6-8fa1-7f4ba9967b71,PROLIFIC,06-Apr-2020 17:47:47,217,9129,69f4d77b-db3d-4622-a171-a8c172974471,You can find (a/an) world which is round. Round is one of a few possible shapes (a/an) world can have. There is only a limited range of possible shapes.,You can find (a/an) apple which is green. Green is one of a few possible colors (a/an) apple can have. There is only a limited range of possible colors.,You can find (a/an) house which is white. White is one of a few possible colors (a/an) house can have. There is only a limited range of possible colors.,3,1,https://app.prolific.co/submissions/complete?cc=1C969808,63437,f524cc14-3f6a-4e1b-a6df-4dbe50a8fb06,2020-04-06 17:47:47,418.472,2020-04-06 15:44:42.650000,2020-04-06 15:51:41.122000,8.0,true,variability_limited,round,world,../data/prolific_output/run3-group_experiment1/qu70-s_qu70-batch46.csv
qu70-s_qu70-batch46.csv,,NOT AVAILABLE,NOT AVAILABLE,410085b1-018a-439f-a7e3-0bc5ae4f6451,PROLIFIC,06-Apr-2020 17:56:00,217,9129,69f4d77b-db3d-4622-a171-a8c172974471,You can find (a/an) world which is round. Round is one of a few possible shapes (a/an) world can have. There is only a limited range of possible shapes.,You can find (a/an) apple which is green. Green is one of a few possible colors (a/an) apple can have. There is only a limited range of possible colors.,You can find (a/an) house which is white. White is one of a few possible colors (a/an) house can have. There is only a limited range of possible colors.,3,1,https://app.prolific.co/submissions/complete?cc=1C969808,64071,ac2132f4-0e31-4117-869f-db7cb77c244f,2020-04-06 17:56:00,1054.76,2020-04-06 15:45:45.354000,2020-04-06 16:03:20.114000,14.0,false,variability_limited,round,world,../data/prolific_output/run3-group_experiment1/qu70-s_qu70-batch46.csv
qu70-s_qu70-batch46.csv,,NOT AVAILABLE,NOT AVAILABLE,ad3e5bec-9486-4707-b193-4ab747599819,PROLIFIC,06-Apr-2020 18:17:58,217,9129,69f4d77b-db3d-4622-a171-a8c172974471,You can find (a/an) world which is round. Round is one of a few possible shapes (a/an) world can have. There is only a limited range of possible shapes.,You can find (a/an) apple which is green. Green is one of a few possible colors (a/an) apple can have. There is only a limited range of possible colors.,You can find (a/an) house which is white. White is one of a few possible colors (a/an) house can have. There is only a limited range of possible colors.,3,1,https://app.prolific.co/submissions/complete?cc=1C969808,65187,fc5c72be-6261-47dd-affc-05b836e90a36,2020-04-06 18:17:58,2199.534,2020-04-06 15:45:36.925000,2020-04-06 16:22:16.459000,7.0,true,variability_limited,round,world,../data/prolific_output/run3-group_experiment1/qu70-s_qu70-batch46.csv
qu70-s_qu70-batch46.csv,,NOT AVAILABLE,NOT AVAILABLE,ad3e5bec-9486-4707-b193-4ab747599819,PROLIFIC,06-Apr-2020 18:04:55,217,9129,69f4d77b-db3d-4622-a171-a8c172974471,You can find (a/an) world which is round. Round is one of a few possible shapes (a/an) world can have. There is only a limited range of possible shapes.,You can find (a/an) apple which is green. Green is one of a few possible colors (a/an) apple can have. There is only a limited range of possible colors.,You can find (a/an) house which is white. White is one of a few possible colors (a/an) house can have. There is only a limited range of possible colors.,3,1,https://app.prolific.co/submissions/complete?cc=1C969808,64883,cd68e012-1ed6-4003-8713-4cd40ef35355,2020-04-06 18:04:55,2199.534,2020-04-06 15:45:36.925000,2020-04-06 16:22:16.459000,28.0,true,variability_limited,round,world,../data/prolific_output/run3-group_experiment1/qu70-s_qu70-batch46.csv
qu70-s_qu70-batch46.csv,,NOT AVAILABLE,NOT AVAILABLE,8116ec6c-df4c-4563-bfeb-943aaba3b711,PROLIFIC,06-Apr-2020 17:55:44,217,9129,69f4d77b-db3d-4622-a171-a8c172974471,You can find (a/an) world which is round. Round is one of a few possible shapes (a/an) world can have. There is only a limited range of possible shapes.,You can find (a/an) apple which is green. Green is one of a few possible colors (a/an) apple can have. There is only a limited range of possible colors.,You can find (a/an) house which is white. White is one of a few possible colors (a/an) house can have. There is only a limited range of possible colors.,3,1,https://app.prolific.co/submissions/complete?cc=1C969808,64057,8b7c11ed-ce87-4ffe-bdbe-749733105ff7,2020-04-06 17:55:44,1289.294,2020-04-06 15:43:19.729000,2020-04-06 16:04:49.023000,16.0,true,variability_limited,round,world,../data/prolific_output/run3-group_experiment1/qu70-s_qu70-batch46.csv
qu70-s_qu70-batch46.csv,,NOT AVAILABLE,NOT AVAILABLE,1ebdafcc-fce7-41e2-9d93-aac9e254782e,PROLIFIC,06-Apr-2020 18:07:05,217,9129,69f4d77b-db3d-4622-a171-a8c172974471,You can find (a/an) world which is round. Round is one of a few possible shapes (a/an) world can have. There is only a limited range of possible shapes.,You can find (a/an) apple which is green. Green is one of a few possible colors (a/an) apple can have. There is only a limited range of possible colors.,You can find (a/an) house which is white. White is one of a few possible colors (a/an) house can have. There is only a limited range of possible colors.,3,1,https://app.prolific.co/submissions/complete?cc=1C969808,65014,ea6816b1-6052-4976-9790-08df99564944,2020-04-06 18:07:05,1424.083,2020-04-06 15:45:14.573000,2020-04-06 16:08:58.656000,9.0,false,variability_limited,round,world,../data/prolific_output/run3-group_experiment1/qu70-s_qu70-batch46.csv
qu70-s_qu70-batch46.csv,,NOT AVAILABLE,NOT AVAILABLE,995ae989-0025-45e0-aa77-56eb008cb1d6,PROLIFIC,06-Apr-2020 17:50:08,217,9129,69f4d77b-db3d-4622-a171-a8c172974471,You can find (a/an) world which is round. Round is one of a few possible shapes (a/an) world can have. There is only a limited range of possible shapes.,You can find (a/an) apple which is green. Green is one of a few possible colors (a/an) apple can have. There is only a limited range of possible colors.,You can find (a/an) house which is white. White is one of a few possible colors (a/an) house can have. There is only a limited range of possible colors.,3,1,https://app.prolific.co/submissions/complete?cc=1C969808,63619,0ee40307-907e-4af6-952f-7e3024694192,2020-04-06 17:50:08,185.294,2020-04-06 15:48:33.722000,2020-04-06 15:51:39.016000,2.0,true,variability_limited,round,world,../data/prolific_output/run3-group_experiment1/qu70-s_qu70-batch46.csv
qu70-s_qu70-batch46.csv,,NOT AVAILABLE,NOT AVAILABLE,fa8d1f1f-9017-4726-9b37-34e97e3f4b5f,PROLIFIC,06-Apr-2020 17:51:05,217,9129,69f4d77b-db3d-4622-a171-a8c172974471,You can find (a/an) world which is round. Round is one of a few possible shapes (a/an) world can have. There is only a limited range of possible shapes.,You can find (a/an) apple which is green. Green is one of a few possible colors (a/an) apple can have. There is only a limited range of possible colors.,You can find (a/an) house which is white. White is one of a few possible colors (a/an) house can have. There is only a limited range of possible colors.,3,1,https://app.prolific.co/submissions/complete?cc=1C969808,63749,172037e4-e194-4e86-9792-c102c3ab3e1d,2020-04-06 17:51:05,417.94,2020-04-06 15:48:14.268000,2020-04-06 15:55:12.208000,2.0,true,variability_limited,round,world,../data/prolific_output/run3-group_experiment1/qu70-s_qu70-batch46.csv
qu70-s_qu70-batch46.csv,,NOT AVAILABLE,NOT AVAILABLE,ff5b40d9-36ab-4b0c-96cd-b8b200165b5f,PROLIFIC,06-Apr-2020 17:54:36,217,9129,69f4d77b-db3d-4622-a171-a8c172974471,You can find (a/an) world which is round. Round is one of a few possible shapes (a/an) world can have. There is only a limited range of possible shapes.,You can find (a/an) apple which is green. Green is one of a few possible colors (a/an) apple can have. There is only a limited range of possible colors.,You can find (a/an) house which is white. White is one of a few possible colors (a/an) house can have. There is only a limited range of possible colors.,3,1,https://app.prolific.co/submissions/complete?cc=1C969808,63974,f282d9b7-c547-46c5-afdd-e2c12985174f,2020-04-06 17:54:36,,,,2.0,true,variability_limited,round,world,../data/prolific_output/run3-group_experiment1/qu70-s_qu70-batch46.csv
qu70-s_qu70-batch46.csv,,NOT AVAILABLE,NOT AVAILABLE,def5c589-9118-419e-932b-0f312d0bec25,PROLIFIC,06-Apr-2020 17:57:17,217,9129,69f4d77b-db3d-4622-a171-a8c172974471,You can find (a/an) world which is round. Round is one of a few possible shapes (a/an) world can have. There is only a limited range of possible shapes.,You can find (a/an) apple which is green. Green is one of a few possible colors (a/an) apple can have. There is only a limited range of possible colors.,You can find (a/an) house which is white. White is one of a few possible colors (a/an) house can have. There is only a limited range of possible colors.,3,1,https://app.prolific.co/submissions/complete?cc=1C969808,64198,d0c2399f-cca0-45d8-a548-ddc1deb38641,2020-04-06 17:57:17,,,,10.0,true,variability_limited,round,world,../data/prolific_output/run3-group_experiment1/qu70-s_qu70-batch46.csv
qu70-s_qu70-batch46.csv,,NOT AVAILABLE,NOT AVAILABLE,b759a9fb-a047-48ec-b0ee-199261b8060c,PROLIFIC,06-Apr-2020 18:00:43,217,9129,69f4d77b-db3d-4622-a171-a8c172974471,You can find (a/an) world which is round. Round is one of a few possible shapes (a/an) world can have. There is only a limited range of possible shapes.,You can find (a/an) apple which is green. Green is one of a few possible colors (a/an) apple can have. There is only a limited range of possible colors.,You can find (a/an) house which is white. White is one of a few possible colors (a/an) house can have. There is only a limited range of possible colors.,3,1,https://app.prolific.co/submissions/complete?cc=1C969808,64506,de0f973d-1df3-4dbb-8ade-e164f029cc77,2020-04-06 18:00:43,,,,15.0,true,variability_limited,round,world,../data/prolific_output/run3-group_experiment1/qu70-s_qu70-batch46.csv
qu70-s_qu70-batch46.csv,,NOT AVAILABLE,NOT AVAILABLE,ffd3f20d-b154-4bb6-8fa1-7f4ba9967b71,PROLIFIC,06-Apr-2020 17:46:20,217,9130,c03f2c6f-7bba-481f-99e6-ad4e71116609,"I think (a/an) world can be round, but this is rare or uncommon","I think (a/an) tomato can be yellow, but this is rare or uncommon","I think (a/an) grizzly bear can be grey, but this is rare or uncommon",3,1,https://app.prolific.co/submissions/complete?cc=1C969808,63335,b45ccd26-eee2-47a9-b877-250cdbd701bf,2020-04-06 17:46:20,418.472,2020-04-06 15:44:42.650000,2020-04-06 15:51:41.122000,25.0,false,rare,round,world,../data/prolific_output/run3-group_experiment1/qu70-s_qu70-batch46.csv
qu70-s_qu70-batch46.csv,,NOT AVAILABLE,NOT AVAILABLE,410085b1-018a-439f-a7e3-0bc5ae4f6451,PROLIFIC,06-Apr-2020 18:02:56,217,9130,c03f2c6f-7bba-481f-99e6-ad4e71116609,"I think (a/an) world can be round, but this is rare or uncommon","I think (a/an) tomato can be yellow, but this is rare or uncommon","I think (a/an) grizzly bear can be grey, but this is rare or uncommon",3,1,https://app.prolific.co/submissions/complete?cc=1C969808,64726,31775f6b-7ac5-4d07-b22e-f4c0c514c1f4,2020-04-06 18:02:56,1054.76,2020-04-06 15:45:45.354000,2020-04-06 16:03:20.114000,5.0,false,rare,round,world,../data/prolific_output/run3-group_experiment1/qu70-s_qu70-batch46.csv
qu70-s_qu70-batch46.csv,,NOT AVAILABLE,NOT AVAILABLE,ad3e5bec-9486-4707-b193-4ab747599819,PROLIFIC,06-Apr-2020 18:20:31,217,9130,c03f2c6f-7bba-481f-99e6-ad4e71116609,"I think (a/an) world can be round, but this is rare or uncommon","I think (a/an) tomato can be yellow, but this is rare or uncommon","I think (a/an) grizzly bear can be grey, but this is rare or uncommon",3,1,https://app.prolific.co/submissions/complete?cc=1C969808,65217,ccc2781b-3ef1-4876-8059-ebd6e511a466,2020-04-06 18:20:31,2199.534,2020-04-06 15:45:36.925000,2020-04-06 16:22:16.459000,4.0,false,rare,round,world,../data/prolific_output/run3-group_experiment1/qu70-s_qu70-batch46.csv
qu70-s_qu70-batch46.csv,,NOT AVAILABLE,NOT AVAILABLE,8116ec6c-df4c-4563-bfeb-943aaba3b711,PROLIFIC,06-Apr-2020 17:55:28,217,9130,c03f2c6f-7bba-481f-99e6-ad4e71116609,"I think (a/an) world can be round, but this is rare or uncommon","I think (a/an) tomato can be yellow, but this is rare or uncommon","I think (a/an) grizzly bear can be grey, but this is rare or uncommon",3,1,https://app.prolific.co/submissions/complete?cc=1C969808,64040,7352ea08-0d6c-41ff-b018-9398f66392c4,2020-04-06 17:55:28,1289.294,2020-04-06 15:43:19.729000,2020-04-06 16:04:49.023000,6.0,false,rare,round,world,../data/prolific_output/run3-group_experiment1/qu70-s_qu70-batch46.csv
qu70-s_qu70-batch46.csv,,NOT AVAILABLE,NOT AVAILABLE,1ebdafcc-fce7-41e2-9d93-aac9e254782e,PROLIFIC,06-Apr-2020 18:08:08,217,9130,c03f2c6f-7bba-481f-99e6-ad4e71116609,"I think (a/an) world can be round, but this is rare or uncommon","I think (a/an) tomato can be yellow, but this is rare or uncommon","I think (a/an) grizzly bear can be grey, but this is rare or uncommon",3,1,https://app.prolific.co/submissions/complete?cc=1C969808,65048,fd3921ef-4800-4063-a2ce-f596f161976f,2020-04-06 18:08:08,1424.083,2020-04-06 15:45:14.573000,2020-04-06 16:08:58.656000,12.0,false,rare,round,world,../data/prolific_output/run3-group_experiment1/qu70-s_qu70-batch46.csv
qu70-s_qu70-batch46.csv,,NOT AVAILABLE,NOT AVAILABLE,995ae989-0025-45e0-aa77-56eb008cb1d6,PROLIFIC,06-Apr-2020 17:49:51,217,9130,c03f2c6f-7bba-481f-99e6-ad4e71116609,"I think (a/an) world can be round, but this is rare or uncommon","I think (a/an) tomato can be yellow, but this is rare or uncommon","I think (a/an) grizzly bear can be grey, but this is rare or uncommon",3,1,https://app.prolific.co/submissions/complete?cc=1C969808,63584,5ab66da2-abe2-48a9-8eca-7f96c390597a,2020-04-06 17:49:51,185.294,2020-04-06 15:48:33.722000,2020-04-06 15:51:39.016000,6.0,true,rare,round,world,../data/prolific_output/run3-group_experiment1/qu70-s_qu70-batch46.csv
qu70-s_qu70-batch46.csv,,NOT AVAILABLE,NOT AVAILABLE,fa8d1f1f-9017-4726-9b37-34e97e3f4b5f,PROLIFIC,06-Apr-2020 17:51:11,217,9130,c03f2c6f-7bba-481f-99e6-ad4e71116609,"I think (a/an) world can be round, but this is rare or uncommon","I think (a/an) tomato can be yellow, but this is rare or uncommon","I think (a/an) grizzly bear can be grey, but this is rare or uncommon",3,1,https://app.prolific.co/submissions/complete?cc=1C969808,63761,c542b4bb-42cd-474e-8ac2-93fe167987f3,2020-04-06 17:51:11,417.94,2020-04-06 15:48:14.268000,2020-04-06 15:55:12.208000,2.0,true,rare,round,world,../data/prolific_output/run3-group_experiment1/qu70-s_qu70-batch46.csv
qu70-s_qu70-batch46.csv,,NOT AVAILABLE,NOT AVAILABLE,ff5b40d9-36ab-4b0c-96cd-b8b200165b5f,PROLIFIC,06-Apr-2020 17:55:34,217,9130,c03f2c6f-7bba-481f-99e6-ad4e71116609,"I think (a/an) world can be round, but this is rare or uncommon","I think (a/an) tomato can be yellow, but this is rare or uncommon","I think (a/an) grizzly bear can be grey, but this is rare or uncommon",3,1,https://app.prolific.co/submissions/complete?cc=1C969808,64047,e9d49cea-bba9-4675-a487-fb77fca0f5b9,2020-04-06 17:55:34,,,,1.0,true,rare,round,world,../data/prolific_output/run3-group_experiment1/qu70-s_qu70-batch46.csv
qu70-s_qu70-batch46.csv,,NOT AVAILABLE,NOT AVAILABLE,def5c589-9118-419e-932b-0f312d0bec25,PROLIFIC,06-Apr-2020 17:47:05,217,9130,c03f2c6f-7bba-481f-99e6-ad4e71116609,"I think (a/an) world can be round, but this is rare or uncommon","I think (a/an) tomato can be yellow, but this is rare or uncommon","I think (a/an) grizzly bear can be grey, but this is rare or uncommon",3,1,https://app.prolific.co/submissions/complete?cc=1C969808,63386,bad7ddb7-a090-47cb-be85-d2f8dc47c41e,2020-04-06 17:47:05,,,,18.0,false,rare,round,world,../data/prolific_output/run3-group_experiment1/qu70-s_qu70-batch46.csv
qu70-s_qu70-batch46.csv,,NOT AVAILABLE,NOT AVAILABLE,b759a9fb-a047-48ec-b0ee-199261b8060c,PROLIFIC,06-Apr-2020 18:00:48,217,9130,c03f2c6f-7bba-481f-99e6-ad4e71116609,"I think (a/an) world can be round, but this is rare or uncommon","I think (a/an) tomato can be yellow, but this is rare or uncommon","I think (a/an) grizzly bear can be grey, but this is rare or uncommon",3,1,https://app.prolific.co/submissions/complete?cc=1C969808,64515,eeee0fed-0c14-4e68-9093-2901c5570541,2020-04-06 18:00:48,,,,5.0,false,rare,round,world,../data/prolific_output/run3-group_experiment1/qu70-s_qu70-batch46.csv
qu70-s_qu70-batch46.csv,,NOT AVAILABLE,NOT AVAILABLE,ffd3f20d-b154-4bb6-8fa1-7f4ba9967b71,PROLIFIC,06-Apr-2020 17:49:36,217,9131,f9667ce5-3ab9-4e29-929e-4621a6372bfd,I know that being round is necessary for many things (a/an) world does or is used for. ,I know that being bright is necessary for many things (a/an) flashlight does or is used for. ,I know that being grey is necessary for many things (a/an) car does or is used for. ,3,1,https://app.prolific.co/submissions/complete?cc=1C969808,63563,f00f02be-b78d-4228-8c83-fca2487e1ad9,2020-04-06 17:49:36,418.472,2020-04-06 15:44:42.650000,2020-04-06 15:51:41.122000,7.0,true,affording_activity,round,world,../data/prolific_output/run3-group_experiment1/qu70-s_qu70-batch46.csv
qu70-s_qu70-batch46.csv,,NOT AVAILABLE,NOT AVAILABLE,410085b1-018a-439f-a7e3-0bc5ae4f6451,PROLIFIC,06-Apr-2020 17:58:01,217,9131,f9667ce5-3ab9-4e29-929e-4621a6372bfd,I know that being round is necessary for many things (a/an) world does or is used for. ,I know that being bright is necessary for many things (a/an) flashlight does or is used for. ,I know that being grey is necessary for many things (a/an) car does or is used for. ,3,1,https://app.prolific.co/submissions/complete?cc=1C969808,64260,de3c7a8b-db1a-466b-a28c-302a5dcb3ca6,2020-04-06 17:58:01,1054.76,2020-04-06 15:45:45.354000,2020-04-06 16:03:20.114000,14.0,true,affording_activity,round,world,../data/prolific_output/run3-group_experiment1/qu70-s_qu70-batch46.csv
qu70-s_qu70-batch46.csv,,NOT AVAILABLE,NOT AVAILABLE,ad3e5bec-9486-4707-b193-4ab747599819,PROLIFIC,06-Apr-2020 18:16:06,217,9131,f9667ce5-3ab9-4e29-929e-4621a6372bfd,I know that being round is necessary for many things (a/an) world does or is used for. ,I know that being bright is necessary for many things (a/an) flashlight does or is used for. ,I know that being grey is necessary for many things (a/an) car does or is used for. ,3,1,https://app.prolific.co/submissions/complete?cc=1C969808,65163,daefc4eb-2289-4aeb-ad9f-3c48133df6e0,2020-04-06 18:16:06,2199.534,2020-04-06 15:45:36.925000,2020-04-06 16:22:16.459000,4.0,true,affording_activity,round,world,../data/prolific_output/run3-group_experiment1/qu70-s_qu70-batch46.csv
qu70-s_qu70-batch46.csv,,NOT AVAILABLE,NOT AVAILABLE,ad3e5bec-9486-4707-b193-4ab747599819,PROLIFIC,06-Apr-2020 18:00:13,217,9131,f9667ce5-3ab9-4e29-929e-4621a6372bfd,I know that being round is necessary for many things (a/an) world does or is used for. ,I know that being bright is necessary for many things (a/an) flashlight does or is used for. ,I know that being grey is necessary for many things (a/an) car does or is used for. ,3,1,https://app.prolific.co/submissions/complete?cc=1C969808,64456,0fa7b4cc-5dd1-4e6f-9d4a-de4b61fb3ecb,2020-04-06 18:00:13,2199.534,2020-04-06 15:45:36.925000,2020-04-06 16:22:16.459000,52.0,true,affording_activity,round,world,../data/prolific_output/run3-group_experiment1/qu70-s_qu70-batch46.csv
qu70-s_qu70-batch46.csv,,NOT AVAILABLE,NOT AVAILABLE,8116ec6c-df4c-4563-bfeb-943aaba3b711,PROLIFIC,06-Apr-2020 17:49:27,217,9131,f9667ce5-3ab9-4e29-929e-4621a6372bfd,I know that being round is necessary for many things (a/an) world does or is used for. ,I know that being bright is necessary for many things (a/an) flashlight does or is used for. ,I know that being grey is necessary for many things (a/an) car does or is used for. ,3,1,https://app.prolific.co/submissions/complete?cc=1C969808,63550,5b8486ce-9b43-41b8-ab47-5604029f37c8,2020-04-06 17:49:27,1289.294,2020-04-06 15:43:19.729000,2020-04-06 16:04:49.023000,65.0,true,affording_activity,round,world,../data/prolific_output/run3-group_experiment1/qu70-s_qu70-batch46.csv
qu70-s_qu70-batch46.csv,,NOT AVAILABLE,NOT AVAILABLE,1ebdafcc-fce7-41e2-9d93-aac9e254782e,PROLIFIC,06-Apr-2020 17:56:12,217,9131,f9667ce5-3ab9-4e29-929e-4621a6372bfd,I know that being round is necessary for many things (a/an) world does or is used for. ,I know that being bright is necessary for many things (a/an) flashlight does or is used for. ,I know that being grey is necessary for many things (a/an) car does or is used for. ,3,1,https://app.prolific.co/submissions/complete?cc=1C969808,64093,cb532767-e862-4e56-9abd-00235d3d3a0a,2020-04-06 17:56:12,1424.083,2020-04-06 15:45:14.573000,2020-04-06 16:08:58.656000,15.0,true,affording_activity,round,world,../data/prolific_output/run3-group_experiment1/qu70-s_qu70-batch46.csv
qu70-s_qu70-batch46.csv,,NOT AVAILABLE,NOT AVAILABLE,995ae989-0025-45e0-aa77-56eb008cb1d6,PROLIFIC,06-Apr-2020 17:50:18,217,9131,f9667ce5-3ab9-4e29-929e-4621a6372bfd,I know that being round is necessary for many things (a/an) world does or is used for. ,I know that being bright is necessary for many things (a/an) flashlight does or is used for. ,I know that being grey is necessary for many things (a/an) car does or is used for. ,3,1,https://app.prolific.co/submissions/complete?cc=1C969808,63642,75901687-7804-4927-9fdc-71b0f708711a,2020-04-06 17:50:18,185.294,2020-04-06 15:48:33.722000,2020-04-06 15:51:39.016000,1.0,false,affording_activity,round,world,../data/prolific_output/run3-group_experiment1/qu70-s_qu70-batch46.csv
qu70-s_qu70-batch46.csv,,NOT AVAILABLE,NOT AVAILABLE,fa8d1f1f-9017-4726-9b37-34e97e3f4b5f,PROLIFIC,06-Apr-2020 17:52:03,217,9131,f9667ce5-3ab9-4e29-929e-4621a6372bfd,I know that being round is necessary for many things (a/an) world does or is used for. ,I know that being bright is necessary for many things (a/an) flashlight does or is used for. ,I know that being grey is necessary for many things (a/an) car does or is used for. ,3,1,https://app.prolific.co/submissions/complete?cc=1C969808,63849,30de5d68-adc5-4f4e-b440-1889258f1d44,2020-04-06 17:52:03,417.94,2020-04-06 15:48:14.268000,2020-04-06 15:55:12.208000,1.0,true,affording_activity,round,world,../data/prolific_output/run3-group_experiment1/qu70-s_qu70-batch46.csv
qu70-s_qu70-batch46.csv,,NOT AVAILABLE,NOT AVAILABLE,ff5b40d9-36ab-4b0c-96cd-b8b200165b5f,PROLIFIC,06-Apr-2020 17:55:15,217,9131,f9667ce5-3ab9-4e29-929e-4621a6372bfd,I know that being round is necessary for many things (a/an) world does or is used for. ,I know that being bright is necessary for many things (a/an) flashlight does or is used for. ,I know that being grey is necessary for many things (a/an) car does or is used for. ,3,1,https://app.prolific.co/submissions/complete?cc=1C969808,64017,e10528c8-d060-4a0b-b85d-06826235e301,2020-04-06 17:55:15,,,,2.0,true,affording_activity,round,world,../data/prolific_output/run3-group_experiment1/qu70-s_qu70-batch46.csv
qu70-s_qu70-batch46.csv,,NOT AVAILABLE,NOT AVAILABLE,def5c589-9118-419e-932b-0f312d0bec25,PROLIFIC,06-Apr-2020 17:55:55,217,9131,f9667ce5-3ab9-4e29-929e-4621a6372bfd,I know that being round is necessary for many things (a/an) world does or is used for. ,I know that being bright is necessary for many things (a/an) flashlight does or is used for. ,I know that being grey is necessary for many things (a/an) car does or is used for. ,3,1,https://app.prolific.co/submissions/complete?cc=1C969808,64065,af98a918-a10a-4163-b667-4aa20a98b5a5,2020-04-06 17:55:55,,,,11.0,true,affording_activity,round,world,../data/prolific_output/run3-group_experiment1/qu70-s_qu70-batch46.csv
qu70-s_qu70-batch46.csv,,NOT AVAILABLE,NOT AVAILABLE,b759a9fb-a047-48ec-b0ee-199261b8060c,PROLIFIC,06-Apr-2020 18:03:35,217,9131,f9667ce5-3ab9-4e29-929e-4621a6372bfd,I know that being round is necessary for many things (a/an) world does or is used for. ,I know that being bright is necessary for many things (a/an) flashlight does or is used for. ,I know that being grey is necessary for many things (a/an) car does or is used for. ,3,1,https://app.prolific.co/submissions/complete?cc=1C969808,64780,0700a534-dadf-49e7-a481-ce9de1c41658,2020-04-06 18:03:35,,,,33.0,true,affording_activity,round,world,../data/prolific_output/run3-group_experiment1/qu70-s_qu70-batch46.csv
qu70-s_qu70-batch46.csv,,NOT AVAILABLE,NOT AVAILABLE,ffd3f20d-b154-4bb6-8fa1-7f4ba9967b71,PROLIFIC,06-Apr-2020 17:48:41,217,9132,c2edf196-45b3-4270-9da3-7e4c84f1b27c,``World'' is one of the first things which come to mind when I hear ``round''. ,``Rainbow'' is one of the first things which come to mind when I hear ``colorful''. ,``Dress'' is one of the first things which come to mind when I hear ``white''. ,3,1,https://app.prolific.co/submissions/complete?cc=1C969808,63499,496ab644-9095-4296-9b43-447512227cb6,2020-04-06 17:48:41,418.472,2020-04-06 15:44:42.650000,2020-04-06 15:51:41.122000,3.0,true,typical_of_property,round,world,../data/prolific_output/run3-group_experiment1/qu70-s_qu70-batch46.csv
qu70-s_qu70-batch46.csv,,NOT AVAILABLE,NOT AVAILABLE,410085b1-018a-439f-a7e3-0bc5ae4f6451,PROLIFIC,06-Apr-2020 17:51:17,217,9132,c2edf196-45b3-4270-9da3-7e4c84f1b27c,``World'' is one of the first things which come to mind when I hear ``round''. ,``Rainbow'' is one of the first things which come to mind when I hear ``colorful''. ,``Dress'' is one of the first things which come to mind when I hear ``white''. ,3,1,https://app.prolific.co/submissions/complete?cc=1C969808,63772,7706d0e7-4417-40c5-90e3-6b0206374d52,2020-04-06 17:51:17,1054.76,2020-04-06 15:45:45.354000,2020-04-06 16:03:20.114000,10.0,true,typical_of_property,round,world,../data/prolific_output/run3-group_experiment1/qu70-s_qu70-batch46.csv
qu70-s_qu70-batch46.csv,,NOT AVAILABLE,NOT AVAILABLE,ad3e5bec-9486-4707-b193-4ab747599819,PROLIFIC,06-Apr-2020 18:20:36,217,9132,c2edf196-45b3-4270-9da3-7e4c84f1b27c,``World'' is one of the first things which come to mind when I hear ``round''. ,``Rainbow'' is one of the first things which come to mind when I hear ``colorful''. ,``Dress'' is one of the first things which come to mind when I hear ``white''. ,3,1,https://app.prolific.co/submissions/complete?cc=1C969808,65220,ddb761be-e445-40da-81e3-4eee8b2c31ad,2020-04-06 18:20:36,2199.534,2020-04-06 15:45:36.925000,2020-04-06 16:22:16.459000,5.0,true,typical_of_property,round,world,../data/prolific_output/run3-group_experiment1/qu70-s_qu70-batch46.csv
qu70-s_qu70-batch46.csv,,NOT AVAILABLE,NOT AVAILABLE,ad3e5bec-9486-4707-b193-4ab747599819,PROLIFIC,06-Apr-2020 18:04:20,217,9132,c2edf196-45b3-4270-9da3-7e4c84f1b27c,``World'' is one of the first things which come to mind when I hear ``round''. ,``Rainbow'' is one of the first things which come to mind when I hear ``colorful''. ,``Dress'' is one of the first things which come to mind when I hear ``white''. ,3,1,https://app.prolific.co/submissions/complete?cc=1C969808,64848,3bdbfe4b-f3e0-43a6-8eed-d002531109d7,2020-04-06 18:04:20,2199.534,2020-04-06 15:45:36.925000,2020-04-06 16:22:16.459000,8.0,true,typical_of_property,round,world,../data/prolific_output/run3-group_experiment1/qu70-s_qu70-batch46.csv
qu70-s_qu70-batch46.csv,,NOT AVAILABLE,NOT AVAILABLE,8116ec6c-df4c-4563-bfeb-943aaba3b711,PROLIFIC,06-Apr-2020 18:03:30,217,9132,c2edf196-45b3-4270-9da3-7e4c84f1b27c,``World'' is one of the first things which come to mind when I hear ``round''. ,``Rainbow'' is one of the first things which come to mind when I hear ``colorful''. ,``Dress'' is one of the first things which come to mind when I hear ``white''. ,3,1,https://app.prolific.co/submissions/complete?cc=1C969808,64774,3c53eda8-17f8-439f-aee4-4738faad34f1,2020-04-06 18:03:30,1289.294,2020-04-06 15:43:19.729000,2020-04-06 16:04:49.023000,10.0,true,typical_of_property,round,world,../data/prolific_output/run3-group_experiment1/qu70-s_qu70-batch46.csv
qu70-s_qu70-batch46.csv,,NOT AVAILABLE,NOT AVAILABLE,1ebdafcc-fce7-41e2-9d93-aac9e254782e,PROLIFIC,06-Apr-2020 18:06:56,217,9132,c2edf196-45b3-4270-9da3-7e4c84f1b27c,``World'' is one of the first things which come to mind when I hear ``round''. ,``Rainbow'' is one of the first things which come to mind when I hear ``colorful''. ,``Dress'' is one of the first things which come to mind when I hear ``white''. ,3,1,https://app.prolific.co/submissions/complete?cc=1C969808,65007,714c893a-5204-4aac-bd5b-304f754ef195,2020-04-06 18:06:56,1424.083,2020-04-06 15:45:14.573000,2020-04-06 16:08:58.656000,6.0,false,typical_of_property,round,world,../data/prolific_output/run3-group_experiment1/qu70-s_qu70-batch46.csv
qu70-s_qu70-batch46.csv,,NOT AVAILABLE,NOT AVAILABLE,995ae989-0025-45e0-aa77-56eb008cb1d6,PROLIFIC,06-Apr-2020 17:50:31,217,9132,c2edf196-45b3-4270-9da3-7e4c84f1b27c,``World'' is one of the first things which come to mind when I hear ``round''. ,``Rainbow'' is one of the first things which come to mind when I hear ``colorful''. ,``Dress'' is one of the first things which come to mind when I hear ``white''. ,3,1,https://app.prolific.co/submissions/complete?cc=1C969808,63668,d987f306-7969-4cb0-ad23-f88ab320f38b,2020-04-06 17:50:31,185.294,2020-04-06 15:48:33.722000,2020-04-06 15:51:39.016000,2.0,false,typical_of_property,round,world,../data/prolific_output/run3-group_experiment1/qu70-s_qu70-batch46.csv
qu70-s_qu70-batch46.csv,,NOT AVAILABLE,NOT AVAILABLE,fa8d1f1f-9017-4726-9b37-34e97e3f4b5f,PROLIFIC,06-Apr-2020 17:51:09,217,9132,c2edf196-45b3-4270-9da3-7e4c84f1b27c,``World'' is one of the first things which come to mind when I hear ``round''. ,``Rainbow'' is one of the first things which come to mind when I hear ``colorful''. ,``Dress'' is one of the first things which come to mind when I hear ``white''. ,3,1,https://app.prolific.co/submissions/complete?cc=1C969808,63758,674b7e74-abd2-463b-8e7c-5cad17c83f59,2020-04-06 17:51:09,417.94,2020-04-06 15:48:14.268000,2020-04-06 15:55:12.208000,3.0,false,typical_of_property,round,world,../data/prolific_output/run3-group_experiment1/qu70-s_qu70-batch46.csv
qu70-s_qu70-batch46.csv,,NOT AVAILABLE,NOT AVAILABLE,ff5b40d9-36ab-4b0c-96cd-b8b200165b5f,PROLIFIC,06-Apr-2020 17:55:24,217,9132,c2edf196-45b3-4270-9da3-7e4c84f1b27c,``World'' is one of the first things which come to mind when I hear ``round''. ,``Rainbow'' is one of the first things which come to mind when I hear ``colorful''. ,``Dress'' is one of the first things which come to mind when I hear ``white''. ,3,1,https://app.prolific.co/submissions/complete?cc=1C969808,64033,515e697c-5500-4356-a723-d9fda53924a1,2020-04-06 17:55:24,,,,1.0,true,typical_of_property,round,world,../data/prolific_output/run3-group_experiment1/qu70-s_qu70-batch46.csv
qu70-s_qu70-batch46.csv,,NOT AVAILABLE,NOT AVAILABLE,def5c589-9118-419e-932b-0f312d0bec25,PROLIFIC,06-Apr-2020 17:51:48,217,9132,c2edf196-45b3-4270-9da3-7e4c84f1b27c,``World'' is one of the first things which come to mind when I hear ``round''. ,``Rainbow'' is one of the first things which come to mind when I hear ``colorful''. ,``Dress'' is one of the first things which come to mind when I hear ``white''. ,3,1,https://app.prolific.co/submissions/complete?cc=1C969808,63833,0dae962d-3d0b-4c34-b550-2ae322f59977,2020-04-06 17:51:48,,,,7.0,false,typical_of_property,round,world,../data/prolific_output/run3-group_experiment1/qu70-s_qu70-batch46.csv
qu70-s_qu70-batch46.csv,,NOT AVAILABLE,NOT AVAILABLE,b759a9fb-a047-48ec-b0ee-199261b8060c,PROLIFIC,06-Apr-2020 17:57:27,217,9132,c2edf196-45b3-4270-9da3-7e4c84f1b27c,``World'' is one of the first things which come to mind when I hear ``round''. ,``Rainbow'' is one of the first things which come to mind when I hear ``colorful''. ,``Dress'' is one of the first things which come to mind when I hear ``white''. ,3,1,https://app.prolific.co/submissions/complete?cc=1C969808,64214,2d10f0bd-6138-44a9-8467-71e7ce37afa8,2020-04-06 17:57:27,,,,7.0,true,typical_of_property,round,world,../data/prolific_output/run3-group_experiment1/qu70-s_qu70-batch46.csv
qu70-s_qu70-batch46.csv,,NOT AVAILABLE,NOT AVAILABLE,ffd3f20d-b154-4bb6-8fa1-7f4ba9967b71,PROLIFIC,06-Apr-2020 17:48:21,217,9133,7b86d343-b293-410c-8a30-33af23aad50f,You can find (a/an) world which is round. Round is one of many possible shapes (a/an) world can have. The range of shapes is almost ulimited. ,You can find (a/an) t-shirt which is white. White is one of many possible colors (a/an) t-shirt can have. The range of colors is almost ulimited. ,You can find (a/an) pepper which is white. White is one of many possible colors (a/an) pepper can have. The range of colors is almost ulimited. ,3,1,https://app.prolific.co/submissions/complete?cc=1C969808,63466,623a4c51-a31e-4eb5-bd63-f10b06f97117,2020-04-06 17:48:21,418.472,2020-04-06 15:44:42.650000,2020-04-06 15:51:41.122000,6.0,false,variability_open,round,world,../data/prolific_output/run3-group_experiment1/qu70-s_qu70-batch46.csv
qu70-s_qu70-batch46.csv,,NOT AVAILABLE,NOT AVAILABLE,410085b1-018a-439f-a7e3-0bc5ae4f6451,PROLIFIC,06-Apr-2020 18:03:15,217,9133,7b86d343-b293-410c-8a30-33af23aad50f,You can find (a/an) world which is round. Round is one of many possible shapes (a/an) world can have. The range of shapes is almost ulimited. ,You can find (a/an) t-shirt which is white. White is one of many possible colors (a/an) t-shirt can have. The range of colors is almost ulimited. ,You can find (a/an) pepper which is white. White is one of many possible colors (a/an) pepper can have. The range of colors is almost ulimited. ,3,1,https://app.prolific.co/submissions/complete?cc=1C969808,64750,f145f84a-8931-4b7d-aff6-a5679902733b,2020-04-06 18:03:15,1054.76,2020-04-06 15:45:45.354000,2020-04-06 16:03:20.114000,18.114,false,variability_open,round,world,../data/prolific_output/run3-group_experiment1/qu70-s_qu70-batch46.csv
qu70-s_qu70-batch46.csv,,NOT AVAILABLE,NOT AVAILABLE,ad3e5bec-9486-4707-b193-4ab747599819,PROLIFIC,06-Apr-2020 18:20:55,217,9133,7b86d343-b293-410c-8a30-33af23aad50f,You can find (a/an) world which is round. Round is one of many possible shapes (a/an) world can have. The range of shapes is almost ulimited. ,You can find (a/an) t-shirt which is white. White is one of many possible colors (a/an) t-shirt can have. The range of colors is almost ulimited. ,You can find (a/an) pepper which is white. White is one of many possible colors (a/an) pepper can have. The range of colors is almost ulimited. ,3,1,https://app.prolific.co/submissions/complete?cc=1C969808,65229,d8a6c7c6-b68d-4d9d-9f26-2d5a6ef71ce6,2020-04-06 18:20:55,2199.534,2020-04-06 15:45:36.925000,2020-04-06 16:22:16.459000,9.0,false,variability_open,round,world,../data/prolific_output/run3-group_experiment1/qu70-s_qu70-batch46.csv
qu70-s_qu70-batch46.csv,,NOT AVAILABLE,NOT AVAILABLE,8116ec6c-df4c-4563-bfeb-943aaba3b711,PROLIFIC,06-Apr-2020 17:58:07,217,9133,7b86d343-b293-410c-8a30-33af23aad50f,You can find (a/an) world which is round. Round is one of many possible shapes (a/an) world can have. The range of shapes is almost ulimited. ,You can find (a/an) t-shirt which is white. White is one of many possible colors (a/an) t-shirt can have. The range of colors is almost ulimited. ,You can find (a/an) pepper which is white. White is one of many possible colors (a/an) pepper can have. The range of colors is almost ulimited. ,3,1,https://app.prolific.co/submissions/complete?cc=1C969808,64269,18775f46-23d5-44ef-a681-6e49bfdaa91d,2020-04-06 17:58:07,1289.294,2020-04-06 15:43:19.729000,2020-04-06 16:04:49.023000,10.0,false,variability_open,round,world,../data/prolific_output/run3-group_experiment1/qu70-s_qu70-batch46.csv
qu70-s_qu70-batch46.csv,,NOT AVAILABLE,NOT AVAILABLE,1ebdafcc-fce7-41e2-9d93-aac9e254782e,PROLIFIC,06-Apr-2020 18:01:54,217,9133,7b86d343-b293-410c-8a30-33af23aad50f,You can find (a/an) world which is round. Round is one of many possible shapes (a/an) world can have. The range of shapes is almost ulimited. ,You can find (a/an) t-shirt which is white. White is one of many possible colors (a/an) t-shirt can have. The range of colors is almost ulimited. ,You can find (a/an) pepper which is white. White is one of many possible colors (a/an) pepper can have. The range of colors is almost ulimited. ,3,1,https://app.prolific.co/submissions/complete?cc=1C969808,64620,5339588f-6735-43bc-8026-a3ea0f6c652b,2020-04-06 18:01:54,1424.083,2020-04-06 15:45:14.573000,2020-04-06 16:08:58.656000,14.0,false,variability_open,round,world,../data/prolific_output/run3-group_experiment1/qu70-s_qu70-batch46.csv
qu70-s_qu70-batch46.csv,,NOT AVAILABLE,NOT AVAILABLE,995ae989-0025-45e0-aa77-56eb008cb1d6,PROLIFIC,06-Apr-2020 17:49:56,217,9133,7b86d343-b293-410c-8a30-33af23aad50f,You can find (a/an) world which is round. Round is one of many possible shapes (a/an) world can have. The range of shapes is almost ulimited. ,You can find (a/an) t-shirt which is white. White is one of many possible colors (a/an) t-shirt can have. The range of colors is almost ulimited. ,You can find (a/an) pepper which is white. White is one of many possible colors (a/an) pepper can have. The range of colors is almost ulimited. ,3,1,https://app.prolific.co/submissions/complete?cc=1C969808,63597,a26d62b8-aaeb-4562-8b4b-0bc88663ea97,2020-04-06 17:49:56,185.294,2020-04-06 15:48:33.722000,2020-04-06 15:51:39.016000,1.0,true,variability_open,round,world,../data/prolific_output/run3-group_experiment1/qu70-s_qu70-batch46.csv
qu70-s_qu70-batch46.csv,,NOT AVAILABLE,NOT AVAILABLE,fa8d1f1f-9017-4726-9b37-34e97e3f4b5f,PROLIFIC,06-Apr-2020 17:52:07,217,9133,7b86d343-b293-410c-8a30-33af23aad50f,You can find (a/an) world which is round. Round is one of many possible shapes (a/an) world can have. The range of shapes is almost ulimited. ,You can find (a/an) t-shirt which is white. White is one of many possible colors (a/an) t-shirt can have. The range of colors is almost ulimited. ,You can find (a/an) pepper which is white. White is one of many possible colors (a/an) pepper can have. The range of colors is almost ulimited. ,3,1,https://app.prolific.co/submissions/complete?cc=1C969808,63854,7a90c68b-7b2c-4531-8744-b8de9b28fe01,2020-04-06 17:52:07,417.94,2020-04-06 15:48:14.268000,2020-04-06 15:55:12.208000,1.0,false,variability_open,round,world,../data/prolific_output/run3-group_experiment1/qu70-s_qu70-batch46.csv
qu70-s_qu70-batch46.csv,,NOT AVAILABLE,NOT AVAILABLE,ff5b40d9-36ab-4b0c-96cd-b8b200165b5f,PROLIFIC,06-Apr-2020 17:54:53,217,9133,7b86d343-b293-410c-8a30-33af23aad50f,You can find (a/an) world which is round. Round is one of many possible shapes (a/an) world can have. The range of shapes is almost ulimited. ,You can find (a/an) t-shirt which is white. White is one of many possible colors (a/an) t-shirt can have. The range of colors is almost ulimited. ,You can find (a/an) pepper which is white. White is one of many possible colors (a/an) pepper can have. The range of colors is almost ulimited. ,3,1,https://app.prolific.co/submissions/complete?cc=1C969808,63989,3981e5e6-aa56-4814-aabb-33649cf859e1,2020-04-06 17:54:53,,,,2.0,true,variability_open,round,world,../data/prolific_output/run3-group_experiment1/qu70-s_qu70-batch46.csv
qu70-s_qu70-batch46.csv,,NOT AVAILABLE,NOT AVAILABLE,def5c589-9118-419e-932b-0f312d0bec25,PROLIFIC,06-Apr-2020 17:47:41,217,9133,7b86d343-b293-410c-8a30-33af23aad50f,You can find (a/an) world which is round. Round is one of many possible shapes (a/an) world can have. The range of shapes is almost ulimited. ,You can find (a/an) t-shirt which is white. White is one of many possible colors (a/an) t-shirt can have. The range of colors is almost ulimited. ,You can find (a/an) pepper which is white. White is one of many possible colors (a/an) pepper can have. The range of colors is almost ulimited. ,3,1,https://app.prolific.co/submissions/complete?cc=1C969808,63435,0430fbb3-ff37-4a79-96f6-f632dc1ad161,2020-04-06 17:47:41,,,,24.0,false,variability_open,round,world,../data/prolific_output/run3-group_experiment1/qu70-s_qu70-batch46.csv
qu70-s_qu70-batch46.csv,,NOT AVAILABLE,NOT AVAILABLE,b759a9fb-a047-48ec-b0ee-199261b8060c,PROLIFIC,06-Apr-2020 17:51:36,217,9133,7b86d343-b293-410c-8a30-33af23aad50f,You can find (a/an) world which is round. Round is one of many possible shapes (a/an) world can have. The range of shapes is almost ulimited. ,You can find (a/an) t-shirt which is white. White is one of many possible colors (a/an) t-shirt can have. The range of colors is almost ulimited. ,You can find (a/an) pepper which is white. White is one of many possible colors (a/an) pepper can have. The range of colors is almost ulimited. ,3,1,https://app.prolific.co/submissions/complete?cc=1C969808,63811,d7d3b132-7e9d-43e9-b7db-91175728d984,2020-04-06 17:51:36,,,,43.0,false,variability_open,round,world,../data/prolific_output/run3-group_experiment1/qu70-s_qu70-batch46.csv
qu70-s_qu70-batch46.csv,,NOT AVAILABLE,NOT AVAILABLE,ffd3f20d-b154-4bb6-8fa1-7f4ba9967b71,PROLIFIC,06-Apr-2020 17:48:35,217,9134,8ae5353c-54fc-4e9a-95d4-e0a71a226297,"I could say ``(a/an) wagon rolls/is used for rolling"", but I would most certainly not mean it literally.","I could say ``(a/an) idea grows/is used for growing"", but I would most certainly not mean it literally.
I could say ``(a/an) person glows/is used for glowing"", but I would most certainly not mean it literally.
I could say ``(a/an) thought burns/is used for burning"", but I would most certainly not mean it literally.","I could say ``(a/an) plant grows/is used for growing"", but I would most certainly not mean it literally.
I could say ``(a/an) situation smiles/is used for smileing"", but I would most certainly not mean it literally.
I could say ``(a/an) candle burns/is used for burning"", but I would most certainly not mean it literally.",3,1,https://app.prolific.co/submissions/complete?cc=1C969808,63490,9b232728-8b12-4ea9-8c75-8d0210859eea,2020-04-06 17:48:35,418.472,2020-04-06 15:44:42.650000,2020-04-06 15:51:41.122000,4.0,false,creative,roll,wagon,../data/prolific_output/run3-group_experiment1/qu70-s_qu70-batch46.csv
qu70-s_qu70-batch46.csv,,NOT AVAILABLE,NOT AVAILABLE,410085b1-018a-439f-a7e3-0bc5ae4f6451,PROLIFIC,06-Apr-2020 18:00:11,217,9134,8ae5353c-54fc-4e9a-95d4-e0a71a226297,"I could say ``(a/an) wagon rolls/is used for rolling"", but I would most certainly not mean it literally.","I could say ``(a/an) idea grows/is used for growing"", but I would most certainly not mean it literally.
I could say ``(a/an) person glows/is used for glowing"", but I would most certainly not mean it literally.
I could say ``(a/an) thought burns/is used for burning"", but I would most certainly not mean it literally.","I could say ``(a/an) plant grows/is used for growing"", but I would most certainly not mean it literally.
I could say ``(a/an) situation smiles/is used for smileing"", but I would most certainly not mean it literally.
I could say ``(a/an) candle burns/is used for burning"", but I would most certainly not mean it literally.",3,1,https://app.prolific.co/submissions/complete?cc=1C969808,64451,7ec2c720-185a-4e53-aa56-784638e46763,2020-04-06 18:00:11,1054.76,2020-04-06 15:45:45.354000,2020-04-06 16:03:20.114000,10.0,true,creative,roll,wagon,../data/prolific_output/run3-group_experiment1/qu70-s_qu70-batch46.csv
qu70-s_qu70-batch46.csv,,NOT AVAILABLE,NOT AVAILABLE,ad3e5bec-9486-4707-b193-4ab747599819,PROLIFIC,06-Apr-2020 18:21:32,217,9134,8ae5353c-54fc-4e9a-95d4-e0a71a226297,"I could say ``(a/an) wagon rolls/is used for rolling"", but I would most certainly not mean it literally.","I could say ``(a/an) idea grows/is used for growing"", but I would most certainly not mean it literally.
I could say ``(a/an) person glows/is used for glowing"", but I would most certainly not mean it literally.
I could say ``(a/an) thought burns/is used for burning"", but I would most certainly not mean it literally.","I could say ``(a/an) plant grows/is used for growing"", but I would most certainly not mean it literally.
I could say ``(a/an) situation smiles/is used for smileing"", but I would most certainly not mean it literally.
I could say ``(a/an) candle burns/is used for burning"", but I would most certainly not mean it literally.",3,1,https://app.prolific.co/submissions/complete?cc=1C969808,65242,7012dcda-d528-424e-885c-8997441e8340,2020-04-06 18:21:32,2199.534,2020-04-06 15:45:36.925000,2020-04-06 16:22:16.459000,3.0,false,creative,roll,wagon,../data/prolific_output/run3-group_experiment1/qu70-s_qu70-batch46.csv
qu70-s_qu70-batch46.csv,,NOT AVAILABLE,NOT AVAILABLE,8116ec6c-df4c-4563-bfeb-943aaba3b711,PROLIFIC,06-Apr-2020 17:59:56,217,9134,8ae5353c-54fc-4e9a-95d4-e0a71a226297,"I could say ``(a/an) wagon rolls/is used for rolling"", but I would most certainly not mean it literally.","I could say ``(a/an) idea grows/is used for growing"", but I would most certainly not mean it literally.
I could say ``(a/an) person glows/is used for glowing"", but I would most certainly not mean it literally.
I could say ``(a/an) thought burns/is used for burning"", but I would most certainly not mean it literally.","I could say ``(a/an) plant grows/is used for growing"", but I would most certainly not mean it literally.
I could say ``(a/an) situation smiles/is used for smileing"", but I would most certainly not mean it literally.
I could say ``(a/an) candle burns/is used for burning"", but I would most certainly not mean it literally.",3,1,https://app.prolific.co/submissions/complete?cc=1C969808,64428,51684d68-2b7f-4b41-9ff7-4e3c8d724a3c,2020-04-06 17:59:56,1289.294,2020-04-06 15:43:19.729000,2020-04-06 16:04:49.023000,7.0,false,creative,roll,wagon,../data/prolific_output/run3-group_experiment1/qu70-s_qu70-batch46.csv
qu70-s_qu70-batch46.csv,,NOT AVAILABLE,NOT AVAILABLE,1ebdafcc-fce7-41e2-9d93-aac9e254782e,PROLIFIC,06-Apr-2020 17:58:01,217,9134,8ae5353c-54fc-4e9a-95d4-e0a71a226297,"I could say ``(a/an) wagon rolls/is used for rolling"", but I would most certainly not mean it literally.","I could say ``(a/an) idea grows/is used for growing"", but I would most certainly not mean it literally.
I could say ``(a/an) person glows/is used for glowing"", but I would most certainly not mean it literally.
I could say ``(a/an) thought burns/is used for burning"", but I would most certainly not mean it literally.","I could say ``(a/an) plant grows/is used for growing"", but I would most certainly not mean it literally.
I could say ``(a/an) situation smiles/is used for smileing"", but I would most certainly not mean it literally.
I could say ``(a/an) candle burns/is used for burning"", but I would most certainly not mean it literally.",3,1,https://app.prolific.co/submissions/complete?cc=1C969808,64259,03bffd2f-fcd8-4b23-b376-8904c97e6d3e,2020-04-06 17:58:01,1424.083,2020-04-06 15:45:14.573000,2020-04-06 16:08:58.656000,27.0,false,creative,roll,wagon,../data/prolific_output/run3-group_experiment1/qu70-s_qu70-batch46.csv
qu70-s_qu70-batch46.csv,,NOT AVAILABLE,NOT AVAILABLE,995ae989-0025-45e0-aa77-56eb008cb1d6,PROLIFIC,06-Apr-2020 17:50:20,217,9134,8ae5353c-54fc-4e9a-95d4-e0a71a226297,"I could say ``(a/an) wagon rolls/is used for rolling"", but I would most certainly not mean it literally.","I could say ``(a/an) idea grows/is used for growing"", but I would most certainly not mean it literally.
I could say ``(a/an) person glows/is used for glowing"", but I would most certainly not mean it literally.
I could say ``(a/an) thought burns/is used for burning"", but I would most certainly not mean it literally.","I could say ``(a/an) plant grows/is used for growing"", but I would most certainly not mean it literally.
I could say ``(a/an) situation smiles/is used for smileing"", but I would most certainly not mean it literally.
I could say ``(a/an) candle burns/is used for burning"", but I would most certainly not mean it literally.",3,1,https://app.prolific.co/submissions/complete?cc=1C969808,63648,aa03b5b0-850b-41f6-bec5-cd6a91c11135,2020-04-06 17:50:20,185.294,2020-04-06 15:48:33.722000,2020-04-06 15:51:39.016000,1.0,false,creative,roll,wagon,../data/prolific_output/run3-group_experiment1/qu70-s_qu70-batch46.csv
qu70-s_qu70-batch46.csv,,NOT AVAILABLE,NOT AVAILABLE,fa8d1f1f-9017-4726-9b37-34e97e3f4b5f,PROLIFIC,06-Apr-2020 17:51:44,217,9134,8ae5353c-54fc-4e9a-95d4-e0a71a226297,"I could say ``(a/an) wagon rolls/is used for rolling"", but I would most certainly not mean it literally.","I could say ``(a/an) idea grows/is used for growing"", but I would most certainly not mean it literally.
I could say ``(a/an) person glows/is used for glowing"", but I would most certainly not mean it literally.
I could say ``(a/an) thought burns/is used for burning"", but I would most certainly not mean it literally.","I could say ``(a/an) plant grows/is used for growing"", but I would most certainly not mean it literally.
I could say ``(a/an) situation smiles/is used for smileing"", but I would most certainly not mean it literally.
I could say ``(a/an) candle burns/is used for burning"", but I would most certainly not mean it literally.",3,1,https://app.prolific.co/submissions/complete?cc=1C969808,63828,6aeebc77-c868-478c-a5e1-5bb8421f151e,2020-04-06 17:51:44,417.94,2020-04-06 15:48:14.268000,2020-04-06 15:55:12.208000,1.0,true,creative,roll,wagon,../data/prolific_output/run3-group_experiment1/qu70-s_qu70-batch46.csv
qu70-s_qu70-batch46.csv,,NOT AVAILABLE,NOT AVAILABLE,ff5b40d9-36ab-4b0c-96cd-b8b200165b5f,PROLIFIC,06-Apr-2020 17:56:09,217,9134,8ae5353c-54fc-4e9a-95d4-e0a71a226297,"I could say ``(a/an) wagon rolls/is used for rolling"", but I would most certainly not mean it literally.","I could say ``(a/an) idea grows/is used for growing"", but I would most certainly not mean it literally.
I could say ``(a/an) person glows/is used for glowing"", but I would most certainly not mean it literally.
I could say ``(a/an) thought burns/is used for burning"", but I would most certainly not mean it literally.","I could say ``(a/an) plant grows/is used for growing"", but I would most certainly not mean it literally.
I could say ``(a/an) situation smiles/is used for smileing"", but I would most certainly not mean it literally.
I could say ``(a/an) candle burns/is used for burning"", but I would most certainly not mean it literally.",3,1,https://app.prolific.co/submissions/complete?cc=1C969808,64089,cd381ee7-2baa-48d5-bda9-35337d4251f6,2020-04-06 17:56:09,,,,2.0,false,creative,roll,wagon,../data/prolific_output/run3-group_experiment1/qu70-s_qu70-batch46.csv
qu70-s_qu70-batch46.csv,,NOT AVAILABLE,NOT AVAILABLE,def5c589-9118-419e-932b-0f312d0bec25,PROLIFIC,06-Apr-2020 17:54:13,217,9134,8ae5353c-54fc-4e9a-95d4-e0a71a226297,"I could say ``(a/an) wagon rolls/is used for rolling"", but I would most certainly not mean it literally.","I could say ``(a/an) idea grows/is used for growing"", but I would most certainly not mean it literally.
I could say ``(a/an) person glows/is used for glowing"", but I would most certainly not mean it literally.
I could say ``(a/an) thought burns/is used for burning"", but I would most certainly not mean it literally.","I could say ``(a/an) plant grows/is used for growing"", but I would most certainly not mean it literally.
I could say ``(a/an) situation smiles/is used for smileing"", but I would most certainly not mean it literally.
I could say ``(a/an) candle burns/is used for burning"", but I would most certainly not mean it literally.",3,1,https://app.prolific.co/submissions/complete?cc=1C969808,63949,780feea8-3fbd-404b-81c2-0f20b47c68cb,2020-04-06 17:54:13,,,,43.0,false,creative,roll,wagon,../data/prolific_output/run3-group_experiment1/qu70-s_qu70-batch46.csv
qu70-s_qu70-batch46.csv,,NOT AVAILABLE,NOT AVAILABLE,b759a9fb-a047-48ec-b0ee-199261b8060c,PROLIFIC,06-Apr-2020 18:00:10,217,9134,8ae5353c-54fc-4e9a-95d4-e0a71a226297,"I could say ``(a/an) wagon rolls/is used for rolling"", but I would most certainly not mean it literally.","I could say ``(a/an) idea grows/is used for growing"", but I would most certainly not mean it literally.
I could say ``(a/an) person glows/is used for glowing"", but I would most certainly not mean it literally.
I could say ``(a/an) thought burns/is used for burning"", but I would most certainly not mean it literally.","I could say ``(a/an) plant grows/is used for growing"", but I would most certainly not mean it literally.
I could say ``(a/an) situation smiles/is used for smileing"", but I would most certainly not mean it literally.
I could say ``(a/an) candle burns/is used for burning"", but I would most certainly not mean it literally.",3,1,https://app.prolific.co/submissions/complete?cc=1C969808,64450,0547a0b5-6100-4469-991f-7b7b231c4610,2020-04-06 18:00:10,,,,5.0,false,creative,roll,wagon,../data/prolific_output/run3-group_experiment1/qu70-s_qu70-batch46.csv
qu70-s_qu70-batch46.csv,,NOT AVAILABLE,NOT AVAILABLE,ffd3f20d-b154-4bb6-8fa1-7f4ba9967b71,PROLIFIC,06-Apr-2020 17:49:29,217,9135,99692d4c-435b-40b7-ba94-6ac9c7525f1d,You can find (a/an) wagon which can roll/be used for rolling. This distinguishes a certain type of wagon from others. ,You can find (a/an) lamp which can read/be used for reading. This distinguishes a certain type of lamp from others. ,You can find (a/an) coat which can cook/be used for cooking. This distinguishes a certain type of coat from others. ,3,1,https://app.prolific.co/submissions/complete?cc=1C969808,63553,a694089e-aafc-4f7b-8a28-8ba18c424064,2020-04-06 17:49:29,418.472,2020-04-06 15:44:42.650000,2020-04-06 15:51:41.122000,5.0,false,variability_limited,roll,wagon,../data/prolific_output/run3-group_experiment1/qu70-s_qu70-batch46.csv
qu70-s_qu70-batch46.csv,,NOT AVAILABLE,NOT AVAILABLE,410085b1-018a-439f-a7e3-0bc5ae4f6451,PROLIFIC,06-Apr-2020 17:50:28,217,9135,99692d4c-435b-40b7-ba94-6ac9c7525f1d,You can find (a/an) wagon which can roll/be used for rolling. This distinguishes a certain type of wagon from others. ,You can find (a/an) lamp which can read/be used for reading. This distinguishes a certain type of lamp from others. ,You can find (a/an) coat which can cook/be used for cooking. This distinguishes a certain type of coat from others. ,3,1,https://app.prolific.co/submissions/complete?cc=1C969808,63664,58da9d80-b07f-411c-b7ed-47aa02e6ee80,2020-04-06 17:50:28,1054.76,2020-04-06 15:45:45.354000,2020-04-06 16:03:20.114000,38.0,false,variability_limited,roll,wagon,../data/prolific_output/run3-group_experiment1/qu70-s_qu70-batch46.csv
qu70-s_qu70-batch46.csv,,NOT AVAILABLE,NOT AVAILABLE,ad3e5bec-9486-4707-b193-4ab747599819,PROLIFIC,06-Apr-2020 18:09:44,217,9135,99692d4c-435b-40b7-ba94-6ac9c7525f1d,You can find (a/an) wagon which can roll/be used for rolling. This distinguishes a certain type of wagon from others. ,You can find (a/an) lamp which can read/be used for reading. This distinguishes a certain type of lamp from others. ,You can find (a/an) coat which can cook/be used for cooking. This distinguishes a certain type of coat from others. ,3,1,https://app.prolific.co/submissions/complete?cc=1C969808,65080,d630827c-30cc-4899-a0e9-c2203b72c00a,2020-04-06 18:09:44,2199.534,2020-04-06 15:45:36.925000,2020-04-06 16:22:16.459000,14.0,false,variability_limited,roll,wagon,../data/prolific_output/run3-group_experiment1/qu70-s_qu70-batch46.csv
qu70-s_qu70-batch46.csv,,NOT AVAILABLE,NOT AVAILABLE,ad3e5bec-9486-4707-b193-4ab747599819,PROLIFIC,06-Apr-2020 18:16:37,217,9135,99692d4c-435b-40b7-ba94-6ac9c7525f1d,You can find (a/an) wagon which can roll/be used for rolling. This distinguishes a certain type of wagon from others. ,You can find (a/an) lamp which can read/be used for reading. This distinguishes a certain type of lamp from others. ,You can find (a/an) coat which can cook/be used for cooking. This distinguishes a certain type of coat from others. ,3,1,https://app.prolific.co/submissions/complete?cc=1C969808,65171,95ed5571-ea48-41d9-ac03-c2a107fb25a2,2020-04-06 18:16:37,2199.534,2020-04-06 15:45:36.925000,2020-04-06 16:22:16.459000,9.0,false,variability_limited,roll,wagon,../data/prolific_output/run3-group_experiment1/qu70-s_qu70-batch46.csv
qu70-s_qu70-batch46.csv,,NOT AVAILABLE,NOT AVAILABLE,8116ec6c-df4c-4563-bfeb-943aaba3b711,PROLIFIC,06-Apr-2020 17:48:22,217,9135,99692d4c-435b-40b7-ba94-6ac9c7525f1d,You can find (a/an) wagon which can roll/be used for rolling. This distinguishes a certain type of wagon from others. ,You can find (a/an) lamp which can read/be used for reading. This distinguishes a certain type of lamp from others. ,You can find (a/an) coat which can cook/be used for cooking. This distinguishes a certain type of coat from others. ,3,1,https://app.prolific.co/submissions/complete?cc=1C969808,63468,90f24ee1-c939-4201-a5b6-9932527ddb23,2020-04-06 17:48:22,1289.294,2020-04-06 15:43:19.729000,2020-04-06 16:04:49.023000,302.271,false,variability_limited,roll,wagon,../data/prolific_output/run3-group_experiment1/qu70-s_qu70-batch46.csv
qu70-s_qu70-batch46.csv,,NOT AVAILABLE,NOT AVAILABLE,1ebdafcc-fce7-41e2-9d93-aac9e254782e,PROLIFIC,06-Apr-2020 18:07:41,217,9135,99692d4c-435b-40b7-ba94-6ac9c7525f1d,You can find (a/an) wagon which can roll/be used for rolling. This distinguishes a certain type of wagon from others. ,You can find (a/an) lamp which can read/be used for reading. This distinguishes a certain type of lamp from others. ,You can find (a/an) coat which can cook/be used for cooking. This distinguishes a certain type of coat from others. ,3,1,https://app.prolific.co/submissions/complete?cc=1C969808,65039,d8dcc691-4e35-4890-93ef-7b18cd4f46d8,2020-04-06 18:07:41,1424.083,2020-04-06 15:45:14.573000,2020-04-06 16:08:58.656000,5.0,false,variability_limited,roll,wagon,../data/prolific_output/run3-group_experiment1/qu70-s_qu70-batch46.csv
qu70-s_qu70-batch46.csv,,NOT AVAILABLE,NOT AVAILABLE,995ae989-0025-45e0-aa77-56eb008cb1d6,PROLIFIC,06-Apr-2020 17:51:03,217,9135,99692d4c-435b-40b7-ba94-6ac9c7525f1d,You can find (a/an) wagon which can roll/be used for rolling. This distinguishes a certain type of wagon from others. ,You can find (a/an) lamp which can read/be used for reading. This distinguishes a certain type of lamp from others. ,You can find (a/an) coat which can cook/be used for cooking. This distinguishes a certain type of coat from others. ,3,1,https://app.prolific.co/submissions/complete?cc=1C969808,63745,99087407-0649-4f8a-a465-b59c4cf80969,2020-04-06 17:51:03,185.294,2020-04-06 15:48:33.722000,2020-04-06 15:51:39.016000,2.0,false,variability_limited,roll,wagon,../data/prolific_output/run3-group_experiment1/qu70-s_qu70-batch46.csv
qu70-s_qu70-batch46.csv,,NOT AVAILABLE,NOT AVAILABLE,fa8d1f1f-9017-4726-9b37-34e97e3f4b5f,PROLIFIC,06-Apr-2020 17:50:51,217,9135,99692d4c-435b-40b7-ba94-6ac9c7525f1d,You can find (a/an) wagon which can roll/be used for rolling. This distinguishes a certain type of wagon from others. ,You can find (a/an) lamp which can read/be used for reading. This distinguishes a certain type of lamp from others. ,You can find (a/an) coat which can cook/be used for cooking. This distinguishes a certain type of coat from others. ,3,1,https://app.prolific.co/submissions/complete?cc=1C969808,63714,74cf023e-29a4-4945-9a97-f9c4dfd8fa46,2020-04-06 17:50:51,417.94,2020-04-06 15:48:14.268000,2020-04-06 15:55:12.208000,1.0,false,variability_limited,roll,wagon,../data/prolific_output/run3-group_experiment1/qu70-s_qu70-batch46.csv
qu70-s_qu70-batch46.csv,,NOT AVAILABLE,NOT AVAILABLE,ff5b40d9-36ab-4b0c-96cd-b8b200165b5f,PROLIFIC,06-Apr-2020 17:54:32,217,9135,99692d4c-435b-40b7-ba94-6ac9c7525f1d,You can find (a/an) wagon which can roll/be used for rolling. This distinguishes a certain type of wagon from others. ,You can find (a/an) lamp which can read/be used for reading. This distinguishes a certain type of lamp from others. ,You can find (a/an) coat which can cook/be used for cooking. This distinguishes a certain type of coat from others. ,3,1,https://app.prolific.co/submissions/complete?cc=1C969808,63968,ae3345d8-ba55-4628-9851-a2ca80e2fecf,2020-04-06 17:54:32,,,,41.0,true,variability_limited,roll,wagon,../data/prolific_output/run3-group_experiment1/qu70-s_qu70-batch46.csv
qu70-s_qu70-batch46.csv,,NOT AVAILABLE,NOT AVAILABLE,def5c589-9118-419e-932b-0f312d0bec25,PROLIFIC,06-Apr-2020 17:54:24,217,9135,99692d4c-435b-40b7-ba94-6ac9c7525f1d,You can find (a/an) wagon which can roll/be used for rolling. This distinguishes a certain type of wagon from others. ,You can find (a/an) lamp which can read/be used for reading. This distinguishes a certain type of lamp from others. ,You can find (a/an) coat which can cook/be used for cooking. This distinguishes a certain type of coat from others. ,3,1,https://app.prolific.co/submissions/complete?cc=1C969808,63962,406763eb-0371-480d-9fb1-7ee402c2ee3a,2020-04-06 17:54:24,,,,11.0,false,variability_limited,roll,wagon,../data/prolific_output/run3-group_experiment1/qu70-s_qu70-batch46.csv
qu70-s_qu70-batch46.csv,,NOT AVAILABLE,NOT AVAILABLE,b759a9fb-a047-48ec-b0ee-199261b8060c,PROLIFIC,06-Apr-2020 17:56:54,217,9135,99692d4c-435b-40b7-ba94-6ac9c7525f1d,You can find (a/an) wagon which can roll/be used for rolling. This distinguishes a certain type of wagon from others. ,You can find (a/an) lamp which can read/be used for reading. This distinguishes a certain type of lamp from others. ,You can find (a/an) coat which can cook/be used for cooking. This distinguishes a certain type of coat from others. ,3,1,https://app.prolific.co/submissions/complete?cc=1C969808,64168,4d8114a3-a6d6-46a4-835c-84ea9ed4ee17,2020-04-06 17:56:54,,,,14.0,true,variability_limited,roll,wagon,../data/prolific_output/run3-group_experiment1/qu70-s_qu70-batch46.csv
qu70-s_qu70-batch46.csv,,NOT AVAILABLE,NOT AVAILABLE,ffd3f20d-b154-4bb6-8fa1-7f4ba9967b71,PROLIFIC,06-Apr-2020 17:45:55,217,9136,4a6f47b8-5237-42ae-9536-a377d4dfe826,I know that (a/an) wagon can roll/be used for rolling as most or all other things similar to (a/an) wagon roll. ,I know that (a/an) poodle can bark/be used for barking as most or all other things similar to (a/an) poodle bark. ,I know that (a/an) worm can run/be used for runing as most or all other things similar to (a/an) worm run. ,3,1,https://app.prolific.co/submissions/complete?cc=1C969808,63317,15e8ec11-2af6-4d87-a245-b25162113e97,2020-04-06 17:45:55,418.472,2020-04-06 15:44:42.650000,2020-04-06 15:51:41.122000,72.35,true,implied_category,roll,wagon,../data/prolific_output/run3-group_experiment1/qu70-s_qu70-batch46.csv
qu70-s_qu70-batch46.csv,,NOT AVAILABLE,NOT AVAILABLE,410085b1-018a-439f-a7e3-0bc5ae4f6451,PROLIFIC,06-Apr-2020 17:59:29,217,9136,4a6f47b8-5237-42ae-9536-a377d4dfe826,I know that (a/an) wagon can roll/be used for rolling as most or all other things similar to (a/an) wagon roll. ,I know that (a/an) poodle can bark/be used for barking as most or all other things similar to (a/an) poodle bark. ,I know that (a/an) worm can run/be used for runing as most or all other things similar to (a/an) worm run. ,3,1,https://app.prolific.co/submissions/complete?cc=1C969808,64392,d0fef3e8-b8b3-4968-a711-7d98d6bb5897,2020-04-06 17:59:29,1054.76,2020-04-06 15:45:45.354000,2020-04-06 16:03:20.114000,14.0,true,implied_category,roll,wagon,../data/prolific_output/run3-group_experiment1/qu70-s_qu70-batch46.csv
qu70-s_qu70-batch46.csv,,NOT AVAILABLE,NOT AVAILABLE,ad3e5bec-9486-4707-b193-4ab747599819,PROLIFIC,06-Apr-2020 18:12:06,217,9136,4a6f47b8-5237-42ae-9536-a377d4dfe826,I know that (a/an) wagon can roll/be used for rolling as most or all other things similar to (a/an) wagon roll. ,I know that (a/an) poodle can bark/be used for barking as most or all other things similar to (a/an) poodle bark. ,I know that (a/an) worm can run/be used for runing as most or all other things similar to (a/an) worm run. ,3,1,https://app.prolific.co/submissions/complete?cc=1C969808,65113,aad4d520-f974-4dad-9961-23ac6ccbd5dd,2020-04-06 18:12:06,2199.534,2020-04-06 15:45:36.925000,2020-04-06 16:22:16.459000,22.0,true,implied_category,roll,wagon,../data/prolific_output/run3-group_experiment1/qu70-s_qu70-batch46.csv
qu70-s_qu70-batch46.csv,,NOT AVAILABLE,NOT AVAILABLE,ad3e5bec-9486-4707-b193-4ab747599819,PROLIFIC,06-Apr-2020 18:18:30,217,9136,4a6f47b8-5237-42ae-9536-a377d4dfe826,I know that (a/an) wagon can roll/be used for rolling as most or all other things similar to (a/an) wagon roll. ,I know that (a/an) poodle can bark/be used for barking as most or all other things similar to (a/an) poodle bark. ,I know that (a/an) worm can run/be used for runing as most or all other things similar to (a/an) worm run. ,3,1,https://app.prolific.co/submissions/complete?cc=1C969808,65192,ebab1f3a-d75e-420e-9bf5-208483593394,2020-04-06 18:18:30,2199.534,2020-04-06 15:45:36.925000,2020-04-06 16:22:16.459000,4.0,true,implied_category,roll,wagon,../data/prolific_output/run3-group_experiment1/qu70-s_qu70-batch46.csv
qu70-s_qu70-batch46.csv,,NOT AVAILABLE,NOT AVAILABLE,8116ec6c-df4c-4563-bfeb-943aaba3b711,PROLIFIC,06-Apr-2020 18:02:52,217,9136,4a6f47b8-5237-42ae-9536-a377d4dfe826,I know that (a/an) wagon can roll/be used for rolling as most or all other things similar to (a/an) wagon roll. ,I know that (a/an) poodle can bark/be used for barking as most or all other things similar to (a/an) poodle bark. ,I know that (a/an) worm can run/be used for runing as most or all other things similar to (a/an) worm run. ,3,1,https://app.prolific.co/submissions/complete?cc=1C969808,64718,9cc01936-78ac-4249-94ff-9ae29acc39f8,2020-04-06 18:02:52,1289.294,2020-04-06 15:43:19.729000,2020-04-06 16:04:49.023000,9.0,true,implied_category,roll,wagon,../data/prolific_output/run3-group_experiment1/qu70-s_qu70-batch46.csv
qu70-s_qu70-batch46.csv,,NOT AVAILABLE,NOT AVAILABLE,1ebdafcc-fce7-41e2-9d93-aac9e254782e,PROLIFIC,06-Apr-2020 17:55:26,217,9136,4a6f47b8-5237-42ae-9536-a377d4dfe826,I know that (a/an) wagon can roll/be used for rolling as most or all other things similar to (a/an) wagon roll. ,I know that (a/an) poodle can bark/be used for barking as most or all other things similar to (a/an) poodle bark. ,I know that (a/an) worm can run/be used for runing as most or all other things similar to (a/an) worm run. ,3,1,https://app.prolific.co/submissions/complete?cc=1C969808,64036,92965791-eada-49af-a8ae-5cb0e5a4dba6,2020-04-06 17:55:26,1424.083,2020-04-06 15:45:14.573000,2020-04-06 16:08:58.656000,22.0,true,implied_category,roll,wagon,../data/prolific_output/run3-group_experiment1/qu70-s_qu70-batch46.csv
qu70-s_qu70-batch46.csv,,NOT AVAILABLE,NOT AVAILABLE,995ae989-0025-45e0-aa77-56eb008cb1d6,PROLIFIC,06-Apr-2020 17:50:26,217,9136,4a6f47b8-5237-42ae-9536-a377d4dfe826,I know that (a/an) wagon can roll/be used for rolling as most or all other things similar to (a/an) wagon roll. ,I know that (a/an) poodle can bark/be used for barking as most or all other things similar to (a/an) poodle bark. ,I know that (a/an) worm can run/be used for runing as most or all other things similar to (a/an) worm run. ,3,1,https://app.prolific.co/submissions/complete?cc=1C969808,63661,66b2d283-357b-4675-ba31-e88c387ed521,2020-04-06 17:50:26,185.294,2020-04-06 15:48:33.722000,2020-04-06 15:51:39.016000,1.0,false,implied_category,roll,wagon,../data/prolific_output/run3-group_experiment1/qu70-s_qu70-batch46.csv
qu70-s_qu70-batch46.csv,,NOT AVAILABLE,NOT AVAILABLE,fa8d1f1f-9017-4726-9b37-34e97e3f4b5f,PROLIFIC,06-Apr-2020 17:52:20,217,9136,4a6f47b8-5237-42ae-9536-a377d4dfe826,I know that (a/an) wagon can roll/be used for rolling as most or all other things similar to (a/an) wagon roll. ,I know that (a/an) poodle can bark/be used for barking as most or all other things similar to (a/an) poodle bark. ,I know that (a/an) worm can run/be used for runing as most or all other things similar to (a/an) worm run. ,3,1,https://app.prolific.co/submissions/complete?cc=1C969808,63875,21bc950f-dc50-4bf8-bd06-8dd19dde9213,2020-04-06 17:52:20,417.94,2020-04-06 15:48:14.268000,2020-04-06 15:55:12.208000,2.0,true,implied_category,roll,wagon,../data/prolific_output/run3-group_experiment1/qu70-s_qu70-batch46.csv
qu70-s_qu70-batch46.csv,,NOT AVAILABLE,NOT AVAILABLE,ff5b40d9-36ab-4b0c-96cd-b8b200165b5f,PROLIFIC,06-Apr-2020 17:56:07,217,9136,4a6f47b8-5237-42ae-9536-a377d4dfe826,I know that (a/an) wagon can roll/be used for rolling as most or all other things similar to (a/an) wagon roll. ,I know that (a/an) poodle can bark/be used for barking as most or all other things similar to (a/an) poodle bark. ,I know that (a/an) worm can run/be used for runing as most or all other things similar to (a/an) worm run. ,3,1,https://app.prolific.co/submissions/complete?cc=1C969808,64085,68cd6bad-23ac-4023-af28-01c54fb1430a,2020-04-06 17:56:07,,,,1.0,true,implied_category,roll,wagon,../data/prolific_output/run3-group_experiment1/qu70-s_qu70-batch46.csv
qu70-s_qu70-batch46.csv,,NOT AVAILABLE,NOT AVAILABLE,def5c589-9118-419e-932b-0f312d0bec25,PROLIFIC,06-Apr-2020 17:57:30,217,9136,4a6f47b8-5237-42ae-9536-a377d4dfe826,I know that (a/an) wagon can roll/be used for rolling as most or all other things similar to (a/an) wagon roll. ,I know that (a/an) poodle can bark/be used for barking as most or all other things similar to (a/an) poodle bark. ,I know that (a/an) worm can run/be used for runing as most or all other things similar to (a/an) worm run. ,3,1,https://app.prolific.co/submissions/complete?cc=1C969808,64217,6e8a966b-846a-47cd-8d43-c408f3f10a7e,2020-04-06 17:57:30,,,,5.0,true,implied_category,roll,wagon,../data/prolific_output/run3-group_experiment1/qu70-s_qu70-batch46.csv
qu70-s_qu70-batch46.csv,,NOT AVAILABLE,NOT AVAILABLE,b759a9fb-a047-48ec-b0ee-199261b8060c,PROLIFIC,06-Apr-2020 17:57:10,217,9136,4a6f47b8-5237-42ae-9536-a377d4dfe826,I know that (a/an) wagon can roll/be used for rolling as most or all other things similar to (a/an) wagon roll. ,I know that (a/an) poodle can bark/be used for barking as most or all other things similar to (a/an) poodle bark. ,I know that (a/an) worm can run/be used for runing as most or all other things similar to (a/an) worm run. ,3,1,https://app.prolific.co/submissions/complete?cc=1C969808,64190,da677e63-2efd-422c-bcac-606eb571c920,2020-04-06 17:57:10,,,,8.0,true,implied_category,roll,wagon,../data/prolific_output/run3-group_experiment1/qu70-s_qu70-batch46.csv
qu70-s_qu70-batch46.csv,,NOT AVAILABLE,NOT AVAILABLE,ffd3f20d-b154-4bb6-8fa1-7f4ba9967b71,PROLIFIC,06-Apr-2020 17:50:15,217,9137,fe2ba2c0-eb01-446a-9307-200b26444918,I think it is impossible for (a/an) wagon to roll/be used for rolling.,I think it is impossible for (a/an) fish to speak/be used for speaking.,I think it is impossible for (a/an) metal to melt/be used for melting.,3,1,https://app.prolific.co/submissions/complete?cc=1C969808,63637,aebd09d6-9bb3-494e-8ce2-b24e230832a8,2020-04-06 17:50:15,418.472,2020-04-06 15:44:42.650000,2020-04-06 15:51:41.122000,3.0,false,impossible,roll,wagon,../data/prolific_output/run3-group_experiment1/qu70-s_qu70-batch46.csv
qu70-s_qu70-batch46.csv,,NOT AVAILABLE,NOT AVAILABLE,410085b1-018a-439f-a7e3-0bc5ae4f6451,PROLIFIC,06-Apr-2020 17:55:24,217,9137,fe2ba2c0-eb01-446a-9307-200b26444918,I think it is impossible for (a/an) wagon to roll/be used for rolling.,I think it is impossible for (a/an) fish to speak/be used for speaking.,I think it is impossible for (a/an) metal to melt/be used for melting.,3,1,https://app.prolific.co/submissions/complete?cc=1C969808,64032,d7dde63a-15eb-4fca-9043-04a4b94d0c0e,2020-04-06 17:55:24,1054.76,2020-04-06 15:45:45.354000,2020-04-06 16:03:20.114000,7.0,false,impossible,roll,wagon,../data/prolific_output/run3-group_experiment1/qu70-s_qu70-batch46.csv
qu70-s_qu70-batch46.csv,,NOT AVAILABLE,NOT AVAILABLE,ad3e5bec-9486-4707-b193-4ab747599819,PROLIFIC,06-Apr-2020 18:11:31,217,9137,fe2ba2c0-eb01-446a-9307-200b26444918,I think it is impossible for (a/an) wagon to roll/be used for rolling.,I think it is impossible for (a/an) fish to speak/be used for speaking.,I think it is impossible for (a/an) metal to melt/be used for melting.,3,1,https://app.prolific.co/submissions/complete?cc=1C969808,65105,ec3ae161-5ae6-45d7-b9bc-72b224564885,2020-04-06 18:11:31,2199.534,2020-04-06 15:45:36.925000,2020-04-06 16:22:16.459000,5.0,false,impossible,roll,wagon,../data/prolific_output/run3-group_experiment1/qu70-s_qu70-batch46.csv
qu70-s_qu70-batch46.csv,,NOT AVAILABLE,NOT AVAILABLE,ad3e5bec-9486-4707-b193-4ab747599819,PROLIFIC,06-Apr-2020 18:14:45,217,9137,fe2ba2c0-eb01-446a-9307-200b26444918,I think it is impossible for (a/an) wagon to roll/be used for rolling.,I think it is impossible for (a/an) fish to speak/be used for speaking.,I think it is impossible for (a/an) metal to melt/be used for melting.,3,1,https://app.prolific.co/submissions/complete?cc=1C969808,65143,102a6989-582a-46f7-9bae-3adc6efb0f97,2020-04-06 18:14:45,2199.534,2020-04-06 15:45:36.925000,2020-04-06 16:22:16.459000,29.0,true,impossible,roll,wagon,../data/prolific_output/run3-group_experiment1/qu70-s_qu70-batch46.csv
qu70-s_qu70-batch46.csv,,NOT AVAILABLE,NOT AVAILABLE,8116ec6c-df4c-4563-bfeb-943aaba3b711,PROLIFIC,06-Apr-2020 18:00:20,217,9137,fe2ba2c0-eb01-446a-9307-200b26444918,I think it is impossible for (a/an) wagon to roll/be used for rolling.,I think it is impossible for (a/an) fish to speak/be used for speaking.,I think it is impossible for (a/an) metal to melt/be used for melting.,3,1,https://app.prolific.co/submissions/complete?cc=1C969808,64468,9087e99c-0a05-43ba-8f48-e601e0a41324,2020-04-06 18:00:20,1289.294,2020-04-06 15:43:19.729000,2020-04-06 16:04:49.023000,12.0,false,impossible,roll,wagon,../data/prolific_output/run3-group_experiment1/qu70-s_qu70-batch46.csv
qu70-s_qu70-batch46.csv,,NOT AVAILABLE,NOT AVAILABLE,1ebdafcc-fce7-41e2-9d93-aac9e254782e,PROLIFIC,06-Apr-2020 17:53:52,217,9137,fe2ba2c0-eb01-446a-9307-200b26444918,I think it is impossible for (a/an) wagon to roll/be used for rolling.,I think it is impossible for (a/an) fish to speak/be used for speaking.,I think it is impossible for (a/an) metal to melt/be used for melting.,3,1,https://app.prolific.co/submissions/complete?cc=1C969808,63937,28ed021c-ee51-433c-8738-8d19ca631ed8,2020-04-06 17:53:52,1424.083,2020-04-06 15:45:14.573000,2020-04-06 16:08:58.656000,42.0,false,impossible,roll,wagon,../data/prolific_output/run3-group_experiment1/qu70-s_qu70-batch46.csv
qu70-s_qu70-batch46.csv,,NOT AVAILABLE,NOT AVAILABLE,995ae989-0025-45e0-aa77-56eb008cb1d6,PROLIFIC,06-Apr-2020 17:50:29,217,9137,fe2ba2c0-eb01-446a-9307-200b26444918,I think it is impossible for (a/an) wagon to roll/be used for rolling.,I think it is impossible for (a/an) fish to speak/be used for speaking.,I think it is impossible for (a/an) metal to melt/be used for melting.,3,1,https://app.prolific.co/submissions/complete?cc=1C969808,63666,e8e8a1e7-c46c-4da4-8cd8-b54bd51c3618,2020-04-06 17:50:29,185.294,2020-04-06 15:48:33.722000,2020-04-06 15:51:39.016000,2.0,false,impossible,roll,wagon,../data/prolific_output/run3-group_experiment1/qu70-s_qu70-batch46.csv
qu70-s_qu70-batch46.csv,,NOT AVAILABLE,NOT AVAILABLE,fa8d1f1f-9017-4726-9b37-34e97e3f4b5f,PROLIFIC,06-Apr-2020 17:52:16,217,9137,fe2ba2c0-eb01-446a-9307-200b26444918,I think it is impossible for (a/an) wagon to roll/be used for rolling.,I think it is impossible for (a/an) fish to speak/be used for speaking.,I think it is impossible for (a/an) metal to melt/be used for melting.,3,1,https://app.prolific.co/submissions/complete?cc=1C969808,63870,4ec80ac7-ccda-4ad9-9ed4-f275e94df325,2020-04-06 17:52:16,417.94,2020-04-06 15:48:14.268000,2020-04-06 15:55:12.208000,1.0,false,impossible,roll,wagon,../data/prolific_output/run3-group_experiment1/qu70-s_qu70-batch46.csv
qu70-s_qu70-batch46.csv,,NOT AVAILABLE,NOT AVAILABLE,ff5b40d9-36ab-4b0c-96cd-b8b200165b5f,PROLIFIC,06-Apr-2020 17:56:32,217,9137,fe2ba2c0-eb01-446a-9307-200b26444918,I think it is impossible for (a/an) wagon to roll/be used for rolling.,I think it is impossible for (a/an) fish to speak/be used for speaking.,I think it is impossible for (a/an) metal to melt/be used for melting.,3,1,https://app.prolific.co/submissions/complete?cc=1C969808,64133,2b706fe1-7929-4d37-a9c3-cbee534584e8,2020-04-06 17:56:32,,,,1.0,true,impossible,roll,wagon,../data/prolific_output/run3-group_experiment1/qu70-s_qu70-batch46.csv
qu70-s_qu70-batch46.csv,,NOT AVAILABLE,NOT AVAILABLE,def5c589-9118-419e-932b-0f312d0bec25,PROLIFIC,06-Apr-2020 17:52:13,217,9137,fe2ba2c0-eb01-446a-9307-200b26444918,I think it is impossible for (a/an) wagon to roll/be used for rolling.,I think it is impossible for (a/an) fish to speak/be used for speaking.,I think it is impossible for (a/an) metal to melt/be used for melting.,3,1,https://app.prolific.co/submissions/complete?cc=1C969808,63866,22e1cf74-7d22-4479-afda-85723abde4ec,2020-04-06 17:52:13,,,,9.0,true,impossible,roll,wagon,../data/prolific_output/run3-group_experiment1/qu70-s_qu70-batch46.csv
qu70-s_qu70-batch46.csv,,NOT AVAILABLE,NOT AVAILABLE,b759a9fb-a047-48ec-b0ee-199261b8060c,PROLIFIC,06-Apr-2020 18:00:53,217,9137,fe2ba2c0-eb01-446a-9307-200b26444918,I think it is impossible for (a/an) wagon to roll/be used for rolling.,I think it is impossible for (a/an) fish to speak/be used for speaking.,I think it is impossible for (a/an) metal to melt/be used for melting.,3,1,https://app.prolific.co/submissions/complete?cc=1C969808,64524,4ba38d37-5490-4155-90d5-d3f1ab2b7d2d,2020-04-06 18:00:53,,,,5.0,false,impossible,roll,wagon,../data/prolific_output/run3-group_experiment1/qu70-s_qu70-batch46.csv
qu70-s_qu70-batch46.csv,,NOT AVAILABLE,NOT AVAILABLE,ffd3f20d-b154-4bb6-8fa1-7f4ba9967b71,PROLIFIC,06-Apr-2020 17:48:57,217,9138,8e5899b0-caa6-4e9f-a8ed-b5c444b42656,I know that all or most wagon(s) roll regularly or are used for rolling regularly. ,I know that all or most candle(s) burn regularly or are used for burning regularly. ,I know that all or most person(s) crawl regularly or are used for crawling regularly. ,3,1,https://app.prolific.co/submissions/complete?cc=1C969808,63522,94e5f591-1ee8-42a8-94ed-836f541c2757,2020-04-06 17:48:57,418.472,2020-04-06 15:44:42.650000,2020-04-06 15:51:41.122000,4.0,true,afforded_usual,roll,wagon,../data/prolific_output/run3-group_experiment1/qu70-s_qu70-batch46.csv
qu70-s_qu70-batch46.csv,,NOT AVAILABLE,NOT AVAILABLE,410085b1-018a-439f-a7e3-0bc5ae4f6451,PROLIFIC,06-Apr-2020 17:53:30,217,9138,8e5899b0-caa6-4e9f-a8ed-b5c444b42656,I know that all or most wagon(s) roll regularly or are used for rolling regularly. ,I know that all or most candle(s) burn regularly or are used for burning regularly. ,I know that all or most person(s) crawl regularly or are used for crawling regularly. ,3,1,https://app.prolific.co/submissions/complete?cc=1C969808,63924,d78c9586-c7e5-4ce8-a25a-301f69ebb1b1,2020-04-06 17:53:30,1054.76,2020-04-06 15:45:45.354000,2020-04-06 16:03:20.114000,13.0,true,afforded_usual,roll,wagon,../data/prolific_output/run3-group_experiment1/qu70-s_qu70-batch46.csv
qu70-s_qu70-batch46.csv,,NOT AVAILABLE,NOT AVAILABLE,ad3e5bec-9486-4707-b193-4ab747599819,PROLIFIC,06-Apr-2020 17:57:19,217,9138,8e5899b0-caa6-4e9f-a8ed-b5c444b42656,I know that all or most wagon(s) roll regularly or are used for rolling regularly. ,I know that all or most candle(s) burn regularly or are used for burning regularly. ,I know that all or most person(s) crawl regularly or are used for crawling regularly. ,3,1,https://app.prolific.co/submissions/complete?cc=1C969808,64202,f70797ef-7ef7-4856-98ff-7dd901565f4a,2020-04-06 17:57:19,2199.534,2020-04-06 15:45:36.925000,2020-04-06 16:22:16.459000,31.0,false,afforded_usual,roll,wagon,../data/prolific_output/run3-group_experiment1/qu70-s_qu70-batch46.csv
qu70-s_qu70-batch46.csv,,NOT AVAILABLE,NOT AVAILABLE,ad3e5bec-9486-4707-b193-4ab747599819,PROLIFIC,06-Apr-2020 18:17:43,217,9138,8e5899b0-caa6-4e9f-a8ed-b5c444b42656,I know that all or most wagon(s) roll regularly or are used for rolling regularly. ,I know that all or most candle(s) burn regularly or are used for burning regularly. ,I know that all or most person(s) crawl regularly or are used for crawling regularly. ,3,1,https://app.prolific.co/submissions/complete?cc=1C969808,65184,c888ce52-6660-4c19-b6f1-351311bc6f0c,2020-04-06 18:17:43,2199.534,2020-04-06 15:45:36.925000,2020-04-06 16:22:16.459000,7.0,true,afforded_usual,roll,wagon,../data/prolific_output/run3-group_experiment1/qu70-s_qu70-batch46.csv
qu70-s_qu70-batch46.csv,,NOT AVAILABLE,NOT AVAILABLE,8116ec6c-df4c-4563-bfeb-943aaba3b711,PROLIFIC,06-Apr-2020 17:58:57,217,9138,8e5899b0-caa6-4e9f-a8ed-b5c444b42656,I know that all or most wagon(s) roll regularly or are used for rolling regularly. ,I know that all or most candle(s) burn regularly or are used for burning regularly. ,I know that all or most person(s) crawl regularly or are used for crawling regularly. ,3,1,https://app.prolific.co/submissions/complete?cc=1C969808,64340,26eec7d9-64ae-405b-9d8e-bc3bb0547070,2020-04-06 17:58:57,1289.294,2020-04-06 15:43:19.729000,2020-04-06 16:04:49.023000,8.0,true,afforded_usual,roll,wagon,../data/prolific_output/run3-group_experiment1/qu70-s_qu70-batch46.csv
qu70-s_qu70-batch46.csv,,NOT AVAILABLE,NOT AVAILABLE,1ebdafcc-fce7-41e2-9d93-aac9e254782e,PROLIFIC,06-Apr-2020 18:08:37,217,9138,8e5899b0-caa6-4e9f-a8ed-b5c444b42656,I know that all or most wagon(s) roll regularly or are used for rolling regularly. ,I know that all or most candle(s) burn regularly or are used for burning regularly. ,I know that all or most person(s) crawl regularly or are used for crawling regularly. ,3,1,https://app.prolific.co/submissions/complete?cc=1C969808,65058,cefcd68e-c011-46ec-a64a-33274b90cd0b,2020-04-06 18:08:37,1424.083,2020-04-06 15:45:14.573000,2020-04-06 16:08:58.656000,15.0,true,afforded_usual,roll,wagon,../data/prolific_output/run3-group_experiment1/qu70-s_qu70-batch46.csv
qu70-s_qu70-batch46.csv,,NOT AVAILABLE,NOT AVAILABLE,995ae989-0025-45e0-aa77-56eb008cb1d6,PROLIFIC,06-Apr-2020 17:50:51,217,9138,8e5899b0-caa6-4e9f-a8ed-b5c444b42656,I know that all or most wagon(s) roll regularly or are used for rolling regularly. ,I know that all or most candle(s) burn regularly or are used for burning regularly. ,I know that all or most person(s) crawl regularly or are used for crawling regularly. ,3,1,https://app.prolific.co/submissions/complete?cc=1C969808,63712,a8337c80-b2ca-421e-bb50-302c79532ec5,2020-04-06 17:50:51,185.294,2020-04-06 15:48:33.722000,2020-04-06 15:51:39.016000,2.0,false,afforded_usual,roll,wagon,../data/prolific_output/run3-group_experiment1/qu70-s_qu70-batch46.csv
qu70-s_qu70-batch46.csv,,NOT AVAILABLE,NOT AVAILABLE,fa8d1f1f-9017-4726-9b37-34e97e3f4b5f,PROLIFIC,06-Apr-2020 17:50:55,217,9138,8e5899b0-caa6-4e9f-a8ed-b5c444b42656,I know that all or most wagon(s) roll regularly or are used for rolling regularly. ,I know that all or most candle(s) burn regularly or are used for burning regularly. ,I know that all or most person(s) crawl regularly or are used for crawling regularly. ,3,1,https://app.prolific.co/submissions/complete?cc=1C969808,63722,3cb01cbd-6c32-4760-8313-17d0fada48b0,2020-04-06 17:50:55,417.94,2020-04-06 15:48:14.268000,2020-04-06 15:55:12.208000,1.0,false,afforded_usual,roll,wagon,../data/prolific_output/run3-group_experiment1/qu70-s_qu70-batch46.csv
qu70-s_qu70-batch46.csv,,NOT AVAILABLE,NOT AVAILABLE,ff5b40d9-36ab-4b0c-96cd-b8b200165b5f,PROLIFIC,06-Apr-2020 17:55:28,217,9138,8e5899b0-caa6-4e9f-a8ed-b5c444b42656,I know that all or most wagon(s) roll regularly or are used for rolling regularly. ,I know that all or most candle(s) burn regularly or are used for burning regularly. ,I know that all or most person(s) crawl regularly or are used for crawling regularly. ,3,1,https://app.prolific.co/submissions/complete?cc=1C969808,64042,3f3e6e21-613d-472f-9abe-154b46f2524d,2020-04-06 17:55:28,,,,1.0,false,afforded_usual,roll,wagon,../data/prolific_output/run3-group_experiment1/qu70-s_qu70-batch46.csv
qu70-s_qu70-batch46.csv,,NOT AVAILABLE,NOT AVAILABLE,def5c589-9118-419e-932b-0f312d0bec25,PROLIFIC,06-Apr-2020 17:55:44,217,9138,8e5899b0-caa6-4e9f-a8ed-b5c444b42656,I know that all or most wagon(s) roll regularly or are used for rolling regularly. ,I know that all or most candle(s) burn regularly or are used for burning regularly. ,I know that all or most person(s) crawl regularly or are used for crawling regularly. ,3,1,https://app.prolific.co/submissions/complete?cc=1C969808,64056,c6faf151-464c-4117-8a94-88c5aa9781fc,2020-04-06 17:55:44,,,,8.0,true,afforded_usual,roll,wagon,../data/prolific_output/run3-group_experiment1/qu70-s_qu70-batch46.csv
qu70-s_qu70-batch46.csv,,NOT AVAILABLE,NOT AVAILABLE,b759a9fb-a047-48ec-b0ee-199261b8060c,PROLIFIC,06-Apr-2020 17:56:29,217,9138,8e5899b0-caa6-4e9f-a8ed-b5c444b42656,I know that all or most wagon(s) roll regularly or are used for rolling regularly. ,I know that all or most candle(s) burn regularly or are used for burning regularly. ,I know that all or most person(s) crawl regularly or are used for crawling regularly. ,3,1,https://app.prolific.co/submissions/complete?cc=1C969808,64126,c98d718b-0400-48c4-8bf9-f8cf79cf7df0,2020-04-06 17:56:29,,,,7.0,true,afforded_usual,roll,wagon,../data/prolific_output/run3-group_experiment1/qu70-s_qu70-batch46.csv
qu70-s_qu70-batch46.csv,,NOT AVAILABLE,NOT AVAILABLE,ffd3f20d-b154-4bb6-8fa1-7f4ba9967b71,PROLIFIC,06-Apr-2020 17:50:21,217,9139,b917cfc6-f931-457e-b1aa-17ebb7f75fb5,``Wagon'' is one of the first things which come to mind when I hear ``roll''. ,``Knife'' is one of the first things which come to mind when I hear ``cut''. ,``Cat'' is one of the first things which come to mind when I hear ``kill''. ,3,1,https://app.prolific.co/submissions/complete?cc=1C969808,63652,bffdde86-c996-4296-addb-1b4dac59e149,2020-04-06 17:50:21,418.472,2020-04-06 15:44:42.650000,2020-04-06 15:51:41.122000,3.0,false,typical_of_property,roll,wagon,../data/prolific_output/run3-group_experiment1/qu70-s_qu70-batch46.csv
qu70-s_qu70-batch46.csv,,NOT AVAILABLE,NOT AVAILABLE,410085b1-018a-439f-a7e3-0bc5ae4f6451,PROLIFIC,06-Apr-2020 18:03:02,217,9139,b917cfc6-f931-457e-b1aa-17ebb7f75fb5,``Wagon'' is one of the first things which come to mind when I hear ``roll''. ,``Knife'' is one of the first things which come to mind when I hear ``cut''. ,``Cat'' is one of the first things which come to mind when I hear ``kill''. ,3,1,https://app.prolific.co/submissions/complete?cc=1C969808,64737,24986164-f303-4b73-be85-2bde140d2906,2020-04-06 18:03:02,1054.76,2020-04-06 15:45:45.354000,2020-04-06 16:03:20.114000,6.0,false,typical_of_property,roll,wagon,../data/prolific_output/run3-group_experiment1/qu70-s_qu70-batch46.csv
qu70-s_qu70-batch46.csv,,NOT AVAILABLE,NOT AVAILABLE,ad3e5bec-9486-4707-b193-4ab747599819,PROLIFIC,06-Apr-2020 18:18:49,217,9139,b917cfc6-f931-457e-b1aa-17ebb7f75fb5,``Wagon'' is one of the first things which come to mind when I hear ``roll''. ,``Knife'' is one of the first things which come to mind when I hear ``cut''. ,``Cat'' is one of the first things which come to mind when I hear ``kill''. ,3,1,https://app.prolific.co/submissions/complete?cc=1C969808,65197,1193aa95-55ff-4dc3-95f4-82e49048c080,2020-04-06 18:18:49,2199.534,2020-04-06 15:45:36.925000,2020-04-06 16:22:16.459000,6.0,false,typical_of_property,roll,wagon,../data/prolific_output/run3-group_experiment1/qu70-s_qu70-batch46.csv
qu70-s_qu70-batch46.csv,,NOT AVAILABLE,NOT AVAILABLE,8116ec6c-df4c-4563-bfeb-943aaba3b711,PROLIFIC,06-Apr-2020 17:58:40,217,9139,b917cfc6-f931-457e-b1aa-17ebb7f75fb5,``Wagon'' is one of the first things which come to mind when I hear ``roll''. ,``Knife'' is one of the first things which come to mind when I hear ``cut''. ,``Cat'' is one of the first things which come to mind when I hear ``kill''. ,3,1,https://app.prolific.co/submissions/complete?cc=1C969808,64320,d69c4795-0f7e-4439-a120-f458b4f1f1ca,2020-04-06 17:58:40,1289.294,2020-04-06 15:43:19.729000,2020-04-06 16:04:49.023000,13.0,true,typical_of_property,roll,wagon,../data/prolific_output/run3-group_experiment1/qu70-s_qu70-batch46.csv
qu70-s_qu70-batch46.csv,,NOT AVAILABLE,NOT AVAILABLE,1ebdafcc-fce7-41e2-9d93-aac9e254782e,PROLIFIC,06-Apr-2020 18:02:21,217,9139,b917cfc6-f931-457e-b1aa-17ebb7f75fb5,``Wagon'' is one of the first things which come to mind when I hear ``roll''. ,``Knife'' is one of the first things which come to mind when I hear ``cut''. ,``Cat'' is one of the first things which come to mind when I hear ``kill''. ,3,1,https://app.prolific.co/submissions/complete?cc=1C969808,64664,02e49af6-5c45-4d7d-9d3a-23e4d92200fb,2020-04-06 18:02:21,1424.083,2020-04-06 15:45:14.573000,2020-04-06 16:08:58.656000,5.0,false,typical_of_property,roll,wagon,../data/prolific_output/run3-group_experiment1/qu70-s_qu70-batch46.csv
qu70-s_qu70-batch46.csv,,NOT AVAILABLE,NOT AVAILABLE,995ae989-0025-45e0-aa77-56eb008cb1d6,PROLIFIC,06-Apr-2020 17:50:36,217,9139,b917cfc6-f931-457e-b1aa-17ebb7f75fb5,``Wagon'' is one of the first things which come to mind when I hear ``roll''. ,``Knife'' is one of the first things which come to mind when I hear ``cut''. ,``Cat'' is one of the first things which come to mind when I hear ``kill''. ,3,1,https://app.prolific.co/submissions/complete?cc=1C969808,63677,2fda9558-bcd7-4b78-b071-37baf02f8014,2020-04-06 17:50:36,185.294,2020-04-06 15:48:33.722000,2020-04-06 15:51:39.016000,2.0,false,typical_of_property,roll,wagon,../data/prolific_output/run3-group_experiment1/qu70-s_qu70-batch46.csv
qu70-s_qu70-batch46.csv,,NOT AVAILABLE,NOT AVAILABLE,fa8d1f1f-9017-4726-9b37-34e97e3f4b5f,PROLIFIC,06-Apr-2020 17:52:08,217,9139,b917cfc6-f931-457e-b1aa-17ebb7f75fb5,``Wagon'' is one of the first things which come to mind when I hear ``roll''. ,``Knife'' is one of the first things which come to mind when I hear ``cut''. ,``Cat'' is one of the first things which come to mind when I hear ``kill''. ,3,1,https://app.prolific.co/submissions/complete?cc=1C969808,63856,7ae90236-8967-4852-8ab4-ae403e611696,2020-04-06 17:52:08,417.94,2020-04-06 15:48:14.268000,2020-04-06 15:55:12.208000,1.0,true,typical_of_property,roll,wagon,../data/prolific_output/run3-group_experiment1/qu70-s_qu70-batch46.csv
qu70-s_qu70-batch46.csv,,NOT AVAILABLE,NOT AVAILABLE,ff5b40d9-36ab-4b0c-96cd-b8b200165b5f,PROLIFIC,06-Apr-2020 17:55:26,217,9139,b917cfc6-f931-457e-b1aa-17ebb7f75fb5,``Wagon'' is one of the first things which come to mind when I hear ``roll''. ,``Knife'' is one of the first things which come to mind when I hear ``cut''. ,``Cat'' is one of the first things which come to mind when I hear ``kill''. ,3,1,https://app.prolific.co/submissions/complete?cc=1C969808,64035,855b71f3-17b4-46f4-85d4-9f88052916cb,2020-04-06 17:55:26,,,,2.0,false,typical_of_property,roll,wagon,../data/prolific_output/run3-group_experiment1/qu70-s_qu70-batch46.csv
qu70-s_qu70-batch46.csv,,NOT AVAILABLE,NOT AVAILABLE,def5c589-9118-419e-932b-0f312d0bec25,PROLIFIC,06-Apr-2020 17:50:44,217,9139,b917cfc6-f931-457e-b1aa-17ebb7f75fb5,``Wagon'' is one of the first things which come to mind when I hear ``roll''. ,``Knife'' is one of the first things which come to mind when I hear ``cut''. ,``Cat'' is one of the first things which come to mind when I hear ``kill''. ,3,1,https://app.prolific.co/submissions/complete?cc=1C969808,63697,632197be-f533-4050-b877-a6f1807ce200,2020-04-06 17:50:44,,,,5.0,false,typical_of_property,roll,wagon,../data/prolific_output/run3-group_experiment1/qu70-s_qu70-batch46.csv
qu70-s_qu70-batch46.csv,,NOT AVAILABLE,NOT AVAILABLE,b759a9fb-a047-48ec-b0ee-199261b8060c,PROLIFIC,06-Apr-2020 18:02:25,217,9139,b917cfc6-f931-457e-b1aa-17ebb7f75fb5,``Wagon'' is one of the first things which come to mind when I hear ``roll''. ,``Knife'' is one of the first things which come to mind when I hear ``cut''. ,``Cat'' is one of the first things which come to mind when I hear ``kill''. ,3,1,https://app.prolific.co/submissions/complete?cc=1C969808,64669,cf238c9a-6309-4f5c-95d7-c446495a5555,2020-04-06 18:02:25,,,,8.0,true,typical_of_property,roll,wagon,../data/prolific_output/run3-group_experiment1/qu70-s_qu70-batch46.csv
qu70-s_qu70-batch46.csv,,NOT AVAILABLE,NOT AVAILABLE,ffd3f20d-b154-4bb6-8fa1-7f4ba9967b71,PROLIFIC,06-Apr-2020 17:50:59,217,9140,be4d8532-651d-11ea-824c-acde48001122,"Usually, (a/an) wagon cannot roll/be used for rolling, but there could be a highly unusual situation in which (a/an) wagon can roll.","Usually, (a/an) hot_dog cannot walk/be used for walking, but there could be a highly unusual situation in which (a/an) hot_dog can walk.","Usually, (a/an) dog cannot bark/be used for barking, but there could be a highly unusual situation in which (a/an) dog can bark.",3,1,https://app.prolific.co/submissions/complete?cc=1C969808,63734,ebb7f307-d240-4e37-9f4b-f58a254e612b,2020-04-06 17:50:59,418.472,2020-04-06 15:44:42.650000,2020-04-06 15:51:41.122000,5.0,false,unusual,roll,wagon,../data/prolific_output/run3-group_experiment1/qu70-s_qu70-batch46.csv
qu70-s_qu70-batch46.csv,,NOT AVAILABLE,NOT AVAILABLE,410085b1-018a-439f-a7e3-0bc5ae4f6451,PROLIFIC,06-Apr-2020 17:57:08,217,9140,be4d8532-651d-11ea-824c-acde48001122,"Usually, (a/an) wagon cannot roll/be used for rolling, but there could be a highly unusual situation in which (a/an) wagon can roll.","Usually, (a/an) hot_dog cannot walk/be used for walking, but there could be a highly unusual situation in which (a/an) hot_dog can walk.","Usually, (a/an) dog cannot bark/be used for barking, but there could be a highly unusual situation in which (a/an) dog can bark.",3,1,https://app.prolific.co/submissions/complete?cc=1C969808,64187,475f5d37-95a3-4963-8e24-ef32f9d4353e,2020-04-06 17:57:08,1054.76,2020-04-06 15:45:45.354000,2020-04-06 16:03:20.114000,14.0,false,unusual,roll,wagon,../data/prolific_output/run3-group_experiment1/qu70-s_qu70-batch46.csv
qu70-s_qu70-batch46.csv,,NOT AVAILABLE,NOT AVAILABLE,ad3e5bec-9486-4707-b193-4ab747599819,PROLIFIC,06-Apr-2020 17:56:09,217,9140,be4d8532-651d-11ea-824c-acde48001122,"Usually, (a/an) wagon cannot roll/be used for rolling, but there could be a highly unusual situation in which (a/an) wagon can roll.","Usually, (a/an) hot_dog cannot walk/be used for walking, but there could be a highly unusual situation in which (a/an) hot_dog can walk.","Usually, (a/an) dog cannot bark/be used for barking, but there could be a highly unusual situation in which (a/an) dog can bark.",3,1,https://app.prolific.co/submissions/complete?cc=1C969808,64090,7aab774d-3281-4d9b-857f-7072ff4b349a,2020-04-06 17:56:09,2199.534,2020-04-06 15:45:36.925000,2020-04-06 16:22:16.459000,41.0,true,unusual,roll,wagon,../data/prolific_output/run3-group_experiment1/qu70-s_qu70-batch46.csv
qu70-s_qu70-batch46.csv,,NOT AVAILABLE,NOT AVAILABLE,ad3e5bec-9486-4707-b193-4ab747599819,PROLIFIC,06-Apr-2020 18:18:39,217,9140,be4d8532-651d-11ea-824c-acde48001122,"Usually, (a/an) wagon cannot roll/be used for rolling, but there could be a highly unusual situation in which (a/an) wagon can roll.","Usually, (a/an) hot_dog cannot walk/be used for walking, but there could be a highly unusual situation in which (a/an) hot_dog can walk.","Usually, (a/an) dog cannot bark/be used for barking, but there could be a highly unusual situation in which (a/an) dog can bark.",3,1,https://app.prolific.co/submissions/complete?cc=1C969808,65195,98f88de9-747c-49d9-8db6-5aa6536be557,2020-04-06 18:18:39,2199.534,2020-04-06 15:45:36.925000,2020-04-06 16:22:16.459000,5.0,false,unusual,roll,wagon,../data/prolific_output/run3-group_experiment1/qu70-s_qu70-batch46.csv
qu70-s_qu70-batch46.csv,,NOT AVAILABLE,NOT AVAILABLE,8116ec6c-df4c-4563-bfeb-943aaba3b711,PROLIFIC,06-Apr-2020 18:03:13,217,9140,be4d8532-651d-11ea-824c-acde48001122,"Usually, (a/an) wagon cannot roll/be used for rolling, but there could be a highly unusual situation in which (a/an) wagon can roll.","Usually, (a/an) hot_dog cannot walk/be used for walking, but there could be a highly unusual situation in which (a/an) hot_dog can walk.","Usually, (a/an) dog cannot bark/be used for barking, but there could be a highly unusual situation in which (a/an) dog can bark.",3,1,https://app.prolific.co/submissions/complete?cc=1C969808,64746,12bb719a-621e-4866-a5a9-70ce0525f024,2020-04-06 18:03:13,1289.294,2020-04-06 15:43:19.729000,2020-04-06 16:04:49.023000,9.0,false,unusual,roll,wagon,../data/prolific_output/run3-group_experiment1/qu70-s_qu70-batch46.csv
qu70-s_qu70-batch46.csv,,NOT AVAILABLE,NOT AVAILABLE,1ebdafcc-fce7-41e2-9d93-aac9e254782e,PROLIFIC,06-Apr-2020 18:08:47,217,9140,be4d8532-651d-11ea-824c-acde48001122,"Usually, (a/an) wagon cannot roll/be used for rolling, but there could be a highly unusual situation in which (a/an) wagon can roll.","Usually, (a/an) hot_dog cannot walk/be used for walking, but there could be a highly unusual situation in which (a/an) hot_dog can walk.","Usually, (a/an) dog cannot bark/be used for barking, but there could be a highly unusual situation in which (a/an) dog can bark.",3,1,https://app.prolific.co/submissions/complete?cc=1C969808,65062,908667ae-256b-47ee-876f-e5235ac7ee53,2020-04-06 18:08:47,1424.083,2020-04-06 15:45:14.573000,2020-04-06 16:08:58.656000,10.0,false,unusual,roll,wagon,../data/prolific_output/run3-group_experiment1/qu70-s_qu70-batch46.csv
qu70-s_qu70-batch46.csv,,NOT AVAILABLE,NOT AVAILABLE,995ae989-0025-45e0-aa77-56eb008cb1d6,PROLIFIC,06-Apr-2020 17:49:26,217,9140,be4d8532-651d-11ea-824c-acde48001122,"Usually, (a/an) wagon cannot roll/be used for rolling, but there could be a highly unusual situation in which (a/an) wagon can roll.","Usually, (a/an) hot_dog cannot walk/be used for walking, but there could be a highly unusual situation in which (a/an) hot_dog can walk.","Usually, (a/an) dog cannot bark/be used for barking, but there could be a highly unusual situation in which (a/an) dog can bark.",3,1,https://app.prolific.co/submissions/complete?cc=1C969808,63549,746d90f8-917b-487d-8e72-f37af9495410,2020-04-06 17:49:26,185.294,2020-04-06 15:48:33.722000,2020-04-06 15:51:39.016000,1.0,false,unusual,roll,wagon,../data/prolific_output/run3-group_experiment1/qu70-s_qu70-batch46.csv
qu70-s_qu70-batch46.csv,,NOT AVAILABLE,NOT AVAILABLE,fa8d1f1f-9017-4726-9b37-34e97e3f4b5f,PROLIFIC,06-Apr-2020 17:51:15,217,9140,be4d8532-651d-11ea-824c-acde48001122,"Usually, (a/an) wagon cannot roll/be used for rolling, but there could be a highly unusual situation in which (a/an) wagon can roll.","Usually, (a/an) hot_dog cannot walk/be used for walking, but there could be a highly unusual situation in which (a/an) hot_dog can walk.","Usually, (a/an) dog cannot bark/be used for barking, but there could be a highly unusual situation in which (a/an) dog can bark.",3,1,https://app.prolific.co/submissions/complete?cc=1C969808,63769,bfea3f4b-190d-43c1-be3f-f442b15c0d78,2020-04-06 17:51:15,417.94,2020-04-06 15:48:14.268000,2020-04-06 15:55:12.208000,2.0,false,unusual,roll,wagon,../data/prolific_output/run3-group_experiment1/qu70-s_qu70-batch46.csv
qu70-s_qu70-batch46.csv,,NOT AVAILABLE,NOT AVAILABLE,ff5b40d9-36ab-4b0c-96cd-b8b200165b5f,PROLIFIC,06-Apr-2020 17:56:34,217,9140,be4d8532-651d-11ea-824c-acde48001122,"Usually, (a/an) wagon cannot roll/be used for rolling, but there could be a highly unusual situation in which (a/an) wagon can roll.","Usually, (a/an) hot_dog cannot walk/be used for walking, but there could be a highly unusual situation in which (a/an) hot_dog can walk.","Usually, (a/an) dog cannot bark/be used for barking, but there could be a highly unusual situation in which (a/an) dog can bark.",3,1,https://app.prolific.co/submissions/complete?cc=1C969808,64136,a7946f67-9a19-49cb-9c67-ac08dd0ce101,2020-04-06 17:56:34,,,,1.0,true,unusual,roll,wagon,../data/prolific_output/run3-group_experiment1/qu70-s_qu70-batch46.csv
qu70-s_qu70-batch46.csv,,NOT AVAILABLE,NOT AVAILABLE,def5c589-9118-419e-932b-0f312d0bec25,PROLIFIC,06-Apr-2020 17:55:59,217,9140,be4d8532-651d-11ea-824c-acde48001122,"Usually, (a/an) wagon cannot roll/be used for rolling, but there could be a highly unusual situation in which (a/an) wagon can roll.","Usually, (a/an) hot_dog cannot walk/be used for walking, but there could be a highly unusual situation in which (a/an) hot_dog can walk.","Usually, (a/an) dog cannot bark/be used for barking, but there could be a highly unusual situation in which (a/an) dog can bark.",3,1,https://app.prolific.co/submissions/complete?cc=1C969808,64069,dfd05f56-731f-43d1-8286-64cb098e9ab3,2020-04-06 17:55:59,,,,4.0,false,unusual,roll,wagon,../data/prolific_output/run3-group_experiment1/qu70-s_qu70-batch46.csv
qu70-s_qu70-batch46.csv,,NOT AVAILABLE,NOT AVAILABLE,b759a9fb-a047-48ec-b0ee-199261b8060c,PROLIFIC,06-Apr-2020 17:59:40,217,9140,be4d8532-651d-11ea-824c-acde48001122,"Usually, (a/an) wagon cannot roll/be used for rolling, but there could be a highly unusual situation in which (a/an) wagon can roll.","Usually, (a/an) hot_dog cannot walk/be used for walking, but there could be a highly unusual situation in which (a/an) hot_dog can walk.","Usually, (a/an) dog cannot bark/be used for barking, but there could be a highly unusual situation in which (a/an) dog can bark.",3,1,https://app.prolific.co/submissions/complete?cc=1C969808,64410,28f0954e-24f3-4aec-9149-7a5e09b30b3f,2020-04-06 17:59:40,,,,5.0,false,unusual,roll,wagon,../data/prolific_output/run3-group_experiment1/qu70-s_qu70-batch46.csv
qu70-s_qu70-batch46.csv,,NOT AVAILABLE,NOT AVAILABLE,ffd3f20d-b154-4bb6-8fa1-7f4ba9967b71,PROLIFIC,06-Apr-2020 17:50:25,217,9141,13cdf765-1b80-4213-b9b6-d0798b87491b,``Roll'' is one for the first things which come to mind when I hear ``wagon''.,``Paint'' is one for the first things which come to mind when I hear ``brush''.,``Move'' is one for the first things which come to mind when I hear ``apple''.,3,1,https://app.prolific.co/submissions/complete?cc=1C969808,63659,ae5a3d75-113c-4626-8488-8de1d094d4ee,2020-04-06 17:50:25,418.472,2020-04-06 15:44:42.650000,2020-04-06 15:51:41.122000,4.0,true,typical_of_concept,roll,wagon,../data/prolific_output/run3-group_experiment1/qu70-s_qu70-batch46.csv
qu70-s_qu70-batch46.csv,,NOT AVAILABLE,NOT AVAILABLE,410085b1-018a-439f-a7e3-0bc5ae4f6451,PROLIFIC,06-Apr-2020 17:54:25,217,9141,13cdf765-1b80-4213-b9b6-d0798b87491b,``Roll'' is one for the first things which come to mind when I hear ``wagon''.,``Paint'' is one for the first things which come to mind when I hear ``brush''.,``Move'' is one for the first things which come to mind when I hear ``apple''.,3,1,https://app.prolific.co/submissions/complete?cc=1C969808,63963,03d60236-d632-40e5-b0e8-9d5a53724358,2020-04-06 17:54:25,1054.76,2020-04-06 15:45:45.354000,2020-04-06 16:03:20.114000,17.0,false,typical_of_concept,roll,wagon,../data/prolific_output/run3-group_experiment1/qu70-s_qu70-batch46.csv
qu70-s_qu70-batch46.csv,,NOT AVAILABLE,NOT AVAILABLE,ad3e5bec-9486-4707-b193-4ab747599819,PROLIFIC,06-Apr-2020 18:01:42,217,9141,13cdf765-1b80-4213-b9b6-d0798b87491b,``Roll'' is one for the first things which come to mind when I hear ``wagon''.,``Paint'' is one for the first things which come to mind when I hear ``brush''.,``Move'' is one for the first things which come to mind when I hear ``apple''.,3,1,https://app.prolific.co/submissions/complete?cc=1C969808,64601,bdd05331-5b9d-4964-a76c-8dcc72ff1467,2020-04-06 18:01:42,2199.534,2020-04-06 15:45:36.925000,2020-04-06 16:22:16.459000,5.0,false,typical_of_concept,roll,wagon,../data/prolific_output/run3-group_experiment1/qu70-s_qu70-batch46.csv
qu70-s_qu70-batch46.csv,,NOT AVAILABLE,NOT AVAILABLE,ad3e5bec-9486-4707-b193-4ab747599819,PROLIFIC,06-Apr-2020 18:21:49,217,9141,13cdf765-1b80-4213-b9b6-d0798b87491b,``Roll'' is one for the first things which come to mind when I hear ``wagon''.,``Paint'' is one for the first things which come to mind when I hear ``brush''.,``Move'' is one for the first things which come to mind when I hear ``apple''.,3,1,https://app.prolific.co/submissions/complete?cc=1C969808,65248,f08090a0-3df3-40b5-aaa2-2215fb9594f9,2020-04-06 18:21:49,2199.534,2020-04-06 15:45:36.925000,2020-04-06 16:22:16.459000,4.0,false,typical_of_concept,roll,wagon,../data/prolific_output/run3-group_experiment1/qu70-s_qu70-batch46.csv
qu70-s_qu70-batch46.csv,,NOT AVAILABLE,NOT AVAILABLE,8116ec6c-df4c-4563-bfeb-943aaba3b711,PROLIFIC,06-Apr-2020 17:53:14,217,9141,13cdf765-1b80-4213-b9b6-d0798b87491b,``Roll'' is one for the first things which come to mind when I hear ``wagon''.,``Paint'' is one for the first things which come to mind when I hear ``brush''.,``Move'' is one for the first things which come to mind when I hear ``apple''.,3,1,https://app.prolific.co/submissions/complete?cc=1C969808,63912,f3d5fade-45e2-43a7-a7e9-a1b141d618fb,2020-04-06 17:53:14,1289.294,2020-04-06 15:43:19.729000,2020-04-06 16:04:49.023000,14.0,true,typical_of_concept,roll,wagon,../data/prolific_output/run3-group_experiment1/qu70-s_qu70-batch46.csv
qu70-s_qu70-batch46.csv,,NOT AVAILABLE,NOT AVAILABLE,1ebdafcc-fce7-41e2-9d93-aac9e254782e,PROLIFIC,06-Apr-2020 17:57:17,217,9141,13cdf765-1b80-4213-b9b6-d0798b87491b,``Roll'' is one for the first things which come to mind when I hear ``wagon''.,``Paint'' is one for the first things which come to mind when I hear ``brush''.,``Move'' is one for the first things which come to mind when I hear ``apple''.,3,1,https://app.prolific.co/submissions/complete?cc=1C969808,64199,e038c362-beb5-43be-89d8-ff96552a3c5c,2020-04-06 17:57:17,1424.083,2020-04-06 15:45:14.573000,2020-04-06 16:08:58.656000,11.0,true,typical_of_concept,roll,wagon,../data/prolific_output/run3-group_experiment1/qu70-s_qu70-batch46.csv
qu70-s_qu70-batch46.csv,,NOT AVAILABLE,NOT AVAILABLE,995ae989-0025-45e0-aa77-56eb008cb1d6,PROLIFIC,06-Apr-2020 17:50:45,217,9141,13cdf765-1b80-4213-b9b6-d0798b87491b,``Roll'' is one for the first things which come to mind when I hear ``wagon''.,``Paint'' is one for the first things which come to mind when I hear ``brush''.,``Move'' is one for the first things which come to mind when I hear ``apple''.,3,1,https://app.prolific.co/submissions/complete?cc=1C969808,63701,1aeb1024-51cb-4d8d-b740-9690bc89ee84,2020-04-06 17:50:45,185.294,2020-04-06 15:48:33.722000,2020-04-06 15:51:39.016000,1.0,false,typical_of_concept,roll,wagon,../data/prolific_output/run3-group_experiment1/qu70-s_qu70-batch46.csv
qu70-s_qu70-batch46.csv,,NOT AVAILABLE,NOT AVAILABLE,fa8d1f1f-9017-4726-9b37-34e97e3f4b5f,PROLIFIC,06-Apr-2020 17:51:43,217,9141,13cdf765-1b80-4213-b9b6-d0798b87491b,``Roll'' is one for the first things which come to mind when I hear ``wagon''.,``Paint'' is one for the first things which come to mind when I hear ``brush''.,``Move'' is one for the first things which come to mind when I hear ``apple''.,3,1,https://app.prolific.co/submissions/complete?cc=1C969808,63824,5975a5c1-7415-44f7-a0b4-5d62c91b2733,2020-04-06 17:51:43,417.94,2020-04-06 15:48:14.268000,2020-04-06 15:55:12.208000,2.0,false,typical_of_concept,roll,wagon,../data/prolific_output/run3-group_experiment1/qu70-s_qu70-batch46.csv
qu70-s_qu70-batch46.csv,,NOT AVAILABLE,NOT AVAILABLE,ff5b40d9-36ab-4b0c-96cd-b8b200165b5f,PROLIFIC,06-Apr-2020 17:55:32,217,9141,13cdf765-1b80-4213-b9b6-d0798b87491b,``Roll'' is one for the first things which come to mind when I hear ``wagon''.,``Paint'' is one for the first things which come to mind when I hear ``brush''.,``Move'' is one for the first things which come to mind when I hear ``apple''.,3,1,https://app.prolific.co/submissions/complete?cc=1C969808,64044,205b7f8a-a71d-4abe-addb-eced925f2a85,2020-04-06 17:55:32,,,,4.0,false,typical_of_concept,roll,wagon,../data/prolific_output/run3-group_experiment1/qu70-s_qu70-batch46.csv
qu70-s_qu70-batch46.csv,,NOT AVAILABLE,NOT AVAILABLE,def5c589-9118-419e-932b-0f312d0bec25,PROLIFIC,06-Apr-2020 17:48:31,217,9141,13cdf765-1b80-4213-b9b6-d0798b87491b,``Roll'' is one for the first things which come to mind when I hear ``wagon''.,``Paint'' is one for the first things which come to mind when I hear ``brush''.,``Move'' is one for the first things which come to mind when I hear ``apple''.,3,1,https://app.prolific.co/submissions/complete?cc=1C969808,63486,0416967a-b5eb-429c-9d43-b9faa0daabd8,2020-04-06 17:48:31,,,,4.0,false,typical_of_concept,roll,wagon,../data/prolific_output/run3-group_experiment1/qu70-s_qu70-batch46.csv
qu70-s_qu70-batch46.csv,,NOT AVAILABLE,NOT AVAILABLE,b759a9fb-a047-48ec-b0ee-199261b8060c,PROLIFIC,06-Apr-2020 18:01:10,217,9141,13cdf765-1b80-4213-b9b6-d0798b87491b,``Roll'' is one for the first things which come to mind when I hear ``wagon''.,``Paint'' is one for the first things which come to mind when I hear ``brush''.,``Move'' is one for the first things which come to mind when I hear ``apple''.,3,1,https://app.prolific.co/submissions/complete?cc=1C969808,64552,fce66466-4c0f-4a58-9a0d-b04c08dbf8b7,2020-04-06 18:01:10,,,,17.0,true,typical_of_concept,roll,wagon,../data/prolific_output/run3-group_experiment1/qu70-s_qu70-batch46.csv
qu70-s_qu70-batch46.csv,,NOT AVAILABLE,NOT AVAILABLE,ffd3f20d-b154-4bb6-8fa1-7f4ba9967b71,PROLIFIC,06-Apr-2020 17:48:11,217,9142,1f6bd2e7-189c-4f1b-b9f8-be9595c10175,You can find (a/an) wagon which can roll/be used for rolling. This is not what it usually does or is used for. ,You can find (a/an) knitting_needle which can pierce/be used for pierceing. This is not what it usually does or is used for. ,You can find (a/an) dog which can bark/be used for barking. This is not what it usually does or is used for. ,3,1,https://app.prolific.co/submissions/complete?cc=1C969808,63456,a4678cc6-68a8-4d5e-98fd-0e3f22039c48,2020-04-06 17:48:11,418.472,2020-04-06 15:44:42.650000,2020-04-06 15:51:41.122000,7.0,false,afforded_unusual,roll,wagon,../data/prolific_output/run3-group_experiment1/qu70-s_qu70-batch46.csv
qu70-s_qu70-batch46.csv,,NOT AVAILABLE,NOT AVAILABLE,410085b1-018a-439f-a7e3-0bc5ae4f6451,PROLIFIC,06-Apr-2020 18:00:20,217,9142,1f6bd2e7-189c-4f1b-b9f8-be9595c10175,You can find (a/an) wagon which can roll/be used for rolling. This is not what it usually does or is used for. ,You can find (a/an) knitting_needle which can pierce/be used for pierceing. This is not what it usually does or is used for. ,You can find (a/an) dog which can bark/be used for barking. This is not what it usually does or is used for. ,3,1,https://app.prolific.co/submissions/complete?cc=1C969808,64470,6decd8eb-d3c8-4053-a9cd-a3a3569bc0c4,2020-04-06 18:00:20,1054.76,2020-04-06 15:45:45.354000,2020-04-06 16:03:20.114000,9.0,false,afforded_unusual,roll,wagon,../data/prolific_output/run3-group_experiment1/qu70-s_qu70-batch46.csv
qu70-s_qu70-batch46.csv,,NOT AVAILABLE,NOT AVAILABLE,ad3e5bec-9486-4707-b193-4ab747599819,PROLIFIC,06-Apr-2020 18:16:24,217,9142,1f6bd2e7-189c-4f1b-b9f8-be9595c10175,You can find (a/an) wagon which can roll/be used for rolling. This is not what it usually does or is used for. ,You can find (a/an) knitting_needle which can pierce/be used for pierceing. This is not what it usually does or is used for. ,You can find (a/an) dog which can bark/be used for barking. This is not what it usually does or is used for. ,3,1,https://app.prolific.co/submissions/complete?cc=1C969808,65168,8e2177d6-2562-490a-81be-559c7e7dde70,2020-04-06 18:16:24,2199.534,2020-04-06 15:45:36.925000,2020-04-06 16:22:16.459000,5.0,false,afforded_unusual,roll,wagon,../data/prolific_output/run3-group_experiment1/qu70-s_qu70-batch46.csv
qu70-s_qu70-batch46.csv,,NOT AVAILABLE,NOT AVAILABLE,8116ec6c-df4c-4563-bfeb-943aaba3b711,PROLIFIC,06-Apr-2020 17:59:14,217,9142,1f6bd2e7-189c-4f1b-b9f8-be9595c10175,You can find (a/an) wagon which can roll/be used for rolling. This is not what it usually does or is used for. ,You can find (a/an) knitting_needle which can pierce/be used for pierceing. This is not what it usually does or is used for. ,You can find (a/an) dog which can bark/be used for barking. This is not what it usually does or is used for. ,3,1,https://app.prolific.co/submissions/complete?cc=1C969808,64366,818e9890-b96a-4f36-8a17-18496579a942,2020-04-06 17:59:14,1289.294,2020-04-06 15:43:19.729000,2020-04-06 16:04:49.023000,12.0,false,afforded_unusual,roll,wagon,../data/prolific_output/run3-group_experiment1/qu70-s_qu70-batch46.csv
qu70-s_qu70-batch46.csv,,NOT AVAILABLE,NOT AVAILABLE,1ebdafcc-fce7-41e2-9d93-aac9e254782e,PROLIFIC,06-Apr-2020 17:55:57,217,9142,1f6bd2e7-189c-4f1b-b9f8-be9595c10175,You can find (a/an) wagon which can roll/be used for rolling. This is not what it usually does or is used for. ,You can find (a/an) knitting_needle which can pierce/be used for pierceing. This is not what it usually does or is used for. ,You can find (a/an) dog which can bark/be used for barking. This is not what it usually does or is used for. ,3,1,https://app.prolific.co/submissions/complete?cc=1C969808,64067,6e2aa7b1-0575-4794-b5fa-4683bde29ad8,2020-04-06 17:55:57,1424.083,2020-04-06 15:45:14.573000,2020-04-06 16:08:58.656000,22.0,false,afforded_unusual,roll,wagon,../data/prolific_output/run3-group_experiment1/qu70-s_qu70-batch46.csv
qu70-s_qu70-batch46.csv,,NOT AVAILABLE,NOT AVAILABLE,995ae989-0025-45e0-aa77-56eb008cb1d6,PROLIFIC,06-Apr-2020 17:49:33,217,9142,1f6bd2e7-189c-4f1b-b9f8-be9595c10175,You can find (a/an) wagon which can roll/be used for rolling. This is not what it usually does or is used for. ,You can find (a/an) knitting_needle which can pierce/be used for pierceing. This is not what it usually does or is used for. ,You can find (a/an) dog which can bark/be used for barking. This is not what it usually does or is used for. ,3,1,https://app.prolific.co/submissions/complete?cc=1C969808,63556,3cb11f13-817a-482e-8b2e-736486f7fcec,2020-04-06 17:49:33,185.294,2020-04-06 15:48:33.722000,2020-04-06 15:51:39.016000,5.0,false,afforded_unusual,roll,wagon,../data/prolific_output/run3-group_experiment1/qu70-s_qu70-batch46.csv
qu70-s_qu70-batch46.csv,,NOT AVAILABLE,NOT AVAILABLE,fa8d1f1f-9017-4726-9b37-34e97e3f4b5f,PROLIFIC,06-Apr-2020 17:51:49,217,9142,1f6bd2e7-189c-4f1b-b9f8-be9595c10175,You can find (a/an) wagon which can roll/be used for rolling. This is not what it usually does or is used for. ,You can find (a/an) knitting_needle which can pierce/be used for pierceing. This is not what it usually does or is used for. ,You can find (a/an) dog which can bark/be used for barking. This is not what it usually does or is used for. ,3,1,https://app.prolific.co/submissions/complete?cc=1C969808,63835,93e43287-e133-413b-84f2-2248131b0f50,2020-04-06 17:51:49,417.94,2020-04-06 15:48:14.268000,2020-04-06 15:55:12.208000,1.0,false,afforded_unusual,roll,wagon,../data/prolific_output/run3-group_experiment1/qu70-s_qu70-batch46.csv
qu70-s_qu70-batch46.csv,,NOT AVAILABLE,NOT AVAILABLE,ff5b40d9-36ab-4b0c-96cd-b8b200165b5f,PROLIFIC,06-Apr-2020 17:56:30,217,9142,1f6bd2e7-189c-4f1b-b9f8-be9595c10175,You can find (a/an) wagon which can roll/be used for rolling. This is not what it usually does or is used for. ,You can find (a/an) knitting_needle which can pierce/be used for pierceing. This is not what it usually does or is used for. ,You can find (a/an) dog which can bark/be used for barking. This is not what it usually does or is used for. ,3,1,https://app.prolific.co/submissions/complete?cc=1C969808,64128,1431d8cf-45dd-4af0-8386-d89ae9aa7f81,2020-04-06 17:56:30,,,,1.0,true,afforded_unusual,roll,wagon,../data/prolific_output/run3-group_experiment1/qu70-s_qu70-batch46.csv
qu70-s_qu70-batch46.csv,,NOT AVAILABLE,NOT AVAILABLE,def5c589-9118-419e-932b-0f312d0bec25,PROLIFIC,06-Apr-2020 17:51:09,217,9142,1f6bd2e7-189c-4f1b-b9f8-be9595c10175,You can find (a/an) wagon which can roll/be used for rolling. This is not what it usually does or is used for. ,You can find (a/an) knitting_needle which can pierce/be used for pierceing. This is not what it usually does or is used for. ,You can find (a/an) dog which can bark/be used for barking. This is not what it usually does or is used for. ,3,1,https://app.prolific.co/submissions/complete?cc=1C969808,63757,54bd9d77-aa3e-44eb-a226-7d93f5f14917,2020-04-06 17:51:09,,,,7.0,true,afforded_unusual,roll,wagon,../data/prolific_output/run3-group_experiment1/qu70-s_qu70-batch46.csv
qu70-s_qu70-batch46.csv,,NOT AVAILABLE,NOT AVAILABLE,b759a9fb-a047-48ec-b0ee-199261b8060c,PROLIFIC,06-Apr-2020 17:57:34,217,9142,1f6bd2e7-189c-4f1b-b9f8-be9595c10175,You can find (a/an) wagon which can roll/be used for rolling. This is not what it usually does or is used for. ,You can find (a/an) knitting_needle which can pierce/be used for pierceing. This is not what it usually does or is used for. ,You can find (a/an) dog which can bark/be used for barking. This is not what it usually does or is used for. ,3,1,https://app.prolific.co/submissions/complete?cc=1C969808,64224,b27dfbb9-ca24-4d5f-a2d8-3cf1d3778493,2020-04-06 17:57:34,,,,7.0,false,afforded_unusual,roll,wagon,../data/prolific_output/run3-group_experiment1/qu70-s_qu70-batch46.csv
qu70-s_qu70-batch46.csv,,NOT AVAILABLE,NOT AVAILABLE,ffd3f20d-b154-4bb6-8fa1-7f4ba9967b71,PROLIFIC,06-Apr-2020 17:51:03,217,9143,76b41e88-f272-443b-8161-54377868d8a3,"I think there is a wagon  which can roll/be used for rolling, but this is rare or uncommon.","I think there is a student  which can teach/be used for teaching, but this is rare or uncommon.","I think there is a teacher  which can teach/be used for teaching, but this is rare or uncommon.",3,1,https://app.prolific.co/submissions/complete?cc=1C969808,63743,dd81183c-880d-45bb-9969-6cc0d76c988c,2020-04-06 17:51:03,418.472,2020-04-06 15:44:42.650000,2020-04-06 15:51:41.122000,4.0,false,rare,roll,wagon,../data/prolific_output/run3-group_experiment1/qu70-s_qu70-batch46.csv
qu70-s_qu70-batch46.csv,,NOT AVAILABLE,NOT AVAILABLE,410085b1-018a-439f-a7e3-0bc5ae4f6451,PROLIFIC,06-Apr-2020 17:56:08,217,9143,76b41e88-f272-443b-8161-54377868d8a3,"I think there is a wagon  which can roll/be used for rolling, but this is rare or uncommon.","I think there is a student  which can teach/be used for teaching, but this is rare or uncommon.","I think there is a teacher  which can teach/be used for teaching, but this is rare or uncommon.",3,1,https://app.prolific.co/submissions/complete?cc=1C969808,64086,2944da8e-955c-4c63-a1d8-384d30410203,2020-04-06 17:56:08,1054.76,2020-04-06 15:45:45.354000,2020-04-06 16:03:20.114000,8.0,false,rare,roll,wagon,../data/prolific_output/run3-group_experiment1/qu70-s_qu70-batch46.csv
qu70-s_qu70-batch46.csv,,NOT AVAILABLE,NOT AVAILABLE,ad3e5bec-9486-4707-b193-4ab747599819,PROLIFIC,06-Apr-2020 18:17:25,217,9143,76b41e88-f272-443b-8161-54377868d8a3,"I think there is a wagon  which can roll/be used for rolling, but this is rare or uncommon.","I think there is a student  which can teach/be used for teaching, but this is rare or uncommon.","I think there is a teacher  which can teach/be used for teaching, but this is rare or uncommon.",3,1,https://app.prolific.co/submissions/complete?cc=1C969808,65181,2ebc9338-8720-43cc-87be-912851e97590,2020-04-06 18:17:25,2199.534,2020-04-06 15:45:36.925000,2020-04-06 16:22:16.459000,4.0,false,rare,roll,wagon,../data/prolific_output/run3-group_experiment1/qu70-s_qu70-batch46.csv
qu70-s_qu70-batch46.csv,,NOT AVAILABLE,NOT AVAILABLE,ad3e5bec-9486-4707-b193-4ab747599819,PROLIFIC,06-Apr-2020 18:10:25,217,9143,76b41e88-f272-443b-8161-54377868d8a3,"I think there is a wagon  which can roll/be used for rolling, but this is rare or uncommon.","I think there is a student  which can teach/be used for teaching, but this is rare or uncommon.","I think there is a teacher  which can teach/be used for teaching, but this is rare or uncommon.",3,1,https://app.prolific.co/submissions/complete?cc=1C969808,65086,d9a9ed54-ed60-44dc-8eb2-f7041a80c1eb,2020-04-06 18:10:25,2199.534,2020-04-06 15:45:36.925000,2020-04-06 16:22:16.459000,12.0,true,rare,roll,wagon,../data/prolific_output/run3-group_experiment1/qu70-s_qu70-batch46.csv
qu70-s_qu70-batch46.csv,,NOT AVAILABLE,NOT AVAILABLE,8116ec6c-df4c-4563-bfeb-943aaba3b711,PROLIFIC,06-Apr-2020 17:50:45,217,9143,76b41e88-f272-443b-8161-54377868d8a3,"I think there is a wagon  which can roll/be used for rolling, but this is rare or uncommon.","I think there is a student  which can teach/be used for teaching, but this is rare or uncommon.","I think there is a teacher  which can teach/be used for teaching, but this is rare or uncommon.",3,1,https://app.prolific.co/submissions/complete?cc=1C969808,63700,321edeeb-1e20-4da3-9b1a-e0337edcdb21,2020-04-06 17:50:45,1289.294,2020-04-06 15:43:19.729000,2020-04-06 16:04:49.023000,24.0,false,rare,roll,wagon,../data/prolific_output/run3-group_experiment1/qu70-s_qu70-batch46.csv
qu70-s_qu70-batch46.csv,,NOT AVAILABLE,NOT AVAILABLE,1ebdafcc-fce7-41e2-9d93-aac9e254782e,PROLIFIC,06-Apr-2020 17:56:26,217,9143,76b41e88-f272-443b-8161-54377868d8a3,"I think there is a wagon  which can roll/be used for rolling, but this is rare or uncommon.","I think there is a student  which can teach/be used for teaching, but this is rare or uncommon.","I think there is a teacher  which can teach/be used for teaching, but this is rare or uncommon.",3,1,https://app.prolific.co/submissions/complete?cc=1C969808,64120,1ae01d5e-d4df-4b70-a001-038acd419379,2020-04-06 17:56:26,1424.083,2020-04-06 15:45:14.573000,2020-04-06 16:08:58.656000,8.0,false,rare,roll,wagon,../data/prolific_output/run3-group_experiment1/qu70-s_qu70-batch46.csv
qu70-s_qu70-batch46.csv,,NOT AVAILABLE,NOT AVAILABLE,995ae989-0025-45e0-aa77-56eb008cb1d6,PROLIFIC,06-Apr-2020 17:50:41,217,9143,76b41e88-f272-443b-8161-54377868d8a3,"I think there is a wagon  which can roll/be used for rolling, but this is rare or uncommon.","I think there is a student  which can teach/be used for teaching, but this is rare or uncommon.","I think there is a teacher  which can teach/be used for teaching, but this is rare or uncommon.",3,1,https://app.prolific.co/submissions/complete?cc=1C969808,63690,b904dec9-c069-48f3-afaa-80c191f413da,2020-04-06 17:50:41,185.294,2020-04-06 15:48:33.722000,2020-04-06 15:51:39.016000,1.0,false,rare,roll,wagon,../data/prolific_output/run3-group_experiment1/qu70-s_qu70-batch46.csv
qu70-s_qu70-batch46.csv,,NOT AVAILABLE,NOT AVAILABLE,fa8d1f1f-9017-4726-9b37-34e97e3f4b5f,PROLIFIC,06-Apr-2020 17:52:27,217,9143,76b41e88-f272-443b-8161-54377868d8a3,"I think there is a wagon  which can roll/be used for rolling, but this is rare or uncommon.","I think there is a student  which can teach/be used for teaching, but this is rare or uncommon.","I think there is a teacher  which can teach/be used for teaching, but this is rare or uncommon.",3,1,https://app.prolific.co/submissions/complete?cc=1C969808,63882,f79e08ac-f277-4c4e-8782-9829c8b6f3e6,2020-04-06 17:52:27,417.94,2020-04-06 15:48:14.268000,2020-04-06 15:55:12.208000,5.0,true,rare,roll,wagon,../data/prolific_output/run3-group_experiment1/qu70-s_qu70-batch46.csv
qu70-s_qu70-batch46.csv,,NOT AVAILABLE,NOT AVAILABLE,ff5b40d9-36ab-4b0c-96cd-b8b200165b5f,PROLIFIC,06-Apr-2020 17:54:48,217,9143,76b41e88-f272-443b-8161-54377868d8a3,"I think there is a wagon  which can roll/be used for rolling, but this is rare or uncommon.","I think there is a student  which can teach/be used for teaching, but this is rare or uncommon.","I think there is a teacher  which can teach/be used for teaching, but this is rare or uncommon.",3,1,https://app.prolific.co/submissions/complete?cc=1C969808,63984,d8e83085-43ea-4c96-b512-c1edaaf772c3,2020-04-06 17:54:48,,,,2.0,true,rare,roll,wagon,../data/prolific_output/run3-group_experiment1/qu70-s_qu70-batch46.csv
qu70-s_qu70-batch46.csv,,NOT AVAILABLE,NOT AVAILABLE,def5c589-9118-419e-932b-0f312d0bec25,PROLIFIC,06-Apr-2020 17:52:55,217,9143,76b41e88-f272-443b-8161-54377868d8a3,"I think there is a wagon  which can roll/be used for rolling, but this is rare or uncommon.","I think there is a student  which can teach/be used for teaching, but this is rare or uncommon.","I think there is a teacher  which can teach/be used for teaching, but this is rare or uncommon.",3,1,https://app.prolific.co/submissions/complete?cc=1C969808,63897,66cd1365-e92b-42a5-98f9-b9df1516187b,2020-04-06 17:52:55,,,,29.0,true,rare,roll,wagon,../data/prolific_output/run3-group_experiment1/qu70-s_qu70-batch46.csv
qu70-s_qu70-batch46.csv,,NOT AVAILABLE,NOT AVAILABLE,b759a9fb-a047-48ec-b0ee-199261b8060c,PROLIFIC,06-Apr-2020 17:52:11,217,9143,76b41e88-f272-443b-8161-54377868d8a3,"I think there is a wagon  which can roll/be used for rolling, but this is rare or uncommon.","I think there is a student  which can teach/be used for teaching, but this is rare or uncommon.","I think there is a teacher  which can teach/be used for teaching, but this is rare or uncommon.",3,1,https://app.prolific.co/submissions/complete?cc=1C969808,63860,3e1e669d-0e4a-481c-8fa3-99b06e778325,2020-04-06 17:52:11,,,,28.0,false,rare,roll,wagon,../data/prolific_output/run3-group_experiment1/qu70-s_qu70-batch46.csv
qu70-s_qu70-batch46.csv,,NOT AVAILABLE,NOT AVAILABLE,ffd3f20d-b154-4bb6-8fa1-7f4ba9967b71,PROLIFIC,06-Apr-2020 17:51:11,217,9144,bcf29ba5-8833-48ce-9582-d1a045463425,You can find (a/an) plunger which can roll/be used for rolling. This distinguishes a certain type of plunger from others. ,You can find (a/an) lamp which can read/be used for reading. This distinguishes a certain type of lamp from others. ,You can find (a/an) coat which can cook/be used for cooking. This distinguishes a certain type of coat from others. ,3,1,https://app.prolific.co/submissions/complete?cc=1C969808,63762,a04e3f89-3653-4aa6-8220-d86f0b1653d4,2020-04-06 17:51:11,418.472,2020-04-06 15:44:42.650000,2020-04-06 15:51:41.122000,3.0,false,variability_limited,roll,plunger,../data/prolific_output/run3-group_experiment1/qu70-s_qu70-batch46.csv
qu70-s_qu70-batch46.csv,,NOT AVAILABLE,NOT AVAILABLE,410085b1-018a-439f-a7e3-0bc5ae4f6451,PROLIFIC,06-Apr-2020 17:48:30,217,9144,bcf29ba5-8833-48ce-9582-d1a045463425,You can find (a/an) plunger which can roll/be used for rolling. This distinguishes a certain type of plunger from others. ,You can find (a/an) lamp which can read/be used for reading. This distinguishes a certain type of lamp from others. ,You can find (a/an) coat which can cook/be used for cooking. This distinguishes a certain type of coat from others. ,3,1,https://app.prolific.co/submissions/complete?cc=1C969808,63483,fd9079a7-acf3-4bc8-a813-7f368ab1afdd,2020-04-06 17:48:30,1054.76,2020-04-06 15:45:45.354000,2020-04-06 16:03:20.114000,31.0,false,variability_limited,roll,plunger,../data/prolific_output/run3-group_experiment1/qu70-s_qu70-batch46.csv
qu70-s_qu70-batch46.csv,,NOT AVAILABLE,NOT AVAILABLE,ad3e5bec-9486-4707-b193-4ab747599819,PROLIFIC,06-Apr-2020 18:22:00,217,9144,bcf29ba5-8833-48ce-9582-d1a045463425,You can find (a/an) plunger which can roll/be used for rolling. This distinguishes a certain type of plunger from others. ,You can find (a/an) lamp which can read/be used for reading. This distinguishes a certain type of lamp from others. ,You can find (a/an) coat which can cook/be used for cooking. This distinguishes a certain type of coat from others. ,3,1,https://app.prolific.co/submissions/complete?cc=1C969808,65252,4aa38591-b571-4f8e-ab1f-e3dab94325ff,2020-04-06 18:22:00,2199.534,2020-04-06 15:45:36.925000,2020-04-06 16:22:16.459000,4.0,false,variability_limited,roll,plunger,../data/prolific_output/run3-group_experiment1/qu70-s_qu70-batch46.csv
qu70-s_qu70-batch46.csv,,NOT AVAILABLE,NOT AVAILABLE,ad3e5bec-9486-4707-b193-4ab747599819,PROLIFIC,06-Apr-2020 17:58:25,217,9144,bcf29ba5-8833-48ce-9582-d1a045463425,You can find (a/an) plunger which can roll/be used for rolling. This distinguishes a certain type of plunger from others. ,You can find (a/an) lamp which can read/be used for reading. This distinguishes a certain type of lamp from others. ,You can find (a/an) coat which can cook/be used for cooking. This distinguishes a certain type of coat from others. ,3,1,https://app.prolific.co/submissions/complete?cc=1C969808,64299,82128f85-a8b3-4a38-a6d2-075953d5115c,2020-04-06 17:58:25,2199.534,2020-04-06 15:45:36.925000,2020-04-06 16:22:16.459000,28.0,true,variability_limited,roll,plunger,../data/prolific_output/run3-group_experiment1/qu70-s_qu70-batch46.csv
qu70-s_qu70-batch46.csv,,NOT AVAILABLE,NOT AVAILABLE,8116ec6c-df4c-4563-bfeb-943aaba3b711,PROLIFIC,06-Apr-2020 18:04:23,217,9144,bcf29ba5-8833-48ce-9582-d1a045463425,You can find (a/an) plunger which can roll/be used for rolling. This distinguishes a certain type of plunger from others. ,You can find (a/an) lamp which can read/be used for reading. This distinguishes a certain type of lamp from others. ,You can find (a/an) coat which can cook/be used for cooking. This distinguishes a certain type of coat from others. ,3,1,https://app.prolific.co/submissions/complete?cc=1C969808,64850,5ec5a3b9-4499-4ad8-ba8c-9fda0073b60e,2020-04-06 18:04:23,1289.294,2020-04-06 15:43:19.729000,2020-04-06 16:04:49.023000,10.0,true,variability_limited,roll,plunger,../data/prolific_output/run3-group_experiment1/qu70-s_qu70-batch46.csv
qu70-s_qu70-batch46.csv,,NOT AVAILABLE,NOT AVAILABLE,1ebdafcc-fce7-41e2-9d93-aac9e254782e,PROLIFIC,06-Apr-2020 17:53:10,217,9144,bcf29ba5-8833-48ce-9582-d1a045463425,You can find (a/an) plunger which can roll/be used for rolling. This distinguishes a certain type of plunger from others. ,You can find (a/an) lamp which can read/be used for reading. This distinguishes a certain type of lamp from others. ,You can find (a/an) coat which can cook/be used for cooking. This distinguishes a certain type of coat from others. ,3,1,https://app.prolific.co/submissions/complete?cc=1C969808,63909,b172ef59-b024-4723-a96e-4a676e003dd2,2020-04-06 17:53:10,1424.083,2020-04-06 15:45:14.573000,2020-04-06 16:08:58.656000,91.0,true,variability_limited,roll,plunger,../data/prolific_output/run3-group_experiment1/qu70-s_qu70-batch46.csv
qu70-s_qu70-batch46.csv,,NOT AVAILABLE,NOT AVAILABLE,995ae989-0025-45e0-aa77-56eb008cb1d6,PROLIFIC,06-Apr-2020 17:50:55,217,9144,bcf29ba5-8833-48ce-9582-d1a045463425,You can find (a/an) plunger which can roll/be used for rolling. This distinguishes a certain type of plunger from others. ,You can find (a/an) lamp which can read/be used for reading. This distinguishes a certain type of lamp from others. ,You can find (a/an) coat which can cook/be used for cooking. This distinguishes a certain type of coat from others. ,3,1,https://app.prolific.co/submissions/complete?cc=1C969808,63721,bb1ec9bf-8694-4f7b-a97d-2b1c46ad2590,2020-04-06 17:50:55,185.294,2020-04-06 15:48:33.722000,2020-04-06 15:51:39.016000,1.0,false,variability_limited,roll,plunger,../data/prolific_output/run3-group_experiment1/qu70-s_qu70-batch46.csv
qu70-s_qu70-batch46.csv,,NOT AVAILABLE,NOT AVAILABLE,fa8d1f1f-9017-4726-9b37-34e97e3f4b5f,PROLIFIC,06-Apr-2020 17:51:58,217,9144,bcf29ba5-8833-48ce-9582-d1a045463425,You can find (a/an) plunger which can roll/be used for rolling. This distinguishes a certain type of plunger from others. ,You can find (a/an) lamp which can read/be used for reading. This distinguishes a certain type of lamp from others. ,You can find (a/an) coat which can cook/be used for cooking. This distinguishes a certain type of coat from others. ,3,1,https://app.prolific.co/submissions/complete?cc=1C969808,63842,a520c854-c593-48a4-86dd-534b0a5e95e4,2020-04-06 17:51:58,417.94,2020-04-06 15:48:14.268000,2020-04-06 15:55:12.208000,4.0,false,variability_limited,roll,plunger,../data/prolific_output/run3-group_experiment1/qu70-s_qu70-batch46.csv
qu70-s_qu70-batch46.csv,,NOT AVAILABLE,NOT AVAILABLE,ff5b40d9-36ab-4b0c-96cd-b8b200165b5f,PROLIFIC,06-Apr-2020 17:53:49,217,9144,bcf29ba5-8833-48ce-9582-d1a045463425,You can find (a/an) plunger which can roll/be used for rolling. This distinguishes a certain type of plunger from others. ,You can find (a/an) lamp which can read/be used for reading. This distinguishes a certain type of lamp from others. ,You can find (a/an) coat which can cook/be used for cooking. This distinguishes a certain type of coat from others. ,3,1,https://app.prolific.co/submissions/complete?cc=1C969808,63935,dc9e5ecd-eb4c-4569-a094-b132f44a4312,2020-04-06 17:53:49,,,,2.0,false,variability_limited,roll,plunger,../data/prolific_output/run3-group_experiment1/qu70-s_qu70-batch46.csv
qu70-s_qu70-batch46.csv,,NOT AVAILABLE,NOT AVAILABLE,def5c589-9118-419e-932b-0f312d0bec25,PROLIFIC,06-Apr-2020 17:49:01,217,9144,bcf29ba5-8833-48ce-9582-d1a045463425,You can find (a/an) plunger which can roll/be used for rolling. This distinguishes a certain type of plunger from others. ,You can find (a/an) lamp which can read/be used for reading. This distinguishes a certain type of lamp from others. ,You can find (a/an) coat which can cook/be used for cooking. This distinguishes a certain type of coat from others. ,3,1,https://app.prolific.co/submissions/complete?cc=1C969808,63527,1f336459-a9a3-4756-8b0b-bc3e6e1f2dc9,2020-04-06 17:49:01,,,,5.0,true,variability_limited,roll,plunger,../data/prolific_output/run3-group_experiment1/qu70-s_qu70-batch46.csv
qu70-s_qu70-batch46.csv,,NOT AVAILABLE,NOT AVAILABLE,b759a9fb-a047-48ec-b0ee-199261b8060c,PROLIFIC,06-Apr-2020 18:00:15,217,9144,bcf29ba5-8833-48ce-9582-d1a045463425,You can find (a/an) plunger which can roll/be used for rolling. This distinguishes a certain type of plunger from others. ,You can find (a/an) lamp which can read/be used for reading. This distinguishes a certain type of lamp from others. ,You can find (a/an) coat which can cook/be used for cooking. This distinguishes a certain type of coat from others. ,3,1,https://app.prolific.co/submissions/complete?cc=1C969808,64460,38edb27f-f023-4190-bd60-c366d0ec76ca,2020-04-06 18:00:15,,,,5.0,false,variability_limited,roll,plunger,../data/prolific_output/run3-group_experiment1/qu70-s_qu70-batch46.csv
qu70-s_qu70-batch46.csv,,NOT AVAILABLE,NOT AVAILABLE,ffd3f20d-b154-4bb6-8fa1-7f4ba9967b71,PROLIFIC,06-Apr-2020 17:48:38,217,9145,092c3d57-781f-4c94-8dff-10b967ef75c9,``Roll'' is one for the first things which come to mind when I hear ``plunger''.,``Paint'' is one for the first things which come to mind when I hear ``brush''.,``Move'' is one for the first things which come to mind when I hear ``apple''.,3,1,https://app.prolific.co/submissions/complete?cc=1C969808,63495,fa9b98ad-c0f9-447e-9a84-d8d20e5bd188,2020-04-06 17:48:38,418.472,2020-04-06 15:44:42.650000,2020-04-06 15:51:41.122000,3.0,false,typical_of_concept,roll,plunger,../data/prolific_output/run3-group_experiment1/qu70-s_qu70-batch46.csv
qu70-s_qu70-batch46.csv,,NOT AVAILABLE,NOT AVAILABLE,410085b1-018a-439f-a7e3-0bc5ae4f6451,PROLIFIC,06-Apr-2020 17:56:46,217,9145,092c3d57-781f-4c94-8dff-10b967ef75c9,``Roll'' is one for the first things which come to mind when I hear ``plunger''.,``Paint'' is one for the first things which come to mind when I hear ``brush''.,``Move'' is one for the first things which come to mind when I hear ``apple''.,3,1,https://app.prolific.co/submissions/complete?cc=1C969808,64155,2a5e40a1-60f8-4a99-9918-159846e32f6b,2020-04-06 17:56:46,1054.76,2020-04-06 15:45:45.354000,2020-04-06 16:03:20.114000,8.0,false,typical_of_concept,roll,plunger,../data/prolific_output/run3-group_experiment1/qu70-s_qu70-batch46.csv
qu70-s_qu70-batch46.csv,,NOT AVAILABLE,NOT AVAILABLE,ad3e5bec-9486-4707-b193-4ab747599819,PROLIFIC,06-Apr-2020 18:15:07,217,9145,092c3d57-781f-4c94-8dff-10b967ef75c9,``Roll'' is one for the first things which come to mind when I hear ``plunger''.,``Paint'' is one for the first things which come to mind when I hear ``brush''.,``Move'' is one for the first things which come to mind when I hear ``apple''.,3,1,https://app.prolific.co/submissions/complete?cc=1C969808,65149,16d520d1-e7f6-4d9d-9fb9-983a52d2d8d3,2020-04-06 18:15:07,2199.534,2020-04-06 15:45:36.925000,2020-04-06 16:22:16.459000,5.0,false,typical_of_concept,roll,plunger,../data/prolific_output/run3-group_experiment1/qu70-s_qu70-batch46.csv
qu70-s_qu70-batch46.csv,,NOT AVAILABLE,NOT AVAILABLE,ad3e5bec-9486-4707-b193-4ab747599819,PROLIFIC,06-Apr-2020 18:01:37,217,9145,092c3d57-781f-4c94-8dff-10b967ef75c9,``Roll'' is one for the first things which come to mind when I hear ``plunger''.,``Paint'' is one for the first things which come to mind when I hear ``brush''.,``Move'' is one for the first things which come to mind when I hear ``apple''.,3,1,https://app.prolific.co/submissions/complete?cc=1C969808,64594,5b54adaf-bee1-4327-b6e1-df07cfd99774,2020-04-06 18:01:37,2199.534,2020-04-06 15:45:36.925000,2020-04-06 16:22:16.459000,43.0,true,typical_of_concept,roll,plunger,../data/prolific_output/run3-group_experiment1/qu70-s_qu70-batch46.csv
qu70-s_qu70-batch46.csv,,NOT AVAILABLE,NOT AVAILABLE,8116ec6c-df4c-4563-bfeb-943aaba3b711,PROLIFIC,06-Apr-2020 18:03:20,217,9145,092c3d57-781f-4c94-8dff-10b967ef75c9,``Roll'' is one for the first things which come to mind when I hear ``plunger''.,``Paint'' is one for the first things which come to mind when I hear ``brush''.,``Move'' is one for the first things which come to mind when I hear ``apple''.,3,1,https://app.prolific.co/submissions/complete?cc=1C969808,64760,26660dc2-fa70-47b0-a697-bd20aed4730f,2020-04-06 18:03:20,1289.294,2020-04-06 15:43:19.729000,2020-04-06 16:04:49.023000,7.0,false,typical_of_concept,roll,plunger,../data/prolific_output/run3-group_experiment1/qu70-s_qu70-batch46.csv
qu70-s_qu70-batch46.csv,,NOT AVAILABLE,NOT AVAILABLE,1ebdafcc-fce7-41e2-9d93-aac9e254782e,PROLIFIC,06-Apr-2020 18:04:07,217,9145,092c3d57-781f-4c94-8dff-10b967ef75c9,``Roll'' is one for the first things which come to mind when I hear ``plunger''.,``Paint'' is one for the first things which come to mind when I hear ``brush''.,``Move'' is one for the first things which come to mind when I hear ``apple''.,3,1,https://app.prolific.co/submissions/complete?cc=1C969808,64825,569fda52-5c5b-437a-9956-6e8bcfff410f,2020-04-06 18:04:07,1424.083,2020-04-06 15:45:14.573000,2020-04-06 16:08:58.656000,6.0,false,typical_of_concept,roll,plunger,../data/prolific_output/run3-group_experiment1/qu70-s_qu70-batch46.csv
qu70-s_qu70-batch46.csv,,NOT AVAILABLE,NOT AVAILABLE,995ae989-0025-45e0-aa77-56eb008cb1d6,PROLIFIC,06-Apr-2020 17:49:40,217,9145,092c3d57-781f-4c94-8dff-10b967ef75c9,``Roll'' is one for the first things which come to mind when I hear ``plunger''.,``Paint'' is one for the first things which come to mind when I hear ``brush''.,``Move'' is one for the first things which come to mind when I hear ``apple''.,3,1,https://app.prolific.co/submissions/complete?cc=1C969808,63567,bacfafaf-5155-4cbb-a06a-f00cbe314125,2020-04-06 17:49:40,185.294,2020-04-06 15:48:33.722000,2020-04-06 15:51:39.016000,1.0,true,typical_of_concept,roll,plunger,../data/prolific_output/run3-group_experiment1/qu70-s_qu70-batch46.csv
qu70-s_qu70-batch46.csv,,NOT AVAILABLE,NOT AVAILABLE,fa8d1f1f-9017-4726-9b37-34e97e3f4b5f,PROLIFIC,06-Apr-2020 17:51:24,217,9145,092c3d57-781f-4c94-8dff-10b967ef75c9,``Roll'' is one for the first things which come to mind when I hear ``plunger''.,``Paint'' is one for the first things which come to mind when I hear ``brush''.,``Move'' is one for the first things which come to mind when I hear ``apple''.,3,1,https://app.prolific.co/submissions/complete?cc=1C969808,63788,1e137b15-79be-4539-aa3e-691d5dce62cc,2020-04-06 17:51:24,417.94,2020-04-06 15:48:14.268000,2020-04-06 15:55:12.208000,2.0,true,typical_of_concept,roll,plunger,../data/prolific_output/run3-group_experiment1/qu70-s_qu70-batch46.csv
qu70-s_qu70-batch46.csv,,NOT AVAILABLE,NOT AVAILABLE,ff5b40d9-36ab-4b0c-96cd-b8b200165b5f,PROLIFIC,06-Apr-2020 17:56:28,217,9145,092c3d57-781f-4c94-8dff-10b967ef75c9,``Roll'' is one for the first things which come to mind when I hear ``plunger''.,``Paint'' is one for the first things which come to mind when I hear ``brush''.,``Move'' is one for the first things which come to mind when I hear ``apple''.,3,1,https://app.prolific.co/submissions/complete?cc=1C969808,64123,860b6bd0-7636-4def-afd0-13d8d59d1e06,2020-04-06 17:56:28,,,,1.0,false,typical_of_concept,roll,plunger,../data/prolific_output/run3-group_experiment1/qu70-s_qu70-batch46.csv
qu70-s_qu70-batch46.csv,,NOT AVAILABLE,NOT AVAILABLE,def5c589-9118-419e-932b-0f312d0bec25,PROLIFIC,06-Apr-2020 17:56:58,217,9145,092c3d57-781f-4c94-8dff-10b967ef75c9,``Roll'' is one for the first things which come to mind when I hear ``plunger''.,``Paint'' is one for the first things which come to mind when I hear ``brush''.,``Move'' is one for the first things which come to mind when I hear ``apple''.,3,1,https://app.prolific.co/submissions/complete?cc=1C969808,64173,c342a35f-5d7b-4d13-b78f-c17fc55130e5,2020-04-06 17:56:58,,,,4.0,false,typical_of_concept,roll,plunger,../data/prolific_output/run3-group_experiment1/qu70-s_qu70-batch46.csv
qu70-s_qu70-batch46.csv,,NOT AVAILABLE,NOT AVAILABLE,b759a9fb-a047-48ec-b0ee-199261b8060c,PROLIFIC,06-Apr-2020 18:01:16,217,9145,092c3d57-781f-4c94-8dff-10b967ef75c9,``Roll'' is one for the first things which come to mind when I hear ``plunger''.,``Paint'' is one for the first things which come to mind when I hear ``brush''.,``Move'' is one for the first things which come to mind when I hear ``apple''.,3,1,https://app.prolific.co/submissions/complete?cc=1C969808,64561,d9c1c80e-3306-40b7-a0bf-aa0a00b69c3e,2020-04-06 18:01:16,,,,6.0,false,typical_of_concept,roll,plunger,../data/prolific_output/run3-group_experiment1/qu70-s_qu70-batch46.csv
qu70-s_qu70-batch46.csv,,NOT AVAILABLE,NOT AVAILABLE,ffd3f20d-b154-4bb6-8fa1-7f4ba9967b71,PROLIFIC,06-Apr-2020 17:50:50,217,9146,e9fecbbb-6552-40c1-9e72-d061ed9270e8,I know that all or most plunger(s) roll regularly or are used for rolling regularly. ,I know that all or most bug(s) crawl regularly or are used for crawling regularly. ,I know that all or most baby(s) walk regularly or are used for walking regularly. ,3,1,https://app.prolific.co/submissions/complete?cc=1C969808,63710,77ed5b39-7992-4c03-b14c-aefd4a761a0f,2020-04-06 17:50:50,418.472,2020-04-06 15:44:42.650000,2020-04-06 15:51:41.122000,3.0,false,afforded_usual,roll,plunger,../data/prolific_output/run3-group_experiment1/qu70-s_qu70-batch46.csv
qu70-s_qu70-batch46.csv,,NOT AVAILABLE,NOT AVAILABLE,410085b1-018a-439f-a7e3-0bc5ae4f6451,PROLIFIC,06-Apr-2020 17:55:46,217,9146,e9fecbbb-6552-40c1-9e72-d061ed9270e8,I know that all or most plunger(s) roll regularly or are used for rolling regularly. ,I know that all or most bug(s) crawl regularly or are used for crawling regularly. ,I know that all or most baby(s) walk regularly or are used for walking regularly. ,3,1,https://app.prolific.co/submissions/complete?cc=1C969808,64059,b1efb4f8-da21-4a82-92d7-824cfdb8327f,2020-04-06 17:55:46,1054.76,2020-04-06 15:45:45.354000,2020-04-06 16:03:20.114000,22.0,false,afforded_usual,roll,plunger,../data/prolific_output/run3-group_experiment1/qu70-s_qu70-batch46.csv
qu70-s_qu70-batch46.csv,,NOT AVAILABLE,NOT AVAILABLE,ad3e5bec-9486-4707-b193-4ab747599819,PROLIFIC,06-Apr-2020 18:15:52,217,9146,e9fecbbb-6552-40c1-9e72-d061ed9270e8,I know that all or most plunger(s) roll regularly or are used for rolling regularly. ,I know that all or most bug(s) crawl regularly or are used for crawling regularly. ,I know that all or most baby(s) walk regularly or are used for walking regularly. ,3,1,https://app.prolific.co/submissions/complete?cc=1C969808,65160,91554ca0-7680-4261-b17c-024056199f69,2020-04-06 18:15:52,2199.534,2020-04-06 15:45:36.925000,2020-04-06 16:22:16.459000,5.0,false,afforded_usual,roll,plunger,../data/prolific_output/run3-group_experiment1/qu70-s_qu70-batch46.csv
qu70-s_qu70-batch46.csv,,NOT AVAILABLE,NOT AVAILABLE,ad3e5bec-9486-4707-b193-4ab747599819,PROLIFIC,06-Apr-2020 18:04:27,217,9146,e9fecbbb-6552-40c1-9e72-d061ed9270e8,I know that all or most plunger(s) roll regularly or are used for rolling regularly. ,I know that all or most bug(s) crawl regularly or are used for crawling regularly. ,I know that all or most baby(s) walk regularly or are used for walking regularly. ,3,1,https://app.prolific.co/submissions/complete?cc=1C969808,64852,2913561c-9da3-4a29-8f8c-9199d5ce373a,2020-04-06 18:04:27,2199.534,2020-04-06 15:45:36.925000,2020-04-06 16:22:16.459000,7.0,false,afforded_usual,roll,plunger,../data/prolific_output/run3-group_experiment1/qu70-s_qu70-batch46.csv
qu70-s_qu70-batch46.csv,,NOT AVAILABLE,NOT AVAILABLE,8116ec6c-df4c-4563-bfeb-943aaba3b711,PROLIFIC,06-Apr-2020 17:56:05,217,9146,e9fecbbb-6552-40c1-9e72-d061ed9270e8,I know that all or most plunger(s) roll regularly or are used for rolling regularly. ,I know that all or most bug(s) crawl regularly or are used for crawling regularly. ,I know that all or most baby(s) walk regularly or are used for walking regularly. ,3,1,https://app.prolific.co/submissions/complete?cc=1C969808,64080,55b70efd-56c3-4123-a0ec-e604b972d1c9,2020-04-06 17:56:05,1289.294,2020-04-06 15:43:19.729000,2020-04-06 16:04:49.023000,21.0,false,afforded_usual,roll,plunger,../data/prolific_output/run3-group_experiment1/qu70-s_qu70-batch46.csv
qu70-s_qu70-batch46.csv,,NOT AVAILABLE,NOT AVAILABLE,1ebdafcc-fce7-41e2-9d93-aac9e254782e,PROLIFIC,06-Apr-2020 18:04:18,217,9146,e9fecbbb-6552-40c1-9e72-d061ed9270e8,I know that all or most plunger(s) roll regularly or are used for rolling regularly. ,I know that all or most bug(s) crawl regularly or are used for crawling regularly. ,I know that all or most baby(s) walk regularly or are used for walking regularly. ,3,1,https://app.prolific.co/submissions/complete?cc=1C969808,64842,53d82d61-cbc1-4fb1-b9ef-85d2f2fe93da,2020-04-06 18:04:18,1424.083,2020-04-06 15:45:14.573000,2020-04-06 16:08:58.656000,8.0,false,afforded_usual,roll,plunger,../data/prolific_output/run3-group_experiment1/qu70-s_qu70-batch46.csv
qu70-s_qu70-batch46.csv,,NOT AVAILABLE,NOT AVAILABLE,995ae989-0025-45e0-aa77-56eb008cb1d6,PROLIFIC,06-Apr-2020 17:51:33,217,9146,e9fecbbb-6552-40c1-9e72-d061ed9270e8,I know that all or most plunger(s) roll regularly or are used for rolling regularly. ,I know that all or most bug(s) crawl regularly or are used for crawling regularly. ,I know that all or most baby(s) walk regularly or are used for walking regularly. ,3,1,https://app.prolific.co/submissions/complete?cc=1C969808,63803,791c5440-f7b0-4357-be7b-891177618997,2020-04-06 17:51:33,185.294,2020-04-06 15:48:33.722000,2020-04-06 15:51:39.016000,3.0,false,afforded_usual,roll,plunger,../data/prolific_output/run3-group_experiment1/qu70-s_qu70-batch46.csv
qu70-s_qu70-batch46.csv,,NOT AVAILABLE,NOT AVAILABLE,fa8d1f1f-9017-4726-9b37-34e97e3f4b5f,PROLIFIC,06-Apr-2020 17:51:03,217,9146,e9fecbbb-6552-40c1-9e72-d061ed9270e8,I know that all or most plunger(s) roll regularly or are used for rolling regularly. ,I know that all or most bug(s) crawl regularly or are used for crawling regularly. ,I know that all or most baby(s) walk regularly or are used for walking regularly. ,3,1,https://app.prolific.co/submissions/complete?cc=1C969808,63744,01400ff4-c2d6-4247-8fbc-ac66f28cd887,2020-04-06 17:51:03,417.94,2020-04-06 15:48:14.268000,2020-04-06 15:55:12.208000,1.0,true,afforded_usual,roll,plunger,../data/prolific_output/run3-group_experiment1/qu70-s_qu70-batch46.csv
qu70-s_qu70-batch46.csv,,NOT AVAILABLE,NOT AVAILABLE,ff5b40d9-36ab-4b0c-96cd-b8b200165b5f,PROLIFIC,06-Apr-2020 17:53:30,217,9146,e9fecbbb-6552-40c1-9e72-d061ed9270e8,I know that all or most plunger(s) roll regularly or are used for rolling regularly. ,I know that all or most bug(s) crawl regularly or are used for crawling regularly. ,I know that all or most baby(s) walk regularly or are used for walking regularly. ,3,1,https://app.prolific.co/submissions/complete?cc=1C969808,63925,854c905c-1c10-4c3c-8e5e-b3b3aed6ed3e,2020-04-06 17:53:30,,,,1.0,true,afforded_usual,roll,plunger,../data/prolific_output/run3-group_experiment1/qu70-s_qu70-batch46.csv
qu70-s_qu70-batch46.csv,,NOT AVAILABLE,NOT AVAILABLE,def5c589-9118-419e-932b-0f312d0bec25,PROLIFIC,06-Apr-2020 17:50:50,217,9146,e9fecbbb-6552-40c1-9e72-d061ed9270e8,I know that all or most plunger(s) roll regularly or are used for rolling regularly. ,I know that all or most bug(s) crawl regularly or are used for crawling regularly. ,I know that all or most baby(s) walk regularly or are used for walking regularly. ,3,1,https://app.prolific.co/submissions/complete?cc=1C969808,63711,4302f13b-b0fb-4869-ab01-3af8283cc4e8,2020-04-06 17:50:50,,,,6.0,true,afforded_usual,roll,plunger,../data/prolific_output/run3-group_experiment1/qu70-s_qu70-batch46.csv
qu70-s_qu70-batch46.csv,,NOT AVAILABLE,NOT AVAILABLE,b759a9fb-a047-48ec-b0ee-199261b8060c,PROLIFIC,06-Apr-2020 18:01:36,217,9146,e9fecbbb-6552-40c1-9e72-d061ed9270e8,I know that all or most plunger(s) roll regularly or are used for rolling regularly. ,I know that all or most bug(s) crawl regularly or are used for crawling regularly. ,I know that all or most baby(s) walk regularly or are used for walking regularly. ,3,1,https://app.prolific.co/submissions/complete?cc=1C969808,64590,c5ec6178-38ba-4182-9a5e-11e6c4461fec,2020-04-06 18:01:36,,,,6.0,false,afforded_usual,roll,plunger,../data/prolific_output/run3-group_experiment1/qu70-s_qu70-batch46.csv
qu70-s_qu70-batch46.csv,,NOT AVAILABLE,NOT AVAILABLE,ffd3f20d-b154-4bb6-8fa1-7f4ba9967b71,PROLIFIC,06-Apr-2020 17:46:27,217,9147,88c5030c-af6f-4734-a660-6a3f16dcfecf,You can find (a/an) plunger which can roll/be used for rolling. This is not what it usually does or is used for. ,You can find (a/an) knitting_needle which can pierce/be used for pierceing. This is not what it usually does or is used for. ,You can find (a/an) dog which can bark/be used for barking. This is not what it usually does or is used for. ,3,1,https://app.prolific.co/submissions/complete?cc=1C969808,63342,7ad39999-7aae-43cd-b1e5-629b8a121975,2020-04-06 17:46:27,418.472,2020-04-06 15:44:42.650000,2020-04-06 15:51:41.122000,7.0,true,afforded_unusual,roll,plunger,../data/prolific_output/run3-group_experiment1/qu70-s_qu70-batch46.csv
qu70-s_qu70-batch46.csv,,NOT AVAILABLE,NOT AVAILABLE,410085b1-018a-439f-a7e3-0bc5ae4f6451,PROLIFIC,06-Apr-2020 17:59:10,217,9147,88c5030c-af6f-4734-a660-6a3f16dcfecf,You can find (a/an) plunger which can roll/be used for rolling. This is not what it usually does or is used for. ,You can find (a/an) knitting_needle which can pierce/be used for pierceing. This is not what it usually does or is used for. ,You can find (a/an) dog which can bark/be used for barking. This is not what it usually does or is used for. ,3,1,https://app.prolific.co/submissions/complete?cc=1C969808,64362,eef5692a-eefb-4702-9cee-dd3eb46bcdcf,2020-04-06 17:59:10,1054.76,2020-04-06 15:45:45.354000,2020-04-06 16:03:20.114000,12.0,false,afforded_unusual,roll,plunger,../data/prolific_output/run3-group_experiment1/qu70-s_qu70-batch46.csv
qu70-s_qu70-batch46.csv,,NOT AVAILABLE,NOT AVAILABLE,ad3e5bec-9486-4707-b193-4ab747599819,PROLIFIC,06-Apr-2020 17:51:12,217,9147,88c5030c-af6f-4734-a660-6a3f16dcfecf,You can find (a/an) plunger which can roll/be used for rolling. This is not what it usually does or is used for. ,You can find (a/an) knitting_needle which can pierce/be used for pierceing. This is not what it usually does or is used for. ,You can find (a/an) dog which can bark/be used for barking. This is not what it usually does or is used for. ,3,1,https://app.prolific.co/submissions/complete?cc=1C969808,63764,f6984d73-c8c5-48e8-b50d-e104fab18fa2,2020-04-06 17:51:12,2199.534,2020-04-06 15:45:36.925000,2020-04-06 16:22:16.459000,335.075,false,afforded_unusual,roll,plunger,../data/prolific_output/run3-group_experiment1/qu70-s_qu70-batch46.csv
qu70-s_qu70-batch46.csv,,NOT AVAILABLE,NOT AVAILABLE,ad3e5bec-9486-4707-b193-4ab747599819,PROLIFIC,06-Apr-2020 18:20:18,217,9147,88c5030c-af6f-4734-a660-6a3f16dcfecf,You can find (a/an) plunger which can roll/be used for rolling. This is not what it usually does or is used for. ,You can find (a/an) knitting_needle which can pierce/be used for pierceing. This is not what it usually does or is used for. ,You can find (a/an) dog which can bark/be used for barking. This is not what it usually does or is used for. ,3,1,https://app.prolific.co/submissions/complete?cc=1C969808,65213,2b64144b-7175-4e60-af3e-0b4babd45680,2020-04-06 18:20:18,2199.534,2020-04-06 15:45:36.925000,2020-04-06 16:22:16.459000,5.0,false,afforded_unusual,roll,plunger,../data/prolific_output/run3-group_experiment1/qu70-s_qu70-batch46.csv
qu70-s_qu70-batch46.csv,,NOT AVAILABLE,NOT AVAILABLE,8116ec6c-df4c-4563-bfeb-943aaba3b711,PROLIFIC,06-Apr-2020 17:50:15,217,9147,88c5030c-af6f-4734-a660-6a3f16dcfecf,You can find (a/an) plunger which can roll/be used for rolling. This is not what it usually does or is used for. ,You can find (a/an) knitting_needle which can pierce/be used for pierceing. This is not what it usually does or is used for. ,You can find (a/an) dog which can bark/be used for barking. This is not what it usually does or is used for. ,3,1,https://app.prolific.co/submissions/complete?cc=1C969808,63638,19681aeb-9669-4c61-a7e9-ba071d1cede9,2020-04-06 17:50:15,1289.294,2020-04-06 15:43:19.729000,2020-04-06 16:04:49.023000,36.0,true,afforded_unusual,roll,plunger,../data/prolific_output/run3-group_experiment1/qu70-s_qu70-batch46.csv
qu70-s_qu70-batch46.csv,,NOT AVAILABLE,NOT AVAILABLE,1ebdafcc-fce7-41e2-9d93-aac9e254782e,PROLIFIC,06-Apr-2020 18:04:40,217,9147,88c5030c-af6f-4734-a660-6a3f16dcfecf,You can find (a/an) plunger which can roll/be used for rolling. This is not what it usually does or is used for. ,You can find (a/an) knitting_needle which can pierce/be used for pierceing. This is not what it usually does or is used for. ,You can find (a/an) dog which can bark/be used for barking. This is not what it usually does or is used for. ,3,1,https://app.prolific.co/submissions/complete?cc=1C969808,64866,ea888ca0-c311-4eec-9d38-763f4e43b58d,2020-04-06 18:04:40,1424.083,2020-04-06 15:45:14.573000,2020-04-06 16:08:58.656000,7.0,true,afforded_unusual,roll,plunger,../data/prolific_output/run3-group_experiment1/qu70-s_qu70-batch46.csv
qu70-s_qu70-batch46.csv,,NOT AVAILABLE,NOT AVAILABLE,995ae989-0025-45e0-aa77-56eb008cb1d6,PROLIFIC,06-Apr-2020 17:50:25,217,9147,88c5030c-af6f-4734-a660-6a3f16dcfecf,You can find (a/an) plunger which can roll/be used for rolling. This is not what it usually does or is used for. ,You can find (a/an) knitting_needle which can pierce/be used for pierceing. This is not what it usually does or is used for. ,You can find (a/an) dog which can bark/be used for barking. This is not what it usually does or is used for. ,3,1,https://app.prolific.co/submissions/complete?cc=1C969808,63657,577df387-09aa-4147-969e-71723688e20d,2020-04-06 17:50:25,185.294,2020-04-06 15:48:33.722000,2020-04-06 15:51:39.016000,2.0,false,afforded_unusual,roll,plunger,../data/prolific_output/run3-group_experiment1/qu70-s_qu70-batch46.csv
qu70-s_qu70-batch46.csv,,NOT AVAILABLE,NOT AVAILABLE,fa8d1f1f-9017-4726-9b37-34e97e3f4b5f,PROLIFIC,06-Apr-2020 17:52:05,217,9147,88c5030c-af6f-4734-a660-6a3f16dcfecf,You can find (a/an) plunger which can roll/be used for rolling. This is not what it usually does or is used for. ,You can find (a/an) knitting_needle which can pierce/be used for pierceing. This is not what it usually does or is used for. ,You can find (a/an) dog which can bark/be used for barking. This is not what it usually does or is used for. ,3,1,https://app.prolific.co/submissions/complete?cc=1C969808,63851,4dbc21bb-21bf-4682-b079-fb9233db8fe1,2020-04-06 17:52:05,417.94,2020-04-06 15:48:14.268000,2020-04-06 15:55:12.208000,2.0,false,afforded_unusual,roll,plunger,../data/prolific_output/run3-group_experiment1/qu70-s_qu70-batch46.csv
qu70-s_qu70-batch46.csv,,NOT AVAILABLE,NOT AVAILABLE,ff5b40d9-36ab-4b0c-96cd-b8b200165b5f,PROLIFIC,06-Apr-2020 17:55:05,217,9147,88c5030c-af6f-4734-a660-6a3f16dcfecf,You can find (a/an) plunger which can roll/be used for rolling. This is not what it usually does or is used for. ,You can find (a/an) knitting_needle which can pierce/be used for pierceing. This is not what it usually does or is used for. ,You can find (a/an) dog which can bark/be used for barking. This is not what it usually does or is used for. ,3,1,https://app.prolific.co/submissions/complete?cc=1C969808,64001,6fa375cf-1285-4c2a-9037-ca0de9a9f025,2020-04-06 17:55:05,,,,3.0,true,afforded_unusual,roll,plunger,../data/prolific_output/run3-group_experiment1/qu70-s_qu70-batch46.csv
qu70-s_qu70-batch46.csv,,NOT AVAILABLE,NOT AVAILABLE,def5c589-9118-419e-932b-0f312d0bec25,PROLIFIC,06-Apr-2020 17:49:11,217,9147,88c5030c-af6f-4734-a660-6a3f16dcfecf,You can find (a/an) plunger which can roll/be used for rolling. This is not what it usually does or is used for. ,You can find (a/an) knitting_needle which can pierce/be used for pierceing. This is not what it usually does or is used for. ,You can find (a/an) dog which can bark/be used for barking. This is not what it usually does or is used for. ,3,1,https://app.prolific.co/submissions/complete?cc=1C969808,63533,50639eb9-47fa-4996-a6bd-24bbee93bd53,2020-04-06 17:49:11,,,,10.0,true,afforded_unusual,roll,plunger,../data/prolific_output/run3-group_experiment1/qu70-s_qu70-batch46.csv
qu70-s_qu70-batch46.csv,,NOT AVAILABLE,NOT AVAILABLE,b759a9fb-a047-48ec-b0ee-199261b8060c,PROLIFIC,06-Apr-2020 18:01:45,217,9147,88c5030c-af6f-4734-a660-6a3f16dcfecf,You can find (a/an) plunger which can roll/be used for rolling. This is not what it usually does or is used for. ,You can find (a/an) knitting_needle which can pierce/be used for pierceing. This is not what it usually does or is used for. ,You can find (a/an) dog which can bark/be used for barking. This is not what it usually does or is used for. ,3,1,https://app.prolific.co/submissions/complete?cc=1C969808,64606,d6ce0d76-d23a-442a-b704-5279b38710bf,2020-04-06 18:01:45,,,,9.0,true,afforded_unusual,roll,plunger,../data/prolific_output/run3-group_experiment1/qu70-s_qu70-batch46.csv
qu70-s_qu70-batch46.csv,,NOT AVAILABLE,NOT AVAILABLE,ffd3f20d-b154-4bb6-8fa1-7f4ba9967b71,PROLIFIC,06-Apr-2020 17:49:48,217,9148,f136fa8e-700c-43fc-b0cf-3062efbd7d59,I know that (a/an) plunger can roll/be used for rolling as most or all other things similar to (a/an) plunger roll. ,I know that (a/an) apple_tree can grow/be used for growing as most or all other things similar to (a/an) apple_tree grow. ,I know that (a/an) goldfish can speak/be used for speaking as most or all other things similar to (a/an) goldfish speak. ,3,1,https://app.prolific.co/submissions/complete?cc=1C969808,63579,c435a7da-dc7a-45b7-bb80-e03da729cc49,2020-04-06 17:49:48,418.472,2020-04-06 15:44:42.650000,2020-04-06 15:51:41.122000,4.0,false,implied_category,roll,plunger,../data/prolific_output/run3-group_experiment1/qu70-s_qu70-batch46.csv
qu70-s_qu70-batch46.csv,,NOT AVAILABLE,NOT AVAILABLE,410085b1-018a-439f-a7e3-0bc5ae4f6451,PROLIFIC,06-Apr-2020 17:54:00,217,9148,f136fa8e-700c-43fc-b0cf-3062efbd7d59,I know that (a/an) plunger can roll/be used for rolling as most or all other things similar to (a/an) plunger roll. ,I know that (a/an) apple_tree can grow/be used for growing as most or all other things similar to (a/an) apple_tree grow. ,I know that (a/an) goldfish can speak/be used for speaking as most or all other things similar to (a/an) goldfish speak. ,3,1,https://app.prolific.co/submissions/complete?cc=1C969808,63942,65776847-0774-44e4-84fc-733d6ae1e61f,2020-04-06 17:54:00,1054.76,2020-04-06 15:45:45.354000,2020-04-06 16:03:20.114000,30.0,false,implied_category,roll,plunger,../data/prolific_output/run3-group_experiment1/qu70-s_qu70-batch46.csv
qu70-s_qu70-batch46.csv,,NOT AVAILABLE,NOT AVAILABLE,ad3e5bec-9486-4707-b193-4ab747599819,PROLIFIC,06-Apr-2020 18:20:46,217,9148,f136fa8e-700c-43fc-b0cf-3062efbd7d59,I know that (a/an) plunger can roll/be used for rolling as most or all other things similar to (a/an) plunger roll. ,I know that (a/an) apple_tree can grow/be used for growing as most or all other things similar to (a/an) apple_tree grow. ,I know that (a/an) goldfish can speak/be used for speaking as most or all other things similar to (a/an) goldfish speak. ,3,1,https://app.prolific.co/submissions/complete?cc=1C969808,65224,01e6bd3f-011b-457a-bc10-26fc40025480,2020-04-06 18:20:46,2199.534,2020-04-06 15:45:36.925000,2020-04-06 16:22:16.459000,6.0,true,implied_category,roll,plunger,../data/prolific_output/run3-group_experiment1/qu70-s_qu70-batch46.csv
qu70-s_qu70-batch46.csv,,NOT AVAILABLE,NOT AVAILABLE,8116ec6c-df4c-4563-bfeb-943aaba3b711,PROLIFIC,06-Apr-2020 18:01:14,217,9148,f136fa8e-700c-43fc-b0cf-3062efbd7d59,I know that (a/an) plunger can roll/be used for rolling as most or all other things similar to (a/an) plunger roll. ,I know that (a/an) apple_tree can grow/be used for growing as most or all other things similar to (a/an) apple_tree grow. ,I know that (a/an) goldfish can speak/be used for speaking as most or all other things similar to (a/an) goldfish speak. ,3,1,https://app.prolific.co/submissions/complete?cc=1C969808,64557,6b983755-1e66-4245-84ce-ecc56dc50843,2020-04-06 18:01:14,1289.294,2020-04-06 15:43:19.729000,2020-04-06 16:04:49.023000,9.0,false,implied_category,roll,plunger,../data/prolific_output/run3-group_experiment1/qu70-s_qu70-batch46.csv
qu70-s_qu70-batch46.csv,,NOT AVAILABLE,NOT AVAILABLE,1ebdafcc-fce7-41e2-9d93-aac9e254782e,PROLIFIC,06-Apr-2020 18:01:12,217,9148,f136fa8e-700c-43fc-b0cf-3062efbd7d59,I know that (a/an) plunger can roll/be used for rolling as most or all other things similar to (a/an) plunger roll. ,I know that (a/an) apple_tree can grow/be used for growing as most or all other things similar to (a/an) apple_tree grow. ,I know that (a/an) goldfish can speak/be used for speaking as most or all other things similar to (a/an) goldfish speak. ,3,1,https://app.prolific.co/submissions/complete?cc=1C969808,64553,75b402f6-6c3d-45ee-944e-f96217ebf864,2020-04-06 18:01:12,1424.083,2020-04-06 15:45:14.573000,2020-04-06 16:08:58.656000,34.0,true,implied_category,roll,plunger,../data/prolific_output/run3-group_experiment1/qu70-s_qu70-batch46.csv
qu70-s_qu70-batch46.csv,,NOT AVAILABLE,NOT AVAILABLE,995ae989-0025-45e0-aa77-56eb008cb1d6,PROLIFIC,06-Apr-2020 17:49:53,217,9148,f136fa8e-700c-43fc-b0cf-3062efbd7d59,I know that (a/an) plunger can roll/be used for rolling as most or all other things similar to (a/an) plunger roll. ,I know that (a/an) apple_tree can grow/be used for growing as most or all other things similar to (a/an) apple_tree grow. ,I know that (a/an) goldfish can speak/be used for speaking as most or all other things similar to (a/an) goldfish speak. ,3,1,https://app.prolific.co/submissions/complete?cc=1C969808,63590,983857e0-41f8-4dad-8a41-b94039225c6e,2020-04-06 17:49:53,185.294,2020-04-06 15:48:33.722000,2020-04-06 15:51:39.016000,1.0,true,implied_category,roll,plunger,../data/prolific_output/run3-group_experiment1/qu70-s_qu70-batch46.csv
qu70-s_qu70-batch46.csv,,NOT AVAILABLE,NOT AVAILABLE,fa8d1f1f-9017-4726-9b37-34e97e3f4b5f,PROLIFIC,06-Apr-2020 17:54:28,217,9148,f136fa8e-700c-43fc-b0cf-3062efbd7d59,I know that (a/an) plunger can roll/be used for rolling as most or all other things similar to (a/an) plunger roll. ,I know that (a/an) apple_tree can grow/be used for growing as most or all other things similar to (a/an) apple_tree grow. ,I know that (a/an) goldfish can speak/be used for speaking as most or all other things similar to (a/an) goldfish speak. ,3,1,https://app.prolific.co/submissions/complete?cc=1C969808,63966,ce2e2ffa-ec92-4e22-ba94-a138cb5761a1,2020-04-06 17:54:28,417.94,2020-04-06 15:48:14.268000,2020-04-06 15:55:12.208000,2.0,false,implied_category,roll,plunger,../data/prolific_output/run3-group_experiment1/qu70-s_qu70-batch46.csv
qu70-s_qu70-batch46.csv,,NOT AVAILABLE,NOT AVAILABLE,ff5b40d9-36ab-4b0c-96cd-b8b200165b5f,PROLIFIC,06-Apr-2020 17:56:12,217,9148,f136fa8e-700c-43fc-b0cf-3062efbd7d59,I know that (a/an) plunger can roll/be used for rolling as most or all other things similar to (a/an) plunger roll. ,I know that (a/an) apple_tree can grow/be used for growing as most or all other things similar to (a/an) apple_tree grow. ,I know that (a/an) goldfish can speak/be used for speaking as most or all other things similar to (a/an) goldfish speak. ,3,1,https://app.prolific.co/submissions/complete?cc=1C969808,64092,adc5e350-2bcd-4a9d-8692-6796c562f912,2020-04-06 17:56:12,,,,2.0,true,implied_category,roll,plunger,../data/prolific_output/run3-group_experiment1/qu70-s_qu70-batch46.csv
qu70-s_qu70-batch46.csv,,NOT AVAILABLE,NOT AVAILABLE,def5c589-9118-419e-932b-0f312d0bec25,PROLIFIC,06-Apr-2020 17:48:23,217,9148,f136fa8e-700c-43fc-b0cf-3062efbd7d59,I know that (a/an) plunger can roll/be used for rolling as most or all other things similar to (a/an) plunger roll. ,I know that (a/an) apple_tree can grow/be used for growing as most or all other things similar to (a/an) apple_tree grow. ,I know that (a/an) goldfish can speak/be used for speaking as most or all other things similar to (a/an) goldfish speak. ,3,1,https://app.prolific.co/submissions/complete?cc=1C969808,63471,b3a2644d-e9b2-41cb-9de7-28eafcbb0921,2020-04-06 17:48:23,,,,10.0,true,implied_category,roll,plunger,../data/prolific_output/run3-group_experiment1/qu70-s_qu70-batch46.csv
qu70-s_qu70-batch46.csv,,NOT AVAILABLE,NOT AVAILABLE,b759a9fb-a047-48ec-b0ee-199261b8060c,PROLIFIC,06-Apr-2020 17:53:43,217,9148,f136fa8e-700c-43fc-b0cf-3062efbd7d59,I know that (a/an) plunger can roll/be used for rolling as most or all other things similar to (a/an) plunger roll. ,I know that (a/an) apple_tree can grow/be used for growing as most or all other things similar to (a/an) apple_tree grow. ,I know that (a/an) goldfish can speak/be used for speaking as most or all other things similar to (a/an) goldfish speak. ,3,1,https://app.prolific.co/submissions/complete?cc=1C969808,63930,8d4ee21d-6aa4-4e7e-bc47-2c088c6e3d10,2020-04-06 17:53:43,,,,36.0,false,implied_category,roll,plunger,../data/prolific_output/run3-group_experiment1/qu70-s_qu70-batch46.csv
qu70-s_qu70-batch46.csv,,NOT AVAILABLE,NOT AVAILABLE,ffd3f20d-b154-4bb6-8fa1-7f4ba9967b71,PROLIFIC,06-Apr-2020 17:48:47,217,9149,4b80e56d-0f63-49ff-ab2d-9cc6429a5fe3,"Usually, (a/an) plunger cannot roll/be used for rolling, but there could be a highly unusual situation in which (a/an) plunger can roll.","Usually, (a/an) rat cannot cook/be used for cooking, but there could be a highly unusual situation in which (a/an) rat can cook.","Usually, (a/an) teacher cannot teach/be used for teaching, but there could be a highly unusual situation in which (a/an) teacher can teach.",3,1,https://app.prolific.co/submissions/complete?cc=1C969808,63507,0ac13018-4b16-46c7-aec0-8575c7f2dd26,2020-04-06 17:48:47,418.472,2020-04-06 15:44:42.650000,2020-04-06 15:51:41.122000,6.0,true,unusual,roll,plunger,../data/prolific_output/run3-group_experiment1/qu70-s_qu70-batch46.csv
qu70-s_qu70-batch46.csv,,NOT AVAILABLE,NOT AVAILABLE,410085b1-018a-439f-a7e3-0bc5ae4f6451,PROLIFIC,06-Apr-2020 17:57:44,217,9149,4b80e56d-0f63-49ff-ab2d-9cc6429a5fe3,"Usually, (a/an) plunger cannot roll/be used for rolling, but there could be a highly unusual situation in which (a/an) plunger can roll.","Usually, (a/an) rat cannot cook/be used for cooking, but there could be a highly unusual situation in which (a/an) rat can cook.","Usually, (a/an) teacher cannot teach/be used for teaching, but there could be a highly unusual situation in which (a/an) teacher can teach.",3,1,https://app.prolific.co/submissions/complete?cc=1C969808,64234,6bbe9e0a-54be-47ca-afdb-4ccfc5c14766,2020-04-06 17:57:44,1054.76,2020-04-06 15:45:45.354000,2020-04-06 16:03:20.114000,6.0,true,unusual,roll,plunger,../data/prolific_output/run3-group_experiment1/qu70-s_qu70-batch46.csv
qu70-s_qu70-batch46.csv,,NOT AVAILABLE,NOT AVAILABLE,ad3e5bec-9486-4707-b193-4ab747599819,PROLIFIC,06-Apr-2020 18:21:45,217,9149,4b80e56d-0f63-49ff-ab2d-9cc6429a5fe3,"Usually, (a/an) plunger cannot roll/be used for rolling, but there could be a highly unusual situation in which (a/an) plunger can roll.","Usually, (a/an) rat cannot cook/be used for cooking, but there could be a highly unusual situation in which (a/an) rat can cook.","Usually, (a/an) teacher cannot teach/be used for teaching, but there could be a highly unusual situation in which (a/an) teacher can teach.",3,1,https://app.prolific.co/submissions/complete?cc=1C969808,65246,646e52d7-8402-4800-9f79-fe37a87430f7,2020-04-06 18:21:45,2199.534,2020-04-06 15:45:36.925000,2020-04-06 16:22:16.459000,10.0,true,unusual,roll,plunger,../data/prolific_output/run3-group_experiment1/qu70-s_qu70-batch46.csv
qu70-s_qu70-batch46.csv,,NOT AVAILABLE,NOT AVAILABLE,ad3e5bec-9486-4707-b193-4ab747599819,PROLIFIC,06-Apr-2020 18:01:54,217,9149,4b80e56d-0f63-49ff-ab2d-9cc6429a5fe3,"Usually, (a/an) plunger cannot roll/be used for rolling, but there could be a highly unusual situation in which (a/an) plunger can roll.","Usually, (a/an) rat cannot cook/be used for cooking, but there could be a highly unusual situation in which (a/an) rat can cook.","Usually, (a/an) teacher cannot teach/be used for teaching, but there could be a highly unusual situation in which (a/an) teacher can teach.",3,1,https://app.prolific.co/submissions/complete?cc=1C969808,64622,515deac2-04d6-444d-a1cf-7d728d808049,2020-04-06 18:01:54,2199.534,2020-04-06 15:45:36.925000,2020-04-06 16:22:16.459000,12.0,true,unusual,roll,plunger,../data/prolific_output/run3-group_experiment1/qu70-s_qu70-batch46.csv
qu70-s_qu70-batch46.csv,,NOT AVAILABLE,NOT AVAILABLE,8116ec6c-df4c-4563-bfeb-943aaba3b711,PROLIFIC,06-Apr-2020 18:01:51,217,9149,4b80e56d-0f63-49ff-ab2d-9cc6429a5fe3,"Usually, (a/an) plunger cannot roll/be used for rolling, but there could be a highly unusual situation in which (a/an) plunger can roll.","Usually, (a/an) rat cannot cook/be used for cooking, but there could be a highly unusual situation in which (a/an) rat can cook.","Usually, (a/an) teacher cannot teach/be used for teaching, but there could be a highly unusual situation in which (a/an) teacher can teach.",3,1,https://app.prolific.co/submissions/complete?cc=1C969808,64616,be814535-d439-4cc6-aa4d-633aac342540,2020-04-06 18:01:51,1289.294,2020-04-06 15:43:19.729000,2020-04-06 16:04:49.023000,8.0,true,unusual,roll,plunger,../data/prolific_output/run3-group_experiment1/qu70-s_qu70-batch46.csv
qu70-s_qu70-batch46.csv,,NOT AVAILABLE,NOT AVAILABLE,1ebdafcc-fce7-41e2-9d93-aac9e254782e,PROLIFIC,06-Apr-2020 18:05:28,217,9149,4b80e56d-0f63-49ff-ab2d-9cc6429a5fe3,"Usually, (a/an) plunger cannot roll/be used for rolling, but there could be a highly unusual situation in which (a/an) plunger can roll.","Usually, (a/an) rat cannot cook/be used for cooking, but there could be a highly unusual situation in which (a/an) rat can cook.","Usually, (a/an) teacher cannot teach/be used for teaching, but there could be a highly unusual situation in which (a/an) teacher can teach.",3,1,https://app.prolific.co/submissions/complete?cc=1C969808,64922,1837922f-7044-4d3b-a0c5-657a34be943a,2020-04-06 18:05:28,1424.083,2020-04-06 15:45:14.573000,2020-04-06 16:08:58.656000,9.0,true,unusual,roll,plunger,../data/prolific_output/run3-group_experiment1/qu70-s_qu70-batch46.csv
qu70-s_qu70-batch46.csv,,NOT AVAILABLE,NOT AVAILABLE,995ae989-0025-45e0-aa77-56eb008cb1d6,PROLIFIC,06-Apr-2020 17:50:06,217,9149,4b80e56d-0f63-49ff-ab2d-9cc6429a5fe3,"Usually, (a/an) plunger cannot roll/be used for rolling, but there could be a highly unusual situation in which (a/an) plunger can roll.","Usually, (a/an) rat cannot cook/be used for cooking, but there could be a highly unusual situation in which (a/an) rat can cook.","Usually, (a/an) teacher cannot teach/be used for teaching, but there could be a highly unusual situation in which (a/an) teacher can teach.",3,1,https://app.prolific.co/submissions/complete?cc=1C969808,63616,e78d6f58-c4cc-49be-96d5-f9ce289da4d4,2020-04-06 17:50:06,185.294,2020-04-06 15:48:33.722000,2020-04-06 15:51:39.016000,1.0,true,unusual,roll,plunger,../data/prolific_output/run3-group_experiment1/qu70-s_qu70-batch46.csv
qu70-s_qu70-batch46.csv,,NOT AVAILABLE,NOT AVAILABLE,fa8d1f1f-9017-4726-9b37-34e97e3f4b5f,PROLIFIC,06-Apr-2020 17:50:04,217,9149,4b80e56d-0f63-49ff-ab2d-9cc6429a5fe3,"Usually, (a/an) plunger cannot roll/be used for rolling, but there could be a highly unusual situation in which (a/an) plunger can roll.","Usually, (a/an) rat cannot cook/be used for cooking, but there could be a highly unusual situation in which (a/an) rat can cook.","Usually, (a/an) teacher cannot teach/be used for teaching, but there could be a highly unusual situation in which (a/an) teacher can teach.",3,1,https://app.prolific.co/submissions/complete?cc=1C969808,63612,a15feec0-5ea7-45af-8b3a-bcaff2d120f7,2020-04-06 17:50:04,417.94,2020-04-06 15:48:14.268000,2020-04-06 15:55:12.208000,9.0,false,unusual,roll,plunger,../data/prolific_output/run3-group_experiment1/qu70-s_qu70-batch46.csv
qu70-s_qu70-batch46.csv,,NOT AVAILABLE,NOT AVAILABLE,ff5b40d9-36ab-4b0c-96cd-b8b200165b5f,PROLIFIC,06-Apr-2020 17:56:12,217,9149,4b80e56d-0f63-49ff-ab2d-9cc6429a5fe3,"Usually, (a/an) plunger cannot roll/be used for rolling, but there could be a highly unusual situation in which (a/an) plunger can roll.","Usually, (a/an) rat cannot cook/be used for cooking, but there could be a highly unusual situation in which (a/an) rat can cook.","Usually, (a/an) teacher cannot teach/be used for teaching, but there could be a highly unusual situation in which (a/an) teacher can teach.",3,1,https://app.prolific.co/submissions/complete?cc=1C969808,64094,0f367399-df77-45b0-9232-e7043a84364a,2020-04-06 17:56:12,,,,2.0,true,unusual,roll,plunger,../data/prolific_output/run3-group_experiment1/qu70-s_qu70-batch46.csv
qu70-s_qu70-batch46.csv,,NOT AVAILABLE,NOT AVAILABLE,def5c589-9118-419e-932b-0f312d0bec25,PROLIFIC,06-Apr-2020 17:52:26,217,9149,4b80e56d-0f63-49ff-ab2d-9cc6429a5fe3,"Usually, (a/an) plunger cannot roll/be used for rolling, but there could be a highly unusual situation in which (a/an) plunger can roll.","Usually, (a/an) rat cannot cook/be used for cooking, but there could be a highly unusual situation in which (a/an) rat can cook.","Usually, (a/an) teacher cannot teach/be used for teaching, but there could be a highly unusual situation in which (a/an) teacher can teach.",3,1,https://app.prolific.co/submissions/complete?cc=1C969808,63880,031ba485-64f7-4011-9cad-dfcc9952c903,2020-04-06 17:52:26,,,,10.0,true,unusual,roll,plunger,../data/prolific_output/run3-group_experiment1/qu70-s_qu70-batch46.csv
qu70-s_qu70-batch46.csv,,NOT AVAILABLE,NOT AVAILABLE,b759a9fb-a047-48ec-b0ee-199261b8060c,PROLIFIC,06-Apr-2020 18:02:57,217,9149,4b80e56d-0f63-49ff-ab2d-9cc6429a5fe3,"Usually, (a/an) plunger cannot roll/be used for rolling, but there could be a highly unusual situation in which (a/an) plunger can roll.","Usually, (a/an) rat cannot cook/be used for cooking, but there could be a highly unusual situation in which (a/an) rat can cook.","Usually, (a/an) teacher cannot teach/be used for teaching, but there could be a highly unusual situation in which (a/an) teacher can teach.",3,1,https://app.prolific.co/submissions/complete?cc=1C969808,64728,0c0eb661-415a-4378-8542-873acf547919,2020-04-06 18:02:57,,,,6.0,true,unusual,roll,plunger,../data/prolific_output/run3-group_experiment1/qu70-s_qu70-batch46.csv
qu70-s_qu70-batch46.csv,,NOT AVAILABLE,NOT AVAILABLE,ffd3f20d-b154-4bb6-8fa1-7f4ba9967b71,PROLIFIC,06-Apr-2020 17:50:39,217,9150,43e5131b-0ed1-48df-93ae-763524a15eb5,"I could say ``(a/an) plunger rolls/is used for rolling"", but I would most certainly not mean it literally.","I could say ``(a/an) idea grows/is used for growing"", but I would most certainly not mean it literally.
I could say ``(a/an) person glows/is used for glowing"", but I would most certainly not mean it literally.
I could say ``(a/an) thought burns/is used for burning"", but I would most certainly not mean it literally.","I could say ``(a/an) plant grows/is used for growing"", but I would most certainly not mean it literally.
I could say ``(a/an) situation smiles/is used for smileing"", but I would most certainly not mean it literally.
I could say ``(a/an) candle burns/is used for burning"", but I would most certainly not mean it literally.",3,1,https://app.prolific.co/submissions/complete?cc=1C969808,63683,27ae081e-5687-4174-b84c-f726c0103b93,2020-04-06 17:50:39,418.472,2020-04-06 15:44:42.650000,2020-04-06 15:51:41.122000,6.0,true,creative,roll,plunger,../data/prolific_output/run3-group_experiment1/qu70-s_qu70-batch46.csv
qu70-s_qu70-batch46.csv,,NOT AVAILABLE,NOT AVAILABLE,410085b1-018a-439f-a7e3-0bc5ae4f6451,PROLIFIC,06-Apr-2020 17:54:08,217,9150,43e5131b-0ed1-48df-93ae-763524a15eb5,"I could say ``(a/an) plunger rolls/is used for rolling"", but I would most certainly not mean it literally.","I could say ``(a/an) idea grows/is used for growing"", but I would most certainly not mean it literally.
I could say ``(a/an) person glows/is used for glowing"", but I would most certainly not mean it literally.
I could say ``(a/an) thought burns/is used for burning"", but I would most certainly not mean it literally.","I could say ``(a/an) plant grows/is used for growing"", but I would most certainly not mean it literally.
I could say ``(a/an) situation smiles/is used for smileing"", but I would most certainly not mean it literally.
I could say ``(a/an) candle burns/is used for burning"", but I would most certainly not mean it literally.",3,1,https://app.prolific.co/submissions/complete?cc=1C969808,63948,18f37e2a-2229-4f1d-b456-4089578390e2,2020-04-06 17:54:08,1054.76,2020-04-06 15:45:45.354000,2020-04-06 16:03:20.114000,8.0,true,creative,roll,plunger,../data/prolific_output/run3-group_experiment1/qu70-s_qu70-batch46.csv
qu70-s_qu70-batch46.csv,,NOT AVAILABLE,NOT AVAILABLE,ad3e5bec-9486-4707-b193-4ab747599819,PROLIFIC,06-Apr-2020 18:21:56,217,9150,43e5131b-0ed1-48df-93ae-763524a15eb5,"I could say ``(a/an) plunger rolls/is used for rolling"", but I would most certainly not mean it literally.","I could say ``(a/an) idea grows/is used for growing"", but I would most certainly not mean it literally.
I could say ``(a/an) person glows/is used for glowing"", but I would most certainly not mean it literally.
I could say ``(a/an) thought burns/is used for burning"", but I would most certainly not mean it literally.","I could say ``(a/an) plant grows/is used for growing"", but I would most certainly not mean it literally.
I could say ``(a/an) situation smiles/is used for smileing"", but I would most certainly not mean it literally.
I could say ``(a/an) candle burns/is used for burning"", but I would most certainly not mean it literally.",3,1,https://app.prolific.co/submissions/complete?cc=1C969808,65250,fa9450ff-5c21-408c-8fed-7380450aa940,2020-04-06 18:21:56,2199.534,2020-04-06 15:45:36.925000,2020-04-06 16:22:16.459000,7.0,false,creative,roll,plunger,../data/prolific_output/run3-group_experiment1/qu70-s_qu70-batch46.csv
qu70-s_qu70-batch46.csv,,NOT AVAILABLE,NOT AVAILABLE,ad3e5bec-9486-4707-b193-4ab747599819,PROLIFIC,06-Apr-2020 17:55:28,217,9150,43e5131b-0ed1-48df-93ae-763524a15eb5,"I could say ``(a/an) plunger rolls/is used for rolling"", but I would most certainly not mean it literally.","I could say ``(a/an) idea grows/is used for growing"", but I would most certainly not mean it literally.
I could say ``(a/an) person glows/is used for glowing"", but I would most certainly not mean it literally.
I could say ``(a/an) thought burns/is used for burning"", but I would most certainly not mean it literally.","I could say ``(a/an) plant grows/is used for growing"", but I would most certainly not mean it literally.
I could say ``(a/an) situation smiles/is used for smileing"", but I would most certainly not mean it literally.
I could say ``(a/an) candle burns/is used for burning"", but I would most certainly not mean it literally.",3,1,https://app.prolific.co/submissions/complete?cc=1C969808,64041,1eb73a30-2fd4-4468-8cd6-52a5bb71b20e,2020-04-06 17:55:28,2199.534,2020-04-06 15:45:36.925000,2020-04-06 16:22:16.459000,86.0,false,creative,roll,plunger,../data/prolific_output/run3-group_experiment1/qu70-s_qu70-batch46.csv
qu70-s_qu70-batch46.csv,,NOT AVAILABLE,NOT AVAILABLE,8116ec6c-df4c-4563-bfeb-943aaba3b711,PROLIFIC,06-Apr-2020 17:51:26,217,9150,43e5131b-0ed1-48df-93ae-763524a15eb5,"I could say ``(a/an) plunger rolls/is used for rolling"", but I would most certainly not mean it literally.","I could say ``(a/an) idea grows/is used for growing"", but I would most certainly not mean it literally.
I could say ``(a/an) person glows/is used for glowing"", but I would most certainly not mean it literally.
I could say ``(a/an) thought burns/is used for burning"", but I would most certainly not mean it literally.","I could say ``(a/an) plant grows/is used for growing"", but I would most certainly not mean it literally.
I could say ``(a/an) situation smiles/is used for smileing"", but I would most certainly not mean it literally.
I could say ``(a/an) candle burns/is used for burning"", but I would most certainly not mean it literally.",3,1,https://app.prolific.co/submissions/complete?cc=1C969808,63793,13e0e54e-1869-4da1-a729-c9eb4ed96559,2020-04-06 17:51:26,1289.294,2020-04-06 15:43:19.729000,2020-04-06 16:04:49.023000,29.0,true,creative,roll,plunger,../data/prolific_output/run3-group_experiment1/qu70-s_qu70-batch46.csv
qu70-s_qu70-batch46.csv,,NOT AVAILABLE,NOT AVAILABLE,1ebdafcc-fce7-41e2-9d93-aac9e254782e,PROLIFIC,06-Apr-2020 17:51:39,217,9150,43e5131b-0ed1-48df-93ae-763524a15eb5,"I could say ``(a/an) plunger rolls/is used for rolling"", but I would most certainly not mean it literally.","I could say ``(a/an) idea grows/is used for growing"", but I would most certainly not mean it literally.
I could say ``(a/an) person glows/is used for glowing"", but I would most certainly not mean it literally.
I could say ``(a/an) thought burns/is used for burning"", but I would most certainly not mean it literally.","I could say ``(a/an) plant grows/is used for growing"", but I would most certainly not mean it literally.
I could say ``(a/an) situation smiles/is used for smileing"", but I would most certainly not mean it literally.
I could say ``(a/an) candle burns/is used for burning"", but I would most certainly not mean it literally.",3,1,https://app.prolific.co/submissions/complete?cc=1C969808,63817,fd1ec747-a1fc-4d10-80ac-20a9a29731e1,2020-04-06 17:51:39,1424.083,2020-04-06 15:45:14.573000,2020-04-06 16:08:58.656000,92.0,true,creative,roll,plunger,../data/prolific_output/run3-group_experiment1/qu70-s_qu70-batch46.csv
qu70-s_qu70-batch46.csv,,NOT AVAILABLE,NOT AVAILABLE,995ae989-0025-45e0-aa77-56eb008cb1d6,PROLIFIC,06-Apr-2020 17:50:44,217,9150,43e5131b-0ed1-48df-93ae-763524a15eb5,"I could say ``(a/an) plunger rolls/is used for rolling"", but I would most certainly not mean it literally.","I could say ``(a/an) idea grows/is used for growing"", but I would most certainly not mean it literally.
I could say ``(a/an) person glows/is used for glowing"", but I would most certainly not mean it literally.
I could say ``(a/an) thought burns/is used for burning"", but I would most certainly not mean it literally.","I could say ``(a/an) plant grows/is used for growing"", but I would most certainly not mean it literally.
I could say ``(a/an) situation smiles/is used for smileing"", but I would most certainly not mean it literally.
I could say ``(a/an) candle burns/is used for burning"", but I would most certainly not mean it literally.",3,1,https://app.prolific.co/submissions/complete?cc=1C969808,63698,bafe0afa-7748-4b7b-a568-66624336fb14,2020-04-06 17:50:44,185.294,2020-04-06 15:48:33.722000,2020-04-06 15:51:39.016000,1.0,false,creative,roll,plunger,../data/prolific_output/run3-group_experiment1/qu70-s_qu70-batch46.csv
qu70-s_qu70-batch46.csv,,NOT AVAILABLE,NOT AVAILABLE,fa8d1f1f-9017-4726-9b37-34e97e3f4b5f,PROLIFIC,06-Apr-2020 17:50:50,217,9150,43e5131b-0ed1-48df-93ae-763524a15eb5,"I could say ``(a/an) plunger rolls/is used for rolling"", but I would most certainly not mean it literally.","I could say ``(a/an) idea grows/is used for growing"", but I would most certainly not mean it literally.
I could say ``(a/an) person glows/is used for glowing"", but I would most certainly not mean it literally.
I could say ``(a/an) thought burns/is used for burning"", but I would most certainly not mean it literally.","I could say ``(a/an) plant grows/is used for growing"", but I would most certainly not mean it literally.
I could say ``(a/an) situation smiles/is used for smileing"", but I would most certainly not mean it literally.
I could say ``(a/an) candle burns/is used for burning"", but I would most certainly not mean it literally.",3,1,https://app.prolific.co/submissions/complete?cc=1C969808,63708,c69f5763-83c0-41f1-998a-57a34942032e,2020-04-06 17:50:50,417.94,2020-04-06 15:48:14.268000,2020-04-06 15:55:12.208000,3.0,false,creative,roll,plunger,../data/prolific_output/run3-group_experiment1/qu70-s_qu70-batch46.csv
qu70-s_qu70-batch46.csv,,NOT AVAILABLE,NOT AVAILABLE,ff5b40d9-36ab-4b0c-96cd-b8b200165b5f,PROLIFIC,06-Apr-2020 17:56:23,217,9150,43e5131b-0ed1-48df-93ae-763524a15eb5,"I could say ``(a/an) plunger rolls/is used for rolling"", but I would most certainly not mean it literally.","I could say ``(a/an) idea grows/is used for growing"", but I would most certainly not mean it literally.
I could say ``(a/an) person glows/is used for glowing"", but I would most certainly not mean it literally.
I could say ``(a/an) thought burns/is used for burning"", but I would most certainly not mean it literally.","I could say ``(a/an) plant grows/is used for growing"", but I would most certainly not mean it literally.
I could say ``(a/an) situation smiles/is used for smileing"", but I would most certainly not mean it literally.
I could say ``(a/an) candle burns/is used for burning"", but I would most certainly not mean it literally.",3,1,https://app.prolific.co/submissions/complete?cc=1C969808,64113,235fddc7-0410-4d0b-8bfb-1720b9f973c2,2020-04-06 17:56:23,,,,1.0,true,creative,roll,plunger,../data/prolific_output/run3-group_experiment1/qu70-s_qu70-batch46.csv
qu70-s_qu70-batch46.csv,,NOT AVAILABLE,NOT AVAILABLE,def5c589-9118-419e-932b-0f312d0bec25,PROLIFIC,06-Apr-2020 17:57:55,217,9150,43e5131b-0ed1-48df-93ae-763524a15eb5,"I could say ``(a/an) plunger rolls/is used for rolling"", but I would most certainly not mean it literally.","I could say ``(a/an) idea grows/is used for growing"", but I would most certainly not mean it literally.
I could say ``(a/an) person glows/is used for glowing"", but I would most certainly not mean it literally.
I could say ``(a/an) thought burns/is used for burning"", but I would most certainly not mean it literally.","I could say ``(a/an) plant grows/is used for growing"", but I would most certainly not mean it literally.
I could say ``(a/an) situation smiles/is used for smileing"", but I would most certainly not mean it literally.
I could say ``(a/an) candle burns/is used for burning"", but I would most certainly not mean it literally.",3,1,https://app.prolific.co/submissions/complete?cc=1C969808,64251,e52076d7-cec2-4798-bdd2-fe7cdb3b3f49,2020-04-06 17:57:55,,,,11.0,true,creative,roll,plunger,../data/prolific_output/run3-group_experiment1/qu70-s_qu70-batch46.csv
qu70-s_qu70-batch46.csv,,NOT AVAILABLE,NOT AVAILABLE,b759a9fb-a047-48ec-b0ee-199261b8060c,PROLIFIC,06-Apr-2020 18:02:17,217,9150,43e5131b-0ed1-48df-93ae-763524a15eb5,"I could say ``(a/an) plunger rolls/is used for rolling"", but I would most certainly not mean it literally.","I could say ``(a/an) idea grows/is used for growing"", but I would most certainly not mean it literally.
I could say ``(a/an) person glows/is used for glowing"", but I would most certainly not mean it literally.
I could say ``(a/an) thought burns/is used for burning"", but I would most certainly not mean it literally.","I could say ``(a/an) plant grows/is used for growing"", but I would most certainly not mean it literally.
I could say ``(a/an) situation smiles/is used for smileing"", but I would most certainly not mean it literally.
I could say ``(a/an) candle burns/is used for burning"", but I would most certainly not mean it literally.",3,1,https://app.prolific.co/submissions/complete?cc=1C969808,64657,2ee85af3-8f91-4832-a353-6ddea2b295cd,2020-04-06 18:02:17,,,,6.0,true,creative,roll,plunger,../data/prolific_output/run3-group_experiment1/qu70-s_qu70-batch46.csv
qu70-s_qu70-batch46.csv,,NOT AVAILABLE,NOT AVAILABLE,ffd3f20d-b154-4bb6-8fa1-7f4ba9967b71,PROLIFIC,06-Apr-2020 17:47:33,217,9151,ad33101b-cb54-46bc-ba03-1dcaddf4669b,"I think there is a plunger  which can roll/be used for rolling, but this is rare or uncommon.","I think there is a toddler  which can read/be used for reading, but this is rare or uncommon.","I think there is a teenager  which can read/be used for reading, but this is rare or uncommon.",3,1,https://app.prolific.co/submissions/complete?cc=1C969808,63423,b708e7cd-7c30-49f9-8e1d-a2f59d873881,2020-04-06 17:47:33,418.472,2020-04-06 15:44:42.650000,2020-04-06 15:51:41.122000,5.0,true,rare,roll,plunger,../data/prolific_output/run3-group_experiment1/qu70-s_qu70-batch46.csv
qu70-s_qu70-batch46.csv,,NOT AVAILABLE,NOT AVAILABLE,410085b1-018a-439f-a7e3-0bc5ae4f6451,PROLIFIC,06-Apr-2020 18:00:50,217,9151,ad33101b-cb54-46bc-ba03-1dcaddf4669b,"I think there is a plunger  which can roll/be used for rolling, but this is rare or uncommon.","I think there is a toddler  which can read/be used for reading, but this is rare or uncommon.","I think there is a teenager  which can read/be used for reading, but this is rare or uncommon.",3,1,https://app.prolific.co/submissions/complete?cc=1C969808,64518,eafe464f-f890-4444-9f38-3ce3a876ed49,2020-04-06 18:00:50,1054.76,2020-04-06 15:45:45.354000,2020-04-06 16:03:20.114000,6.0,false,rare,roll,plunger,../data/prolific_output/run3-group_experiment1/qu70-s_qu70-batch46.csv
qu70-s_qu70-batch46.csv,,NOT AVAILABLE,NOT AVAILABLE,ad3e5bec-9486-4707-b193-4ab747599819,PROLIFIC,06-Apr-2020 18:09:26,217,9151,ad33101b-cb54-46bc-ba03-1dcaddf4669b,"I think there is a plunger  which can roll/be used for rolling, but this is rare or uncommon.","I think there is a toddler  which can read/be used for reading, but this is rare or uncommon.","I think there is a teenager  which can read/be used for reading, but this is rare or uncommon.",3,1,https://app.prolific.co/submissions/complete?cc=1C969808,65075,4cb0e261-a2f0-467b-b12b-5eaa0a326ad4,2020-04-06 18:09:26,2199.534,2020-04-06 15:45:36.925000,2020-04-06 16:22:16.459000,12.0,true,rare,roll,plunger,../data/prolific_output/run3-group_experiment1/qu70-s_qu70-batch46.csv
qu70-s_qu70-batch46.csv,,NOT AVAILABLE,NOT AVAILABLE,ad3e5bec-9486-4707-b193-4ab747599819,PROLIFIC,06-Apr-2020 18:15:11,217,9151,ad33101b-cb54-46bc-ba03-1dcaddf4669b,"I think there is a plunger  which can roll/be used for rolling, but this is rare or uncommon.","I think there is a toddler  which can read/be used for reading, but this is rare or uncommon.","I think there is a teenager  which can read/be used for reading, but this is rare or uncommon.",3,1,https://app.prolific.co/submissions/complete?cc=1C969808,65151,b6c45083-1f8a-4655-a299-995365bee660,2020-04-06 18:15:11,2199.534,2020-04-06 15:45:36.925000,2020-04-06 16:22:16.459000,4.0,true,rare,roll,plunger,../data/prolific_output/run3-group_experiment1/qu70-s_qu70-batch46.csv
qu70-s_qu70-batch46.csv,,NOT AVAILABLE,NOT AVAILABLE,8116ec6c-df4c-4563-bfeb-943aaba3b711,PROLIFIC,06-Apr-2020 18:00:29,217,9151,ad33101b-cb54-46bc-ba03-1dcaddf4669b,"I think there is a plunger  which can roll/be used for rolling, but this is rare or uncommon.","I think there is a toddler  which can read/be used for reading, but this is rare or uncommon.","I think there is a teenager  which can read/be used for reading, but this is rare or uncommon.",3,1,https://app.prolific.co/submissions/complete?cc=1C969808,64487,604d068a-aaf3-4635-aa37-8d7196224ab7,2020-04-06 18:00:29,1289.294,2020-04-06 15:43:19.729000,2020-04-06 16:04:49.023000,9.0,true,rare,roll,plunger,../data/prolific_output/run3-group_experiment1/qu70-s_qu70-batch46.csv
qu70-s_qu70-batch46.csv,,NOT AVAILABLE,NOT AVAILABLE,1ebdafcc-fce7-41e2-9d93-aac9e254782e,PROLIFIC,06-Apr-2020 18:02:36,217,9151,ad33101b-cb54-46bc-ba03-1dcaddf4669b,"I think there is a plunger  which can roll/be used for rolling, but this is rare or uncommon.","I think there is a toddler  which can read/be used for reading, but this is rare or uncommon.","I think there is a teenager  which can read/be used for reading, but this is rare or uncommon.",3,1,https://app.prolific.co/submissions/complete?cc=1C969808,64688,03ab6c4f-4a71-4ce1-bd28-f1fa9eb7afec,2020-04-06 18:02:36,1424.083,2020-04-06 15:45:14.573000,2020-04-06 16:08:58.656000,15.0,true,rare,roll,plunger,../data/prolific_output/run3-group_experiment1/qu70-s_qu70-batch46.csv
qu70-s_qu70-batch46.csv,,NOT AVAILABLE,NOT AVAILABLE,995ae989-0025-45e0-aa77-56eb008cb1d6,PROLIFIC,06-Apr-2020 17:50:40,217,9151,ad33101b-cb54-46bc-ba03-1dcaddf4669b,"I think there is a plunger  which can roll/be used for rolling, but this is rare or uncommon.","I think there is a toddler  which can read/be used for reading, but this is rare or uncommon.","I think there is a teenager  which can read/be used for reading, but this is rare or uncommon.",3,1,https://app.prolific.co/submissions/complete?cc=1C969808,63688,24ec09f2-86ff-49e2-b63c-03e725ebb3b1,2020-04-06 17:50:40,185.294,2020-04-06 15:48:33.722000,2020-04-06 15:51:39.016000,1.0,false,rare,roll,plunger,../data/prolific_output/run3-group_experiment1/qu70-s_qu70-batch46.csv
qu70-s_qu70-batch46.csv,,NOT AVAILABLE,NOT AVAILABLE,fa8d1f1f-9017-4726-9b37-34e97e3f4b5f,PROLIFIC,06-Apr-2020 17:50:54,217,9151,ad33101b-cb54-46bc-ba03-1dcaddf4669b,"I think there is a plunger  which can roll/be used for rolling, but this is rare or uncommon.","I think there is a toddler  which can read/be used for reading, but this is rare or uncommon.","I think there is a teenager  which can read/be used for reading, but this is rare or uncommon.",3,1,https://app.prolific.co/submissions/complete?cc=1C969808,63717,2e07fa99-c338-4054-85e4-a4ab5675feb5,2020-04-06 17:50:54,417.94,2020-04-06 15:48:14.268000,2020-04-06 15:55:12.208000,3.0,false,rare,roll,plunger,../data/prolific_output/run3-group_experiment1/qu70-s_qu70-batch46.csv
qu70-s_qu70-batch46.csv,,NOT AVAILABLE,NOT AVAILABLE,ff5b40d9-36ab-4b0c-96cd-b8b200165b5f,PROLIFIC,06-Apr-2020 17:56:25,217,9151,ad33101b-cb54-46bc-ba03-1dcaddf4669b,"I think there is a plunger  which can roll/be used for rolling, but this is rare or uncommon.","I think there is a toddler  which can read/be used for reading, but this is rare or uncommon.","I think there is a teenager  which can read/be used for reading, but this is rare or uncommon.",3,1,https://app.prolific.co/submissions/complete?cc=1C969808,64117,f28a3aea-bcd6-4eda-9215-c83ad64b3c6f,2020-04-06 17:56:25,,,,1.0,true,rare,roll,plunger,../data/prolific_output/run3-group_experiment1/qu70-s_qu70-batch46.csv
qu70-s_qu70-batch46.csv,,NOT AVAILABLE,NOT AVAILABLE,def5c589-9118-419e-932b-0f312d0bec25,PROLIFIC,06-Apr-2020 17:46:33,217,9151,ad33101b-cb54-46bc-ba03-1dcaddf4669b,"I think there is a plunger  which can roll/be used for rolling, but this is rare or uncommon.","I think there is a toddler  which can read/be used for reading, but this is rare or uncommon.","I think there is a teenager  which can read/be used for reading, but this is rare or uncommon.",3,1,https://app.prolific.co/submissions/complete?cc=1C969808,63347,309b4a42-3b59-4485-9504-09a7d0154789,2020-04-06 17:46:33,,,,29.0,true,rare,roll,plunger,../data/prolific_output/run3-group_experiment1/qu70-s_qu70-batch46.csv
qu70-s_qu70-batch46.csv,,NOT AVAILABLE,NOT AVAILABLE,b759a9fb-a047-48ec-b0ee-199261b8060c,PROLIFIC,06-Apr-2020 17:58:29,217,9151,ad33101b-cb54-46bc-ba03-1dcaddf4669b,"I think there is a plunger  which can roll/be used for rolling, but this is rare or uncommon.","I think there is a toddler  which can read/be used for reading, but this is rare or uncommon.","I think there is a teenager  which can read/be used for reading, but this is rare or uncommon.",3,1,https://app.prolific.co/submissions/complete?cc=1C969808,64304,cc0b97b8-dc45-401a-989e-a50ece583c8c,2020-04-06 17:58:29,,,,7.0,true,rare,roll,plunger,../data/prolific_output/run3-group_experiment1/qu70-s_qu70-batch46.csv
qu70-s_qu70-batch46.csv,,NOT AVAILABLE,NOT AVAILABLE,ffd3f20d-b154-4bb6-8fa1-7f4ba9967b71,PROLIFIC,06-Apr-2020 17:47:36,217,9152,5aad650e-c134-4c50-9fa2-31ed324b8783,I think it is impossible for (a/an) plunger to roll/be used for rolling.,I think it is impossible for (a/an) worm to walk/be used for walking.,I think it is impossible for (a/an) child to speak/be used for speaking.,3,1,https://app.prolific.co/submissions/complete?cc=1C969808,63427,09e23ff7-8a9c-4422-80b3-0c10a92e40c5,2020-04-06 17:47:36,418.472,2020-04-06 15:44:42.650000,2020-04-06 15:51:41.122000,3.0,false,impossible,roll,plunger,../data/prolific_output/run3-group_experiment1/qu70-s_qu70-batch46.csv
qu70-s_qu70-batch46.csv,,NOT AVAILABLE,NOT AVAILABLE,410085b1-018a-439f-a7e3-0bc5ae4f6451,PROLIFIC,06-Apr-2020 17:57:13,217,9152,5aad650e-c134-4c50-9fa2-31ed324b8783,I think it is impossible for (a/an) plunger to roll/be used for rolling.,I think it is impossible for (a/an) worm to walk/be used for walking.,I think it is impossible for (a/an) child to speak/be used for speaking.,3,1,https://app.prolific.co/submissions/complete?cc=1C969808,64194,7d5d036f-bc94-48eb-8760-f840650d998f,2020-04-06 17:57:13,1054.76,2020-04-06 15:45:45.354000,2020-04-06 16:03:20.114000,5.0,false,impossible,roll,plunger,../data/prolific_output/run3-group_experiment1/qu70-s_qu70-batch46.csv
qu70-s_qu70-batch46.csv,,NOT AVAILABLE,NOT AVAILABLE,ad3e5bec-9486-4707-b193-4ab747599819,PROLIFIC,06-Apr-2020 18:11:01,217,9152,5aad650e-c134-4c50-9fa2-31ed324b8783,I think it is impossible for (a/an) plunger to roll/be used for rolling.,I think it is impossible for (a/an) worm to walk/be used for walking.,I think it is impossible for (a/an) child to speak/be used for speaking.,3,1,https://app.prolific.co/submissions/complete?cc=1C969808,65097,5c6caebf-eee1-42f5-9524-05920080092b,2020-04-06 18:11:01,2199.534,2020-04-06 15:45:36.925000,2020-04-06 16:22:16.459000,8.0,true,impossible,roll,plunger,../data/prolific_output/run3-group_experiment1/qu70-s_qu70-batch46.csv
qu70-s_qu70-batch46.csv,,NOT AVAILABLE,NOT AVAILABLE,ad3e5bec-9486-4707-b193-4ab747599819,PROLIFIC,06-Apr-2020 18:20:23,217,9152,5aad650e-c134-4c50-9fa2-31ed324b8783,I think it is impossible for (a/an) plunger to roll/be used for rolling.,I think it is impossible for (a/an) worm to walk/be used for walking.,I think it is impossible for (a/an) child to speak/be used for speaking.,3,1,https://app.prolific.co/submissions/complete?cc=1C969808,65214,c85c56d4-f174-492f-b835-86dc8eb3472e,2020-04-06 18:20:23,2199.534,2020-04-06 15:45:36.925000,2020-04-06 16:22:16.459000,5.0,false,impossible,roll,plunger,../data/prolific_output/run3-group_experiment1/qu70-s_qu70-batch46.csv
qu70-s_qu70-batch46.csv,,NOT AVAILABLE,NOT AVAILABLE,8116ec6c-df4c-4563-bfeb-943aaba3b711,PROLIFIC,06-Apr-2020 17:59:49,217,9152,5aad650e-c134-4c50-9fa2-31ed324b8783,I think it is impossible for (a/an) plunger to roll/be used for rolling.,I think it is impossible for (a/an) worm to walk/be used for walking.,I think it is impossible for (a/an) child to speak/be used for speaking.,3,1,https://app.prolific.co/submissions/complete?cc=1C969808,64417,f66b99d9-7da7-4047-8781-4547a773a274,2020-04-06 17:59:49,1289.294,2020-04-06 15:43:19.729000,2020-04-06 16:04:49.023000,19.0,true,impossible,roll,plunger,../data/prolific_output/run3-group_experiment1/qu70-s_qu70-batch46.csv
qu70-s_qu70-batch46.csv,,NOT AVAILABLE,NOT AVAILABLE,1ebdafcc-fce7-41e2-9d93-aac9e254782e,PROLIFIC,06-Apr-2020 18:07:56,217,9152,5aad650e-c134-4c50-9fa2-31ed324b8783,I think it is impossible for (a/an) plunger to roll/be used for rolling.,I think it is impossible for (a/an) worm to walk/be used for walking.,I think it is impossible for (a/an) child to speak/be used for speaking.,3,1,https://app.prolific.co/submissions/complete?cc=1C969808,65045,27321d8b-8348-43ef-a3af-3b446b57c509,2020-04-06 18:07:56,1424.083,2020-04-06 15:45:14.573000,2020-04-06 16:08:58.656000,8.0,false,impossible,roll,plunger,../data/prolific_output/run3-group_experiment1/qu70-s_qu70-batch46.csv
qu70-s_qu70-batch46.csv,,NOT AVAILABLE,NOT AVAILABLE,995ae989-0025-45e0-aa77-56eb008cb1d6,PROLIFIC,06-Apr-2020 17:49:25,217,9152,5aad650e-c134-4c50-9fa2-31ed324b8783,I think it is impossible for (a/an) plunger to roll/be used for rolling.,I think it is impossible for (a/an) worm to walk/be used for walking.,I think it is impossible for (a/an) child to speak/be used for speaking.,3,1,https://app.prolific.co/submissions/complete?cc=1C969808,63547,92775fad-d5ac-44af-acc8-f83780aab4b7,2020-04-06 17:49:25,185.294,2020-04-06 15:48:33.722000,2020-04-06 15:51:39.016000,51.278,true,impossible,roll,plunger,../data/prolific_output/run3-group_experiment1/qu70-s_qu70-batch46.csv
qu70-s_qu70-batch46.csv,,NOT AVAILABLE,NOT AVAILABLE,fa8d1f1f-9017-4726-9b37-34e97e3f4b5f,PROLIFIC,06-Apr-2020 17:54:22,217,9152,5aad650e-c134-4c50-9fa2-31ed324b8783,I think it is impossible for (a/an) plunger to roll/be used for rolling.,I think it is impossible for (a/an) worm to walk/be used for walking.,I think it is impossible for (a/an) child to speak/be used for speaking.,3,1,https://app.prolific.co/submissions/complete?cc=1C969808,63959,d0bcdf4a-1124-4ec7-89d6-b0dba0e6dd52,2020-04-06 17:54:22,417.94,2020-04-06 15:48:14.268000,2020-04-06 15:55:12.208000,1.0,true,impossible,roll,plunger,../data/prolific_output/run3-group_experiment1/qu70-s_qu70-batch46.csv
qu70-s_qu70-batch46.csv,,NOT AVAILABLE,NOT AVAILABLE,ff5b40d9-36ab-4b0c-96cd-b8b200165b5f,PROLIFIC,06-Apr-2020 17:56:02,217,9152,5aad650e-c134-4c50-9fa2-31ed324b8783,I think it is impossible for (a/an) plunger to roll/be used for rolling.,I think it is impossible for (a/an) worm to walk/be used for walking.,I think it is impossible for (a/an) child to speak/be used for speaking.,3,1,https://app.prolific.co/submissions/complete?cc=1C969808,64075,fc9d1623-8720-44c6-b571-9208d9cbdc6d,2020-04-06 17:56:02,,,,25.0,true,impossible,roll,plunger,../data/prolific_output/run3-group_experiment1/qu70-s_qu70-batch46.csv
qu70-s_qu70-batch46.csv,,NOT AVAILABLE,NOT AVAILABLE,def5c589-9118-419e-932b-0f312d0bec25,PROLIFIC,06-Apr-2020 17:46:47,217,9152,5aad650e-c134-4c50-9fa2-31ed324b8783,I think it is impossible for (a/an) plunger to roll/be used for rolling.,I think it is impossible for (a/an) worm to walk/be used for walking.,I think it is impossible for (a/an) child to speak/be used for speaking.,3,1,https://app.prolific.co/submissions/complete?cc=1C969808,63363,a74fd1d2-0a73-48df-90cf-627f30442a37,2020-04-06 17:46:47,,,,14.0,false,impossible,roll,plunger,../data/prolific_output/run3-group_experiment1/qu70-s_qu70-batch46.csv
qu70-s_qu70-batch46.csv,,NOT AVAILABLE,NOT AVAILABLE,b759a9fb-a047-48ec-b0ee-199261b8060c,PROLIFIC,06-Apr-2020 17:58:44,217,9152,5aad650e-c134-4c50-9fa2-31ed324b8783,I think it is impossible for (a/an) plunger to roll/be used for rolling.,I think it is impossible for (a/an) worm to walk/be used for walking.,I think it is impossible for (a/an) child to speak/be used for speaking.,3,1,https://app.prolific.co/submissions/complete?cc=1C969808,64327,7168b48f-c11f-411b-a58d-761a7952c3e9,2020-04-06 17:58:44,,,,8.0,false,impossible,roll,plunger,../data/prolific_output/run3-group_experiment1/qu70-s_qu70-batch46.csv
qu70-s_qu70-batch46.csv,,NOT AVAILABLE,NOT AVAILABLE,ffd3f20d-b154-4bb6-8fa1-7f4ba9967b71,PROLIFIC,06-Apr-2020 17:49:56,217,9153,50622aac-a51c-4321-80a8-a276aa9de235,``Plunger'' is one of the first things which come to mind when I hear ``roll''. ,``Baby'' is one of the first things which come to mind when I hear ``cry''. ,``Teacher'' is one of the first things which come to mind when I hear ``walk''. ,3,1,https://app.prolific.co/submissions/complete?cc=1C969808,63595,aef218c2-502b-4d6b-bd54-561402a29891,2020-04-06 17:49:56,418.472,2020-04-06 15:44:42.650000,2020-04-06 15:51:41.122000,2.0,false,typical_of_property,roll,plunger,../data/prolific_output/run3-group_experiment1/qu70-s_qu70-batch46.csv
qu70-s_qu70-batch46.csv,,NOT AVAILABLE,NOT AVAILABLE,410085b1-018a-439f-a7e3-0bc5ae4f6451,PROLIFIC,06-Apr-2020 17:56:13,217,9153,50622aac-a51c-4321-80a8-a276aa9de235,``Plunger'' is one of the first things which come to mind when I hear ``roll''. ,``Baby'' is one of the first things which come to mind when I hear ``cry''. ,``Teacher'' is one of the first things which come to mind when I hear ``walk''. ,3,1,https://app.prolific.co/submissions/complete?cc=1C969808,64096,c7102336-6c4c-4258-94a3-888bdb13cbdf,2020-04-06 17:56:13,1054.76,2020-04-06 15:45:45.354000,2020-04-06 16:03:20.114000,5.0,false,typical_of_property,roll,plunger,../data/prolific_output/run3-group_experiment1/qu70-s_qu70-batch46.csv
qu70-s_qu70-batch46.csv,,NOT AVAILABLE,NOT AVAILABLE,ad3e5bec-9486-4707-b193-4ab747599819,PROLIFIC,06-Apr-2020 18:15:27,217,9153,50622aac-a51c-4321-80a8-a276aa9de235,``Plunger'' is one of the first things which come to mind when I hear ``roll''. ,``Baby'' is one of the first things which come to mind when I hear ``cry''. ,``Teacher'' is one of the first things which come to mind when I hear ``walk''. ,3,1,https://app.prolific.co/submissions/complete?cc=1C969808,65156,fdf8ef97-ebbb-4618-9aaf-ba5d818e0f96,2020-04-06 18:15:27,2199.534,2020-04-06 15:45:36.925000,2020-04-06 16:22:16.459000,4.0,false,typical_of_property,roll,plunger,../data/prolific_output/run3-group_experiment1/qu70-s_qu70-batch46.csv
qu70-s_qu70-batch46.csv,,NOT AVAILABLE,NOT AVAILABLE,ad3e5bec-9486-4707-b193-4ab747599819,PROLIFIC,06-Apr-2020 18:08:23,217,9153,50622aac-a51c-4321-80a8-a276aa9de235,``Plunger'' is one of the first things which come to mind when I hear ``roll''. ,``Baby'' is one of the first things which come to mind when I hear ``cry''. ,``Teacher'' is one of the first things which come to mind when I hear ``walk''. ,3,1,https://app.prolific.co/submissions/complete?cc=1C969808,65052,cbcce657-32d6-4487-b0a1-3eaffd57df50,2020-04-06 18:08:23,2199.534,2020-04-06 15:45:36.925000,2020-04-06 16:22:16.459000,4.0,false,typical_of_property,roll,plunger,../data/prolific_output/run3-group_experiment1/qu70-s_qu70-batch46.csv
qu70-s_qu70-batch46.csv,,NOT AVAILABLE,NOT AVAILABLE,8116ec6c-df4c-4563-bfeb-943aaba3b711,PROLIFIC,06-Apr-2020 17:50:57,217,9153,50622aac-a51c-4321-80a8-a276aa9de235,``Plunger'' is one of the first things which come to mind when I hear ``roll''. ,``Baby'' is one of the first things which come to mind when I hear ``cry''. ,``Teacher'' is one of the first things which come to mind when I hear ``walk''. ,3,1,https://app.prolific.co/submissions/complete?cc=1C969808,63727,37b3dd96-8304-42f5-88d6-a2dd5a626049,2020-04-06 17:50:57,1289.294,2020-04-06 15:43:19.729000,2020-04-06 16:04:49.023000,12.0,false,typical_of_property,roll,plunger,../data/prolific_output/run3-group_experiment1/qu70-s_qu70-batch46.csv
qu70-s_qu70-batch46.csv,,NOT AVAILABLE,NOT AVAILABLE,1ebdafcc-fce7-41e2-9d93-aac9e254782e,PROLIFIC,06-Apr-2020 17:56:18,217,9153,50622aac-a51c-4321-80a8-a276aa9de235,``Plunger'' is one of the first things which come to mind when I hear ``roll''. ,``Baby'' is one of the first things which come to mind when I hear ``cry''. ,``Teacher'' is one of the first things which come to mind when I hear ``walk''. ,3,1,https://app.prolific.co/submissions/complete?cc=1C969808,64104,d21b0d2e-e783-4bca-b03b-c5c4ed57c7ce,2020-04-06 17:56:18,1424.083,2020-04-06 15:45:14.573000,2020-04-06 16:08:58.656000,6.0,false,typical_of_property,roll,plunger,../data/prolific_output/run3-group_experiment1/qu70-s_qu70-batch46.csv
qu70-s_qu70-batch46.csv,,NOT AVAILABLE,NOT AVAILABLE,995ae989-0025-45e0-aa77-56eb008cb1d6,PROLIFIC,06-Apr-2020 17:50:15,217,9153,50622aac-a51c-4321-80a8-a276aa9de235,``Plunger'' is one of the first things which come to mind when I hear ``roll''. ,``Baby'' is one of the first things which come to mind when I hear ``cry''. ,``Teacher'' is one of the first things which come to mind when I hear ``walk''. ,3,1,https://app.prolific.co/submissions/complete?cc=1C969808,63636,a9fc2f2e-c171-47d2-9c29-f86ea38837e9,2020-04-06 17:50:15,185.294,2020-04-06 15:48:33.722000,2020-04-06 15:51:39.016000,2.0,false,typical_of_property,roll,plunger,../data/prolific_output/run3-group_experiment1/qu70-s_qu70-batch46.csv
qu70-s_qu70-batch46.csv,,NOT AVAILABLE,NOT AVAILABLE,fa8d1f1f-9017-4726-9b37-34e97e3f4b5f,PROLIFIC,06-Apr-2020 17:52:11,217,9153,50622aac-a51c-4321-80a8-a276aa9de235,``Plunger'' is one of the first things which come to mind when I hear ``roll''. ,``Baby'' is one of the first things which come to mind when I hear ``cry''. ,``Teacher'' is one of the first things which come to mind when I hear ``walk''. ,3,1,https://app.prolific.co/submissions/complete?cc=1C969808,63862,987ba381-1e31-4f87-9c0b-c07bd4af2a56,2020-04-06 17:52:11,417.94,2020-04-06 15:48:14.268000,2020-04-06 15:55:12.208000,1.0,true,typical_of_property,roll,plunger,../data/prolific_output/run3-group_experiment1/qu70-s_qu70-batch46.csv
qu70-s_qu70-batch46.csv,,NOT AVAILABLE,NOT AVAILABLE,ff5b40d9-36ab-4b0c-96cd-b8b200165b5f,PROLIFIC,06-Apr-2020 17:54:46,217,9153,50622aac-a51c-4321-80a8-a276aa9de235,``Plunger'' is one of the first things which come to mind when I hear ``roll''. ,``Baby'' is one of the first things which come to mind when I hear ``cry''. ,``Teacher'' is one of the first things which come to mind when I hear ``walk''. ,3,1,https://app.prolific.co/submissions/complete?cc=1C969808,63982,54bfc02c-0759-4a5d-ad01-9c18479b8d32,2020-04-06 17:54:46,,,,2.0,false,typical_of_property,roll,plunger,../data/prolific_output/run3-group_experiment1/qu70-s_qu70-batch46.csv
qu70-s_qu70-batch46.csv,,NOT AVAILABLE,NOT AVAILABLE,def5c589-9118-419e-932b-0f312d0bec25,PROLIFIC,06-Apr-2020 17:48:07,217,9153,50622aac-a51c-4321-80a8-a276aa9de235,``Plunger'' is one of the first things which come to mind when I hear ``roll''. ,``Baby'' is one of the first things which come to mind when I hear ``cry''. ,``Teacher'' is one of the first things which come to mind when I hear ``walk''. ,3,1,https://app.prolific.co/submissions/complete?cc=1C969808,63455,4a4d901a-c301-46bc-bc2e-87e87e2b964d,2020-04-06 17:48:07,,,,7.0,false,typical_of_property,roll,plunger,../data/prolific_output/run3-group_experiment1/qu70-s_qu70-batch46.csv
qu70-s_qu70-batch46.csv,,NOT AVAILABLE,NOT AVAILABLE,b759a9fb-a047-48ec-b0ee-199261b8060c,PROLIFIC,06-Apr-2020 18:00:22,217,9153,50622aac-a51c-4321-80a8-a276aa9de235,``Plunger'' is one of the first things which come to mind when I hear ``roll''. ,``Baby'' is one of the first things which come to mind when I hear ``cry''. ,``Teacher'' is one of the first things which come to mind when I hear ``walk''. ,3,1,https://app.prolific.co/submissions/complete?cc=1C969808,64472,0eee2bde-319b-4f14-9128-80936f1c319d,2020-04-06 18:00:22,,,,3.0,false,typical_of_property,roll,plunger,../data/prolific_output/run3-group_experiment1/qu70-s_qu70-batch46.csv
qu70-s_qu70-batch46.csv,,NOT AVAILABLE,NOT AVAILABLE,ffd3f20d-b154-4bb6-8fa1-7f4ba9967b71,PROLIFIC,06-Apr-2020 17:48:31,217,9154,7ea44b40-f076-49ee-8d86-e01dc315e846,``Blackboard'' is one of the first things which come to mind when I hear ``red''. ,``Star'' is one of the first things which come to mind when I hear ``shining''. ,``Mouse'' is one of the first things which come to mind when I hear ``small''. ,3,1,https://app.prolific.co/submissions/complete?cc=1C969808,63484,007d71bb-f297-43b6-b49d-c9007fb72d39,2020-04-06 17:48:31,418.472,2020-04-06 15:44:42.650000,2020-04-06 15:51:41.122000,4.0,false,typical_of_property,red,blackboard,../data/prolific_output/run3-group_experiment1/qu70-s_qu70-batch46.csv
qu70-s_qu70-batch46.csv,,NOT AVAILABLE,NOT AVAILABLE,410085b1-018a-439f-a7e3-0bc5ae4f6451,PROLIFIC,06-Apr-2020 17:54:56,217,9154,7ea44b40-f076-49ee-8d86-e01dc315e846,``Blackboard'' is one of the first things which come to mind when I hear ``red''. ,``Star'' is one of the first things which come to mind when I hear ``shining''. ,``Mouse'' is one of the first things which come to mind when I hear ``small''. ,3,1,https://app.prolific.co/submissions/complete?cc=1C969808,63995,e6405fa8-419a-46d9-ac97-e806ee90487a,2020-04-06 17:54:56,1054.76,2020-04-06 15:45:45.354000,2020-04-06 16:03:20.114000,6.0,false,typical_of_property,red,blackboard,../data/prolific_output/run3-group_experiment1/qu70-s_qu70-batch46.csv
qu70-s_qu70-batch46.csv,,NOT AVAILABLE,NOT AVAILABLE,ad3e5bec-9486-4707-b193-4ab747599819,PROLIFIC,06-Apr-2020 18:22:13,217,9154,7ea44b40-f076-49ee-8d86-e01dc315e846,``Blackboard'' is one of the first things which come to mind when I hear ``red''. ,``Star'' is one of the first things which come to mind when I hear ``shining''. ,``Mouse'' is one of the first things which come to mind when I hear ``small''. ,3,1,https://app.prolific.co/submissions/complete?cc=1C969808,65257,ff8ef181-5609-41a4-97f4-fb45368e18d9,2020-04-06 18:22:13,2199.534,2020-04-06 15:45:36.925000,2020-04-06 16:22:16.459000,6.459,false,typical_of_property,red,blackboard,../data/prolific_output/run3-group_experiment1/qu70-s_qu70-batch46.csv
qu70-s_qu70-batch46.csv,,NOT AVAILABLE,NOT AVAILABLE,ad3e5bec-9486-4707-b193-4ab747599819,PROLIFIC,06-Apr-2020 18:08:28,217,9154,7ea44b40-f076-49ee-8d86-e01dc315e846,``Blackboard'' is one of the first things which come to mind when I hear ``red''. ,``Star'' is one of the first things which come to mind when I hear ``shining''. ,``Mouse'' is one of the first things which come to mind when I hear ``small''. ,3,1,https://app.prolific.co/submissions/complete?cc=1C969808,65056,60e118cd-7ef7-4a65-9852-052924b5de45,2020-04-06 18:08:28,2199.534,2020-04-06 15:45:36.925000,2020-04-06 16:22:16.459000,5.0,false,typical_of_property,red,blackboard,../data/prolific_output/run3-group_experiment1/qu70-s_qu70-batch46.csv
qu70-s_qu70-batch46.csv,,NOT AVAILABLE,NOT AVAILABLE,8116ec6c-df4c-4563-bfeb-943aaba3b711,PROLIFIC,06-Apr-2020 17:53:33,217,9154,7ea44b40-f076-49ee-8d86-e01dc315e846,``Blackboard'' is one of the first things which come to mind when I hear ``red''. ,``Star'' is one of the first things which come to mind when I hear ``shining''. ,``Mouse'' is one of the first things which come to mind when I hear ``small''. ,3,1,https://app.prolific.co/submissions/complete?cc=1C969808,63926,b90b146c-7a14-443c-9b32-ecbae2b53c11,2020-04-06 17:53:33,1289.294,2020-04-06 15:43:19.729000,2020-04-06 16:04:49.023000,11.0,false,typical_of_property,red,blackboard,../data/prolific_output/run3-group_experiment1/qu70-s_qu70-batch46.csv
qu70-s_qu70-batch46.csv,,NOT AVAILABLE,NOT AVAILABLE,1ebdafcc-fce7-41e2-9d93-aac9e254782e,PROLIFIC,06-Apr-2020 18:04:45,217,9154,7ea44b40-f076-49ee-8d86-e01dc315e846,``Blackboard'' is one of the first things which come to mind when I hear ``red''. ,``Star'' is one of the first things which come to mind when I hear ``shining''. ,``Mouse'' is one of the first things which come to mind when I hear ``small''. ,3,1,https://app.prolific.co/submissions/complete?cc=1C969808,64872,4a05d8a7-8dc8-4119-97ef-527886317818,2020-04-06 18:04:45,1424.083,2020-04-06 15:45:14.573000,2020-04-06 16:08:58.656000,5.0,false,typical_of_property,red,blackboard,../data/prolific_output/run3-group_experiment1/qu70-s_qu70-batch46.csv
qu70-s_qu70-batch46.csv,,NOT AVAILABLE,NOT AVAILABLE,995ae989-0025-45e0-aa77-56eb008cb1d6,PROLIFIC,06-Apr-2020 17:50:05,217,9154,7ea44b40-f076-49ee-8d86-e01dc315e846,``Blackboard'' is one of the first things which come to mind when I hear ``red''. ,``Star'' is one of the first things which come to mind when I hear ``shining''. ,``Mouse'' is one of the first things which come to mind when I hear ``small''. ,3,1,https://app.prolific.co/submissions/complete?cc=1C969808,63615,49b0835a-ea76-486c-a3c9-7ba4d16ae6b4,2020-04-06 17:50:05,185.294,2020-04-06 15:48:33.722000,2020-04-06 15:51:39.016000,1.0,true,typical_of_property,red,blackboard,../data/prolific_output/run3-group_experiment1/qu70-s_qu70-batch46.csv
qu70-s_qu70-batch46.csv,,NOT AVAILABLE,NOT AVAILABLE,fa8d1f1f-9017-4726-9b37-34e97e3f4b5f,PROLIFIC,06-Apr-2020 17:51:38,217,9154,7ea44b40-f076-49ee-8d86-e01dc315e846,``Blackboard'' is one of the first things which come to mind when I hear ``red''. ,``Star'' is one of the first things which come to mind when I hear ``shining''. ,``Mouse'' is one of the first things which come to mind when I hear ``small''. ,3,1,https://app.prolific.co/submissions/complete?cc=1C969808,63815,0e4b3a5a-c89a-4cb5-bad3-a4de07f8bd6c,2020-04-06 17:51:38,417.94,2020-04-06 15:48:14.268000,2020-04-06 15:55:12.208000,3.0,false,typical_of_property,red,blackboard,../data/prolific_output/run3-group_experiment1/qu70-s_qu70-batch46.csv
qu70-s_qu70-batch46.csv,,NOT AVAILABLE,NOT AVAILABLE,ff5b40d9-36ab-4b0c-96cd-b8b200165b5f,PROLIFIC,06-Apr-2020 17:56:19,217,9154,7ea44b40-f076-49ee-8d86-e01dc315e846,``Blackboard'' is one of the first things which come to mind when I hear ``red''. ,``Star'' is one of the first things which come to mind when I hear ``shining''. ,``Mouse'' is one of the first things which come to mind when I hear ``small''. ,3,1,https://app.prolific.co/submissions/complete?cc=1C969808,64106,ee9c26ad-5e44-4b50-8502-8e66c372fc08,2020-04-06 17:56:19,,,,2.0,false,typical_of_property,red,blackboard,../data/prolific_output/run3-group_experiment1/qu70-s_qu70-batch46.csv
qu70-s_qu70-batch46.csv,,NOT AVAILABLE,NOT AVAILABLE,def5c589-9118-419e-932b-0f312d0bec25,PROLIFIC,06-Apr-2020 17:50:15,217,9154,7ea44b40-f076-49ee-8d86-e01dc315e846,``Blackboard'' is one of the first things which come to mind when I hear ``red''. ,``Star'' is one of the first things which come to mind when I hear ``shining''. ,``Mouse'' is one of the first things which come to mind when I hear ``small''. ,3,1,https://app.prolific.co/submissions/complete?cc=1C969808,63640,4bef7a4a-0f86-4d01-9ecb-fc0e32139660,2020-04-06 17:50:15,,,,5.0,false,typical_of_property,red,blackboard,../data/prolific_output/run3-group_experiment1/qu70-s_qu70-batch46.csv
qu70-s_qu70-batch46.csv,,NOT AVAILABLE,NOT AVAILABLE,b759a9fb-a047-48ec-b0ee-199261b8060c,PROLIFIC,06-Apr-2020 18:00:19,217,9154,7ea44b40-f076-49ee-8d86-e01dc315e846,``Blackboard'' is one of the first things which come to mind when I hear ``red''. ,``Star'' is one of the first things which come to mind when I hear ``shining''. ,``Mouse'' is one of the first things which come to mind when I hear ``small''. ,3,1,https://app.prolific.co/submissions/complete?cc=1C969808,64467,300e1856-a6d6-4e28-8709-26221ff6ef4f,2020-04-06 18:00:19,,,,4.0,false,typical_of_property,red,blackboard,../data/prolific_output/run3-group_experiment1/qu70-s_qu70-batch46.csv
qu70-s_qu70-batch46.csv,,NOT AVAILABLE,NOT AVAILABLE,ffd3f20d-b154-4bb6-8fa1-7f4ba9967b71,PROLIFIC,06-Apr-2020 17:49:44,217,9155,8efe86d4-d20b-4ad9-a720-de5366d6fc51,"I think (a/an) blackboard can be red, but this is rare or uncommon","I think (a/an) tomato can be yellow, but this is rare or uncommon","I think (a/an) grizzly bear can be grey, but this is rare or uncommon",3,1,https://app.prolific.co/submissions/complete?cc=1C969808,63575,246567e0-18b4-4251-afe8-0c2b18bc1e9f,2020-04-06 17:49:44,418.472,2020-04-06 15:44:42.650000,2020-04-06 15:51:41.122000,3.0,true,rare,red,blackboard,../data/prolific_output/run3-group_experiment1/qu70-s_qu70-batch46.csv
qu70-s_qu70-batch46.csv,,NOT AVAILABLE,NOT AVAILABLE,410085b1-018a-439f-a7e3-0bc5ae4f6451,PROLIFIC,06-Apr-2020 17:54:37,217,9155,8efe86d4-d20b-4ad9-a720-de5366d6fc51,"I think (a/an) blackboard can be red, but this is rare or uncommon","I think (a/an) tomato can be yellow, but this is rare or uncommon","I think (a/an) grizzly bear can be grey, but this is rare or uncommon",3,1,https://app.prolific.co/submissions/complete?cc=1C969808,63975,3a5e28d3-84cc-4418-a23b-9963e25803a0,2020-04-06 17:54:37,1054.76,2020-04-06 15:45:45.354000,2020-04-06 16:03:20.114000,12.0,false,rare,red,blackboard,../data/prolific_output/run3-group_experiment1/qu70-s_qu70-batch46.csv
qu70-s_qu70-batch46.csv,,NOT AVAILABLE,NOT AVAILABLE,ad3e5bec-9486-4707-b193-4ab747599819,PROLIFIC,06-Apr-2020 18:21:35,217,9155,8efe86d4-d20b-4ad9-a720-de5366d6fc51,"I think (a/an) blackboard can be red, but this is rare or uncommon","I think (a/an) tomato can be yellow, but this is rare or uncommon","I think (a/an) grizzly bear can be grey, but this is rare or uncommon",3,1,https://app.prolific.co/submissions/complete?cc=1C969808,65244,4264dc1f-1dbc-4c03-9c4e-87a891eff72e,2020-04-06 18:21:35,2199.534,2020-04-06 15:45:36.925000,2020-04-06 16:22:16.459000,3.0,true,rare,red,blackboard,../data/prolific_output/run3-group_experiment1/qu70-s_qu70-batch46.csv
qu70-s_qu70-batch46.csv,,NOT AVAILABLE,NOT AVAILABLE,ad3e5bec-9486-4707-b193-4ab747599819,PROLIFIC,06-Apr-2020 18:12:18,217,9155,8efe86d4-d20b-4ad9-a720-de5366d6fc51,"I think (a/an) blackboard can be red, but this is rare or uncommon","I think (a/an) tomato can be yellow, but this is rare or uncommon","I think (a/an) grizzly bear can be grey, but this is rare or uncommon",3,1,https://app.prolific.co/submissions/complete?cc=1C969808,65119,f2ce2118-f2bf-43ba-bec7-fd9f0e28cc7f,2020-04-06 18:12:18,2199.534,2020-04-06 15:45:36.925000,2020-04-06 16:22:16.459000,12.0,true,rare,red,blackboard,../data/prolific_output/run3-group_experiment1/qu70-s_qu70-batch46.csv
qu70-s_qu70-batch46.csv,,NOT AVAILABLE,NOT AVAILABLE,8116ec6c-df4c-4563-bfeb-943aaba3b711,PROLIFIC,06-Apr-2020 17:49:39,217,9155,8efe86d4-d20b-4ad9-a720-de5366d6fc51,"I think (a/an) blackboard can be red, but this is rare or uncommon","I think (a/an) tomato can be yellow, but this is rare or uncommon","I think (a/an) grizzly bear can be grey, but this is rare or uncommon",3,1,https://app.prolific.co/submissions/complete?cc=1C969808,63566,fab598f1-a951-43e5-90a9-4c059b3c6c04,2020-04-06 17:49:39,1289.294,2020-04-06 15:43:19.729000,2020-04-06 16:04:49.023000,12.0,false,rare,red,blackboard,../data/prolific_output/run3-group_experiment1/qu70-s_qu70-batch46.csv
qu70-s_qu70-batch46.csv,,NOT AVAILABLE,NOT AVAILABLE,1ebdafcc-fce7-41e2-9d93-aac9e254782e,PROLIFIC,06-Apr-2020 17:55:04,217,9155,8efe86d4-d20b-4ad9-a720-de5366d6fc51,"I think (a/an) blackboard can be red, but this is rare or uncommon","I think (a/an) tomato can be yellow, but this is rare or uncommon","I think (a/an) grizzly bear can be grey, but this is rare or uncommon",3,1,https://app.prolific.co/submissions/complete?cc=1C969808,63998,19ef96d1-0407-4ed8-aa1c-665ce83a41a9,2020-04-06 17:55:04,1424.083,2020-04-06 15:45:14.573000,2020-04-06 16:08:58.656000,72.0,true,rare,red,blackboard,../data/prolific_output/run3-group_experiment1/qu70-s_qu70-batch46.csv
qu70-s_qu70-batch46.csv,,NOT AVAILABLE,NOT AVAILABLE,995ae989-0025-45e0-aa77-56eb008cb1d6,PROLIFIC,06-Apr-2020 17:51:17,217,9155,8efe86d4-d20b-4ad9-a720-de5366d6fc51,"I think (a/an) blackboard can be red, but this is rare or uncommon","I think (a/an) tomato can be yellow, but this is rare or uncommon","I think (a/an) grizzly bear can be grey, but this is rare or uncommon",3,1,https://app.prolific.co/submissions/complete?cc=1C969808,63773,851335e0-c28a-4873-a1d0-a569e91bb6f7,2020-04-06 17:51:17,185.294,2020-04-06 15:48:33.722000,2020-04-06 15:51:39.016000,2.0,false,rare,red,blackboard,../data/prolific_output/run3-group_experiment1/qu70-s_qu70-batch46.csv
qu70-s_qu70-batch46.csv,,NOT AVAILABLE,NOT AVAILABLE,fa8d1f1f-9017-4726-9b37-34e97e3f4b5f,PROLIFIC,06-Apr-2020 17:52:15,217,9155,8efe86d4-d20b-4ad9-a720-de5366d6fc51,"I think (a/an) blackboard can be red, but this is rare or uncommon","I think (a/an) tomato can be yellow, but this is rare or uncommon","I think (a/an) grizzly bear can be grey, but this is rare or uncommon",3,1,https://app.prolific.co/submissions/complete?cc=1C969808,63868,260b607f-9dd6-4b53-a2f2-732d70ea8179,2020-04-06 17:52:15,417.94,2020-04-06 15:48:14.268000,2020-04-06 15:55:12.208000,2.0,false,rare,red,blackboard,../data/prolific_output/run3-group_experiment1/qu70-s_qu70-batch46.csv
qu70-s_qu70-batch46.csv,,NOT AVAILABLE,NOT AVAILABLE,ff5b40d9-36ab-4b0c-96cd-b8b200165b5f,PROLIFIC,06-Apr-2020 17:56:16,217,9155,8efe86d4-d20b-4ad9-a720-de5366d6fc51,"I think (a/an) blackboard can be red, but this is rare or uncommon","I think (a/an) tomato can be yellow, but this is rare or uncommon","I think (a/an) grizzly bear can be grey, but this is rare or uncommon",3,1,https://app.prolific.co/submissions/complete?cc=1C969808,64100,8a5d1adb-b028-4097-baa8-2c65ccbcccc8,2020-04-06 17:56:16,,,,2.0,false,rare,red,blackboard,../data/prolific_output/run3-group_experiment1/qu70-s_qu70-batch46.csv
qu70-s_qu70-batch46.csv,,NOT AVAILABLE,NOT AVAILABLE,def5c589-9118-419e-932b-0f312d0bec25,PROLIFIC,06-Apr-2020 17:51:22,217,9155,8efe86d4-d20b-4ad9-a720-de5366d6fc51,"I think (a/an) blackboard can be red, but this is rare or uncommon","I think (a/an) tomato can be yellow, but this is rare or uncommon","I think (a/an) grizzly bear can be grey, but this is rare or uncommon",3,1,https://app.prolific.co/submissions/complete?cc=1C969808,63782,8a56cf8e-8d94-4f4c-a1e2-e29adf2fc5ed,2020-04-06 17:51:22,,,,8.0,false,rare,red,blackboard,../data/prolific_output/run3-group_experiment1/qu70-s_qu70-batch46.csv
qu70-s_qu70-batch46.csv,,NOT AVAILABLE,NOT AVAILABLE,b759a9fb-a047-48ec-b0ee-199261b8060c,PROLIFIC,06-Apr-2020 18:03:02,217,9155,8efe86d4-d20b-4ad9-a720-de5366d6fc51,"I think (a/an) blackboard can be red, but this is rare or uncommon","I think (a/an) tomato can be yellow, but this is rare or uncommon","I think (a/an) grizzly bear can be grey, but this is rare or uncommon",3,1,https://app.prolific.co/submissions/complete?cc=1C969808,64736,6ebbfaae-b113-4cbf-b8b2-6f7d0f457da4,2020-04-06 18:03:02,,,,5.0,true,rare,red,blackboard,../data/prolific_output/run3-group_experiment1/qu70-s_qu70-batch46.csv
qu70-s_qu70-batch46.csv,,NOT AVAILABLE,NOT AVAILABLE,ffd3f20d-b154-4bb6-8fa1-7f4ba9967b71,PROLIFIC,06-Apr-2020 17:51:15,217,9156,57d3bff9-ed71-4af1-b4e0-8be571d65e43,You can find (a/an) blackboard which is red. Red is one of many possible colors (a/an) blackboard can have. The range of colors is almost ulimited. ,You can find (a/an) flower which is purple. Purple is one of many possible colors (a/an) flower can have. The range of colors is almost ulimited. ,You can find (a/an) carrot which is orange. Orange is one of many possible colors (a/an) carrot can have. The range of colors is almost ulimited. ,3,1,https://app.prolific.co/submissions/complete?cc=1C969808,63767,44d20d77-690c-4f59-a56b-0666c2abf9f3,2020-04-06 17:51:15,418.472,2020-04-06 15:44:42.650000,2020-04-06 15:51:41.122000,4.0,false,variability_open,red,blackboard,../data/prolific_output/run3-group_experiment1/qu70-s_qu70-batch46.csv
qu70-s_qu70-batch46.csv,,NOT AVAILABLE,NOT AVAILABLE,410085b1-018a-439f-a7e3-0bc5ae4f6451,PROLIFIC,06-Apr-2020 17:58:58,217,9156,57d3bff9-ed71-4af1-b4e0-8be571d65e43,You can find (a/an) blackboard which is red. Red is one of many possible colors (a/an) blackboard can have. The range of colors is almost ulimited. ,You can find (a/an) flower which is purple. Purple is one of many possible colors (a/an) flower can have. The range of colors is almost ulimited. ,You can find (a/an) carrot which is orange. Orange is one of many possible colors (a/an) carrot can have. The range of colors is almost ulimited. ,3,1,https://app.prolific.co/submissions/complete?cc=1C969808,64342,b1c7d56a-7275-4c24-863e-379c0226af8d,2020-04-06 17:58:58,1054.76,2020-04-06 15:45:45.354000,2020-04-06 16:03:20.114000,17.0,false,variability_open,red,blackboard,../data/prolific_output/run3-group_experiment1/qu70-s_qu70-batch46.csv
qu70-s_qu70-batch46.csv,,NOT AVAILABLE,NOT AVAILABLE,ad3e5bec-9486-4707-b193-4ab747599819,PROLIFIC,06-Apr-2020 18:13:53,217,9156,57d3bff9-ed71-4af1-b4e0-8be571d65e43,You can find (a/an) blackboard which is red. Red is one of many possible colors (a/an) blackboard can have. The range of colors is almost ulimited. ,You can find (a/an) flower which is purple. Purple is one of many possible colors (a/an) flower can have. The range of colors is almost ulimited. ,You can find (a/an) carrot which is orange. Orange is one of many possible colors (a/an) carrot can have. The range of colors is almost ulimited. ,3,1,https://app.prolific.co/submissions/complete?cc=1C969808,65132,78c07ec0-bcc5-4997-9aa0-6956ff1bdfe4,2020-04-06 18:13:53,2199.534,2020-04-06 15:45:36.925000,2020-04-06 16:22:16.459000,7.0,true,variability_open,red,blackboard,../data/prolific_output/run3-group_experiment1/qu70-s_qu70-batch46.csv
qu70-s_qu70-batch46.csv,,NOT AVAILABLE,NOT AVAILABLE,ad3e5bec-9486-4707-b193-4ab747599819,PROLIFIC,06-Apr-2020 17:56:48,217,9156,57d3bff9-ed71-4af1-b4e0-8be571d65e43,You can find (a/an) blackboard which is red. Red is one of many possible colors (a/an) blackboard can have. The range of colors is almost ulimited. ,You can find (a/an) flower which is purple. Purple is one of many possible colors (a/an) flower can have. The range of colors is almost ulimited. ,You can find (a/an) carrot which is orange. Orange is one of many possible colors (a/an) carrot can have. The range of colors is almost ulimited. ,3,1,https://app.prolific.co/submissions/complete?cc=1C969808,64159,44902d90-0ea5-4570-8eac-aa39166d1692,2020-04-06 17:56:48,2199.534,2020-04-06 15:45:36.925000,2020-04-06 16:22:16.459000,39.0,true,variability_open,red,blackboard,../data/prolific_output/run3-group_experiment1/qu70-s_qu70-batch46.csv
qu70-s_qu70-batch46.csv,,NOT AVAILABLE,NOT AVAILABLE,8116ec6c-df4c-4563-bfeb-943aaba3b711,PROLIFIC,06-Apr-2020 18:03:04,217,9156,57d3bff9-ed71-4af1-b4e0-8be571d65e43,You can find (a/an) blackboard which is red. Red is one of many possible colors (a/an) blackboard can have. The range of colors is almost ulimited. ,You can find (a/an) flower which is purple. Purple is one of many possible colors (a/an) flower can have. The range of colors is almost ulimited. ,You can find (a/an) carrot which is orange. Orange is one of many possible colors (a/an) carrot can have. The range of colors is almost ulimited. ,3,1,https://app.prolific.co/submissions/complete?cc=1C969808,64740,71289a8a-c685-41f1-838e-9c03fa2c5ca2,2020-04-06 18:03:04,1289.294,2020-04-06 15:43:19.729000,2020-04-06 16:04:49.023000,12.0,false,variability_open,red,blackboard,../data/prolific_output/run3-group_experiment1/qu70-s_qu70-batch46.csv
qu70-s_qu70-batch46.csv,,NOT AVAILABLE,NOT AVAILABLE,1ebdafcc-fce7-41e2-9d93-aac9e254782e,PROLIFIC,06-Apr-2020 18:06:16,217,9156,57d3bff9-ed71-4af1-b4e0-8be571d65e43,You can find (a/an) blackboard which is red. Red is one of many possible colors (a/an) blackboard can have. The range of colors is almost ulimited. ,You can find (a/an) flower which is purple. Purple is one of many possible colors (a/an) flower can have. The range of colors is almost ulimited. ,You can find (a/an) carrot which is orange. Orange is one of many possible colors (a/an) carrot can have. The range of colors is almost ulimited. ,3,1,https://app.prolific.co/submissions/complete?cc=1C969808,64970,c5f5e63c-ddc4-443c-ac42-cc65068dc9fa,2020-04-06 18:06:16,1424.083,2020-04-06 15:45:14.573000,2020-04-06 16:08:58.656000,9.0,false,variability_open,red,blackboard,../data/prolific_output/run3-group_experiment1/qu70-s_qu70-batch46.csv
qu70-s_qu70-batch46.csv,,NOT AVAILABLE,NOT AVAILABLE,995ae989-0025-45e0-aa77-56eb008cb1d6,PROLIFIC,06-Apr-2020 17:50:59,217,9156,57d3bff9-ed71-4af1-b4e0-8be571d65e43,You can find (a/an) blackboard which is red. Red is one of many possible colors (a/an) blackboard can have. The range of colors is almost ulimited. ,You can find (a/an) flower which is purple. Purple is one of many possible colors (a/an) flower can have. The range of colors is almost ulimited. ,You can find (a/an) carrot which is orange. Orange is one of many possible colors (a/an) carrot can have. The range of colors is almost ulimited. ,3,1,https://app.prolific.co/submissions/complete?cc=1C969808,63732,3d320f36-e8e0-49be-b2cb-e1694156a99c,2020-04-06 17:50:59,185.294,2020-04-06 15:48:33.722000,2020-04-06 15:51:39.016000,1.0,false,variability_open,red,blackboard,../data/prolific_output/run3-group_experiment1/qu70-s_qu70-batch46.csv
qu70-s_qu70-batch46.csv,,NOT AVAILABLE,NOT AVAILABLE,fa8d1f1f-9017-4726-9b37-34e97e3f4b5f,PROLIFIC,06-Apr-2020 17:51:48,217,9156,57d3bff9-ed71-4af1-b4e0-8be571d65e43,You can find (a/an) blackboard which is red. Red is one of many possible colors (a/an) blackboard can have. The range of colors is almost ulimited. ,You can find (a/an) flower which is purple. Purple is one of many possible colors (a/an) flower can have. The range of colors is almost ulimited. ,You can find (a/an) carrot which is orange. Orange is one of many possible colors (a/an) carrot can have. The range of colors is almost ulimited. ,3,1,https://app.prolific.co/submissions/complete?cc=1C969808,63832,c1020758-f3dd-46e8-a817-2490c7eb3ffb,2020-04-06 17:51:48,417.94,2020-04-06 15:48:14.268000,2020-04-06 15:55:12.208000,1.0,true,variability_open,red,blackboard,../data/prolific_output/run3-group_experiment1/qu70-s_qu70-batch46.csv
qu70-s_qu70-batch46.csv,,NOT AVAILABLE,NOT AVAILABLE,ff5b40d9-36ab-4b0c-96cd-b8b200165b5f,PROLIFIC,06-Apr-2020 17:56:29,217,9156,57d3bff9-ed71-4af1-b4e0-8be571d65e43,You can find (a/an) blackboard which is red. Red is one of many possible colors (a/an) blackboard can have. The range of colors is almost ulimited. ,You can find (a/an) flower which is purple. Purple is one of many possible colors (a/an) flower can have. The range of colors is almost ulimited. ,You can find (a/an) carrot which is orange. Orange is one of many possible colors (a/an) carrot can have. The range of colors is almost ulimited. ,3,1,https://app.prolific.co/submissions/complete?cc=1C969808,64125,d439b14b-b78a-4b98-8e91-90ff5b2e4d41,2020-04-06 17:56:29,,,,1.0,true,variability_open,red,blackboard,../data/prolific_output/run3-group_experiment1/qu70-s_qu70-batch46.csv
qu70-s_qu70-batch46.csv,,NOT AVAILABLE,NOT AVAILABLE,def5c589-9118-419e-932b-0f312d0bec25,PROLIFIC,06-Apr-2020 17:58:04,217,9156,57d3bff9-ed71-4af1-b4e0-8be571d65e43,You can find (a/an) blackboard which is red. Red is one of many possible colors (a/an) blackboard can have. The range of colors is almost ulimited. ,You can find (a/an) flower which is purple. Purple is one of many possible colors (a/an) flower can have. The range of colors is almost ulimited. ,You can find (a/an) carrot which is orange. Orange is one of many possible colors (a/an) carrot can have. The range of colors is almost ulimited. ,3,1,https://app.prolific.co/submissions/complete?cc=1C969808,64265,2bb473e5-7264-4dcd-9f1e-59a3ca283f94,2020-04-06 17:58:04,,,,4.0,false,variability_open,red,blackboard,../data/prolific_output/run3-group_experiment1/qu70-s_qu70-batch46.csv
qu70-s_qu70-batch46.csv,,NOT AVAILABLE,NOT AVAILABLE,b759a9fb-a047-48ec-b0ee-199261b8060c,PROLIFIC,06-Apr-2020 18:02:37,217,9156,57d3bff9-ed71-4af1-b4e0-8be571d65e43,You can find (a/an) blackboard which is red. Red is one of many possible colors (a/an) blackboard can have. The range of colors is almost ulimited. ,You can find (a/an) flower which is purple. Purple is one of many possible colors (a/an) flower can have. The range of colors is almost ulimited. ,You can find (a/an) carrot which is orange. Orange is one of many possible colors (a/an) carrot can have. The range of colors is almost ulimited. ,3,1,https://app.prolific.co/submissions/complete?cc=1C969808,64690,1e52ad5d-beae-44f1-b8dc-8fcb488730a0,2020-04-06 18:02:37,,,,8.0,true,variability_open,red,blackboard,../data/prolific_output/run3-group_experiment1/qu70-s_qu70-batch46.csv
qu70-s_qu70-batch46.csv,,NOT AVAILABLE,NOT AVAILABLE,ffd3f20d-b154-4bb6-8fa1-7f4ba9967b71,PROLIFIC,06-Apr-2020 17:47:07,217,9157,39906850-8651-46a1-b735-994da7da8bd9,"Usually, (a/an) blackboard is not red, but there could be a highly unusual situation in which (a/an) blackboard is red.","Usually, (a/an) dog is not green, but there could be a highly unusual situation in which (a/an) dog is green.","Usually, (a/an) razor is not sharp, but there could be a highly unusual situation in which (a/an) razor is sharp.",3,1,https://app.prolific.co/submissions/complete?cc=1C969808,63389,ec4e6c26-ec94-429b-ad25-9efe444eda00,2020-04-06 17:47:07,418.472,2020-04-06 15:44:42.650000,2020-04-06 15:51:41.122000,5.0,true,unusual,red,blackboard,../data/prolific_output/run3-group_experiment1/qu70-s_qu70-batch46.csv
qu70-s_qu70-batch46.csv,,NOT AVAILABLE,NOT AVAILABLE,410085b1-018a-439f-a7e3-0bc5ae4f6451,PROLIFIC,06-Apr-2020 17:52:56,217,9157,39906850-8651-46a1-b735-994da7da8bd9,"Usually, (a/an) blackboard is not red, but there could be a highly unusual situation in which (a/an) blackboard is red.","Usually, (a/an) dog is not green, but there could be a highly unusual situation in which (a/an) dog is green.","Usually, (a/an) razor is not sharp, but there could be a highly unusual situation in which (a/an) razor is sharp.",3,1,https://app.prolific.co/submissions/complete?cc=1C969808,63901,1162ad5b-8b3c-43f8-bc79-0cffb2dae809,2020-04-06 17:52:56,1054.76,2020-04-06 15:45:45.354000,2020-04-06 16:03:20.114000,12.0,true,unusual,red,blackboard,../data/prolific_output/run3-group_experiment1/qu70-s_qu70-batch46.csv
qu70-s_qu70-batch46.csv,,NOT AVAILABLE,NOT AVAILABLE,ad3e5bec-9486-4707-b193-4ab747599819,PROLIFIC,06-Apr-2020 18:15:47,217,9157,39906850-8651-46a1-b735-994da7da8bd9,"Usually, (a/an) blackboard is not red, but there could be a highly unusual situation in which (a/an) blackboard is red.","Usually, (a/an) dog is not green, but there could be a highly unusual situation in which (a/an) dog is green.","Usually, (a/an) razor is not sharp, but there could be a highly unusual situation in which (a/an) razor is sharp.",3,1,https://app.prolific.co/submissions/complete?cc=1C969808,65159,a64d7941-c03c-447e-8ecf-be6cb4212f8a,2020-04-06 18:15:47,2199.534,2020-04-06 15:45:36.925000,2020-04-06 16:22:16.459000,4.0,true,unusual,red,blackboard,../data/prolific_output/run3-group_experiment1/qu70-s_qu70-batch46.csv
qu70-s_qu70-batch46.csv,,NOT AVAILABLE,NOT AVAILABLE,8116ec6c-df4c-4563-bfeb-943aaba3b711,PROLIFIC,06-Apr-2020 18:03:46,217,9157,39906850-8651-46a1-b735-994da7da8bd9,"Usually, (a/an) blackboard is not red, but there could be a highly unusual situation in which (a/an) blackboard is red.","Usually, (a/an) dog is not green, but there could be a highly unusual situation in which (a/an) dog is green.","Usually, (a/an) razor is not sharp, but there could be a highly unusual situation in which (a/an) razor is sharp.",3,1,https://app.prolific.co/submissions/complete?cc=1C969808,64802,a57523cb-fae8-41fb-8c44-b97dfe0450bd,2020-04-06 18:03:46,1289.294,2020-04-06 15:43:19.729000,2020-04-06 16:04:49.023000,9.0,false,unusual,red,blackboard,../data/prolific_output/run3-group_experiment1/qu70-s_qu70-batch46.csv
qu70-s_qu70-batch46.csv,,NOT AVAILABLE,NOT AVAILABLE,1ebdafcc-fce7-41e2-9d93-aac9e254782e,PROLIFIC,06-Apr-2020 17:55:35,217,9157,39906850-8651-46a1-b735-994da7da8bd9,"Usually, (a/an) blackboard is not red, but there could be a highly unusual situation in which (a/an) blackboard is red.","Usually, (a/an) dog is not green, but there could be a highly unusual situation in which (a/an) dog is green.","Usually, (a/an) razor is not sharp, but there could be a highly unusual situation in which (a/an) razor is sharp.",3,1,https://app.prolific.co/submissions/complete?cc=1C969808,64051,d62d3381-0b6a-4ce0-a049-6999de85047c,2020-04-06 17:55:35,1424.083,2020-04-06 15:45:14.573000,2020-04-06 16:08:58.656000,9.0,true,unusual,red,blackboard,../data/prolific_output/run3-group_experiment1/qu70-s_qu70-batch46.csv
qu70-s_qu70-batch46.csv,,NOT AVAILABLE,NOT AVAILABLE,995ae989-0025-45e0-aa77-56eb008cb1d6,PROLIFIC,06-Apr-2020 17:51:01,217,9157,39906850-8651-46a1-b735-994da7da8bd9,"Usually, (a/an) blackboard is not red, but there could be a highly unusual situation in which (a/an) blackboard is red.","Usually, (a/an) dog is not green, but there could be a highly unusual situation in which (a/an) dog is green.","Usually, (a/an) razor is not sharp, but there could be a highly unusual situation in which (a/an) razor is sharp.",3,1,https://app.prolific.co/submissions/complete?cc=1C969808,63738,5c5acf2b-6c36-4c3e-a597-db29311b5081,2020-04-06 17:51:01,185.294,2020-04-06 15:48:33.722000,2020-04-06 15:51:39.016000,1.0,false,unusual,red,blackboard,../data/prolific_output/run3-group_experiment1/qu70-s_qu70-batch46.csv
qu70-s_qu70-batch46.csv,,NOT AVAILABLE,NOT AVAILABLE,fa8d1f1f-9017-4726-9b37-34e97e3f4b5f,PROLIFIC,06-Apr-2020 17:50:35,217,9157,39906850-8651-46a1-b735-994da7da8bd9,"Usually, (a/an) blackboard is not red, but there could be a highly unusual situation in which (a/an) blackboard is red.","Usually, (a/an) dog is not green, but there could be a highly unusual situation in which (a/an) dog is green.","Usually, (a/an) razor is not sharp, but there could be a highly unusual situation in which (a/an) razor is sharp.",3,1,https://app.prolific.co/submissions/complete?cc=1C969808,63676,7936236d-f369-4a30-9155-936349171129,2020-04-06 17:50:35,417.94,2020-04-06 15:48:14.268000,2020-04-06 15:55:12.208000,2.0,false,unusual,red,blackboard,../data/prolific_output/run3-group_experiment1/qu70-s_qu70-batch46.csv
qu70-s_qu70-batch46.csv,,NOT AVAILABLE,NOT AVAILABLE,ff5b40d9-36ab-4b0c-96cd-b8b200165b5f,PROLIFIC,06-Apr-2020 17:55:19,217,9157,39906850-8651-46a1-b735-994da7da8bd9,"Usually, (a/an) blackboard is not red, but there could be a highly unusual situation in which (a/an) blackboard is red.","Usually, (a/an) dog is not green, but there could be a highly unusual situation in which (a/an) dog is green.","Usually, (a/an) razor is not sharp, but there could be a highly unusual situation in which (a/an) razor is sharp.",3,1,https://app.prolific.co/submissions/complete?cc=1C969808,64022,0a3fb335-08fb-4801-a2e4-fb81537ca263,2020-04-06 17:55:19,,,,4.0,true,unusual,red,blackboard,../data/prolific_output/run3-group_experiment1/qu70-s_qu70-batch46.csv
qu70-s_qu70-batch46.csv,,NOT AVAILABLE,NOT AVAILABLE,def5c589-9118-419e-932b-0f312d0bec25,PROLIFIC,06-Apr-2020 17:49:31,217,9157,39906850-8651-46a1-b735-994da7da8bd9,"Usually, (a/an) blackboard is not red, but there could be a highly unusual situation in which (a/an) blackboard is red.","Usually, (a/an) dog is not green, but there could be a highly unusual situation in which (a/an) dog is green.","Usually, (a/an) razor is not sharp, but there could be a highly unusual situation in which (a/an) razor is sharp.",3,1,https://app.prolific.co/submissions/complete?cc=1C969808,63555,c11355bd-0bee-4cb3-ab1d-9e4abffba582,2020-04-06 17:49:31,,,,20.0,false,unusual,red,blackboard,../data/prolific_output/run3-group_experiment1/qu70-s_qu70-batch46.csv
qu70-s_qu70-batch46.csv,,NOT AVAILABLE,NOT AVAILABLE,b759a9fb-a047-48ec-b0ee-199261b8060c,PROLIFIC,06-Apr-2020 17:55:42,217,9157,39906850-8651-46a1-b735-994da7da8bd9,"Usually, (a/an) blackboard is not red, but there could be a highly unusual situation in which (a/an) blackboard is red.","Usually, (a/an) dog is not green, but there could be a highly unusual situation in which (a/an) dog is green.","Usually, (a/an) razor is not sharp, but there could be a highly unusual situation in which (a/an) razor is sharp.",3,1,https://app.prolific.co/submissions/complete?cc=1C969808,64055,5da988ab-f66f-4006-bfcf-7153f59d6a04,2020-04-06 17:55:42,,,,8.0,true,unusual,red,blackboard,../data/prolific_output/run3-group_experiment1/qu70-s_qu70-batch46.csv
qu70-s_qu70-batch46.csv,,NOT AVAILABLE,NOT AVAILABLE,ffd3f20d-b154-4bb6-8fa1-7f4ba9967b71,PROLIFIC,06-Apr-2020 17:49:41,217,9158,6b9e8e4a-ce7a-4c1b-82a3-0e37ece19c84,I know that (a/an) blackboard is red as most or all other things similar to (a/an) blackboard are red. ,I know that (a/an) chocoloate_cake is sweet as most or all other things similar to (a/an) chocoloate_cake are sweet. ,I know that (a/an) table is transparent as most or all other things similar to (a/an) table are transparent. ,3,1,https://app.prolific.co/submissions/complete?cc=1C969808,63571,1de7c0b3-f991-42ce-ada1-184deda62179,2020-04-06 17:49:41,418.472,2020-04-06 15:44:42.650000,2020-04-06 15:51:41.122000,5.0,false,implied_category,red,blackboard,../data/prolific_output/run3-group_experiment1/qu70-s_qu70-batch46.csv
qu70-s_qu70-batch46.csv,,NOT AVAILABLE,NOT AVAILABLE,410085b1-018a-439f-a7e3-0bc5ae4f6451,PROLIFIC,06-Apr-2020 17:58:17,217,9158,6b9e8e4a-ce7a-4c1b-82a3-0e37ece19c84,I know that (a/an) blackboard is red as most or all other things similar to (a/an) blackboard are red. ,I know that (a/an) chocoloate_cake is sweet as most or all other things similar to (a/an) chocoloate_cake are sweet. ,I know that (a/an) table is transparent as most or all other things similar to (a/an) table are transparent. ,3,1,https://app.prolific.co/submissions/complete?cc=1C969808,64285,25170908-c6ee-418a-9be0-67643d5d6f1a,2020-04-06 17:58:17,1054.76,2020-04-06 15:45:45.354000,2020-04-06 16:03:20.114000,16.0,false,implied_category,red,blackboard,../data/prolific_output/run3-group_experiment1/qu70-s_qu70-batch46.csv
qu70-s_qu70-batch46.csv,,NOT AVAILABLE,NOT AVAILABLE,ad3e5bec-9486-4707-b193-4ab747599819,PROLIFIC,06-Apr-2020 18:15:36,217,9158,6b9e8e4a-ce7a-4c1b-82a3-0e37ece19c84,I know that (a/an) blackboard is red as most or all other things similar to (a/an) blackboard are red. ,I know that (a/an) chocoloate_cake is sweet as most or all other things similar to (a/an) chocoloate_cake are sweet. ,I know that (a/an) table is transparent as most or all other things similar to (a/an) table are transparent. ,3,1,https://app.prolific.co/submissions/complete?cc=1C969808,65157,b23946d1-59bb-4c4c-986b-69ce552b1102,2020-04-06 18:15:36,2199.534,2020-04-06 15:45:36.925000,2020-04-06 16:22:16.459000,9.0,false,implied_category,red,blackboard,../data/prolific_output/run3-group_experiment1/qu70-s_qu70-batch46.csv
qu70-s_qu70-batch46.csv,,NOT AVAILABLE,NOT AVAILABLE,8116ec6c-df4c-4563-bfeb-943aaba3b711,PROLIFIC,06-Apr-2020 18:01:26,217,9158,6b9e8e4a-ce7a-4c1b-82a3-0e37ece19c84,I know that (a/an) blackboard is red as most or all other things similar to (a/an) blackboard are red. ,I know that (a/an) chocoloate_cake is sweet as most or all other things similar to (a/an) chocoloate_cake are sweet. ,I know that (a/an) table is transparent as most or all other things similar to (a/an) table are transparent. ,3,1,https://app.prolific.co/submissions/complete?cc=1C969808,64574,72ebf1c3-2919-49ec-8268-efa1e84a7f65,2020-04-06 18:01:26,1289.294,2020-04-06 15:43:19.729000,2020-04-06 16:04:49.023000,7.0,false,implied_category,red,blackboard,../data/prolific_output/run3-group_experiment1/qu70-s_qu70-batch46.csv
qu70-s_qu70-batch46.csv,,NOT AVAILABLE,NOT AVAILABLE,1ebdafcc-fce7-41e2-9d93-aac9e254782e,PROLIFIC,06-Apr-2020 17:58:58,217,9158,6b9e8e4a-ce7a-4c1b-82a3-0e37ece19c84,I know that (a/an) blackboard is red as most or all other things similar to (a/an) blackboard are red. ,I know that (a/an) chocoloate_cake is sweet as most or all other things similar to (a/an) chocoloate_cake are sweet. ,I know that (a/an) table is transparent as most or all other things similar to (a/an) table are transparent. ,3,1,https://app.prolific.co/submissions/complete?cc=1C969808,64344,39e8a78c-ba34-4161-b869-d7e0c9db807b,2020-04-06 17:58:58,1424.083,2020-04-06 15:45:14.573000,2020-04-06 16:08:58.656000,21.0,false,implied_category,red,blackboard,../data/prolific_output/run3-group_experiment1/qu70-s_qu70-batch46.csv
qu70-s_qu70-batch46.csv,,NOT AVAILABLE,NOT AVAILABLE,995ae989-0025-45e0-aa77-56eb008cb1d6,PROLIFIC,06-Apr-2020 17:51:09,217,9158,6b9e8e4a-ce7a-4c1b-82a3-0e37ece19c84,I know that (a/an) blackboard is red as most or all other things similar to (a/an) blackboard are red. ,I know that (a/an) chocoloate_cake is sweet as most or all other things similar to (a/an) chocoloate_cake are sweet. ,I know that (a/an) table is transparent as most or all other things similar to (a/an) table are transparent. ,3,1,https://app.prolific.co/submissions/complete?cc=1C969808,63756,dd3d2321-26b5-421a-a414-50258704cdf7,2020-04-06 17:51:09,185.294,2020-04-06 15:48:33.722000,2020-04-06 15:51:39.016000,4.0,false,implied_category,red,blackboard,../data/prolific_output/run3-group_experiment1/qu70-s_qu70-batch46.csv
qu70-s_qu70-batch46.csv,,NOT AVAILABLE,NOT AVAILABLE,fa8d1f1f-9017-4726-9b37-34e97e3f4b5f,PROLIFIC,06-Apr-2020 17:52:06,217,9158,6b9e8e4a-ce7a-4c1b-82a3-0e37ece19c84,I know that (a/an) blackboard is red as most or all other things similar to (a/an) blackboard are red. ,I know that (a/an) chocoloate_cake is sweet as most or all other things similar to (a/an) chocoloate_cake are sweet. ,I know that (a/an) table is transparent as most or all other things similar to (a/an) table are transparent. ,3,1,https://app.prolific.co/submissions/complete?cc=1C969808,63852,333ae607-508b-4db0-bd75-30569a91cf42,2020-04-06 17:52:06,417.94,2020-04-06 15:48:14.268000,2020-04-06 15:55:12.208000,1.0,true,implied_category,red,blackboard,../data/prolific_output/run3-group_experiment1/qu70-s_qu70-batch46.csv
qu70-s_qu70-batch46.csv,,NOT AVAILABLE,NOT AVAILABLE,ff5b40d9-36ab-4b0c-96cd-b8b200165b5f,PROLIFIC,06-Apr-2020 17:55:33,217,9158,6b9e8e4a-ce7a-4c1b-82a3-0e37ece19c84,I know that (a/an) blackboard is red as most or all other things similar to (a/an) blackboard are red. ,I know that (a/an) chocoloate_cake is sweet as most or all other things similar to (a/an) chocoloate_cake are sweet. ,I know that (a/an) table is transparent as most or all other things similar to (a/an) table are transparent. ,3,1,https://app.prolific.co/submissions/complete?cc=1C969808,64045,246b9fe4-b011-4cfb-aa51-b765232ee504,2020-04-06 17:55:33,,,,1.0,true,implied_category,red,blackboard,../data/prolific_output/run3-group_experiment1/qu70-s_qu70-batch46.csv
qu70-s_qu70-batch46.csv,,NOT AVAILABLE,NOT AVAILABLE,def5c589-9118-419e-932b-0f312d0bec25,PROLIFIC,06-Apr-2020 17:57:25,217,9158,6b9e8e4a-ce7a-4c1b-82a3-0e37ece19c84,I know that (a/an) blackboard is red as most or all other things similar to (a/an) blackboard are red. ,I know that (a/an) chocoloate_cake is sweet as most or all other things similar to (a/an) chocoloate_cake are sweet. ,I know that (a/an) table is transparent as most or all other things similar to (a/an) table are transparent. ,3,1,https://app.prolific.co/submissions/complete?cc=1C969808,64211,07a1c0f0-9b75-45d8-9647-f64f6f6dd450,2020-04-06 17:57:25,,,,3.0,false,implied_category,red,blackboard,../data/prolific_output/run3-group_experiment1/qu70-s_qu70-batch46.csv
qu70-s_qu70-batch46.csv,,NOT AVAILABLE,NOT AVAILABLE,b759a9fb-a047-48ec-b0ee-199261b8060c,PROLIFIC,06-Apr-2020 18:01:25,217,9158,6b9e8e4a-ce7a-4c1b-82a3-0e37ece19c84,I know that (a/an) blackboard is red as most or all other things similar to (a/an) blackboard are red. ,I know that (a/an) chocoloate_cake is sweet as most or all other things similar to (a/an) chocoloate_cake are sweet. ,I know that (a/an) table is transparent as most or all other things similar to (a/an) table are transparent. ,3,1,https://app.prolific.co/submissions/complete?cc=1C969808,64573,bec09dfa-a26d-4ba9-bf73-d981916a20d6,2020-04-06 18:01:25,,,,9.0,false,implied_category,red,blackboard,../data/prolific_output/run3-group_experiment1/qu70-s_qu70-batch46.csv
qu70-s_qu70-batch46.csv,,NOT AVAILABLE,NOT AVAILABLE,ffd3f20d-b154-4bb6-8fa1-7f4ba9967b71,PROLIFIC,06-Apr-2020 17:50:09,217,9159,616710b0-74ff-489a-a45c-e28c5286e9c6,``Red'' is one for the first things which come to mind when I hear ``blackboard''.,``Bitter'' is one for the first things which come to mind when I hear ``coffee''.,``Salty'' is one for the first things which come to mind when I hear ``beer''.,3,1,https://app.prolific.co/submissions/complete?cc=1C969808,63624,ffbfeaf5-2325-4a2f-a504-8bd7f60473ee,2020-04-06 17:50:09,418.472,2020-04-06 15:44:42.650000,2020-04-06 15:51:41.122000,2.0,false,typical_of_concept,red,blackboard,../data/prolific_output/run3-group_experiment1/qu70-s_qu70-batch46.csv
qu70-s_qu70-batch46.csv,,NOT AVAILABLE,NOT AVAILABLE,410085b1-018a-439f-a7e3-0bc5ae4f6451,PROLIFIC,06-Apr-2020 18:00:01,217,9159,616710b0-74ff-489a-a45c-e28c5286e9c6,``Red'' is one for the first things which come to mind when I hear ``blackboard''.,``Bitter'' is one for the first things which come to mind when I hear ``coffee''.,``Salty'' is one for the first things which come to mind when I hear ``beer''.,3,1,https://app.prolific.co/submissions/complete?cc=1C969808,64435,420b3f6b-f5e4-4fea-be88-b84fdc39b714,2020-04-06 18:00:01,1054.76,2020-04-06 15:45:45.354000,2020-04-06 16:03:20.114000,24.0,false,typical_of_concept,red,blackboard,../data/prolific_output/run3-group_experiment1/qu70-s_qu70-batch46.csv
qu70-s_qu70-batch46.csv,,NOT AVAILABLE,NOT AVAILABLE,ad3e5bec-9486-4707-b193-4ab747599819,PROLIFIC,06-Apr-2020 18:09:03,217,9159,616710b0-74ff-489a-a45c-e28c5286e9c6,``Red'' is one for the first things which come to mind when I hear ``blackboard''.,``Bitter'' is one for the first things which come to mind when I hear ``coffee''.,``Salty'' is one for the first things which come to mind when I hear ``beer''.,3,1,https://app.prolific.co/submissions/complete?cc=1C969808,65070,4f0a8d60-5193-484e-944e-c5c628ada1ce,2020-04-06 18:09:03,2199.534,2020-04-06 15:45:36.925000,2020-04-06 16:22:16.459000,5.0,false,typical_of_concept,red,blackboard,../data/prolific_output/run3-group_experiment1/qu70-s_qu70-batch46.csv
qu70-s_qu70-batch46.csv,,NOT AVAILABLE,NOT AVAILABLE,ad3e5bec-9486-4707-b193-4ab747599819,PROLIFIC,06-Apr-2020 18:17:03,217,9159,616710b0-74ff-489a-a45c-e28c5286e9c6,``Red'' is one for the first things which come to mind when I hear ``blackboard''.,``Bitter'' is one for the first things which come to mind when I hear ``coffee''.,``Salty'' is one for the first things which come to mind when I hear ``beer''.,3,1,https://app.prolific.co/submissions/complete?cc=1C969808,65176,ffa7c711-2d94-4ffc-b6ea-73f28e03abe1,2020-04-06 18:17:03,2199.534,2020-04-06 15:45:36.925000,2020-04-06 16:22:16.459000,2.0,false,typical_of_concept,red,blackboard,../data/prolific_output/run3-group_experiment1/qu70-s_qu70-batch46.csv
qu70-s_qu70-batch46.csv,,NOT AVAILABLE,NOT AVAILABLE,8116ec6c-df4c-4563-bfeb-943aaba3b711,PROLIFIC,06-Apr-2020 18:04:13,217,9159,616710b0-74ff-489a-a45c-e28c5286e9c6,``Red'' is one for the first things which come to mind when I hear ``blackboard''.,``Bitter'' is one for the first things which come to mind when I hear ``coffee''.,``Salty'' is one for the first things which come to mind when I hear ``beer''.,3,1,https://app.prolific.co/submissions/complete?cc=1C969808,64838,8d2d6ee0-d7a1-442f-9719-2a183675a5fd,2020-04-06 18:04:13,1289.294,2020-04-06 15:43:19.729000,2020-04-06 16:04:49.023000,13.0,false,typical_of_concept,red,blackboard,../data/prolific_output/run3-group_experiment1/qu70-s_qu70-batch46.csv
qu70-s_qu70-batch46.csv,,NOT AVAILABLE,NOT AVAILABLE,1ebdafcc-fce7-41e2-9d93-aac9e254782e,PROLIFIC,06-Apr-2020 18:06:36,217,9159,616710b0-74ff-489a-a45c-e28c5286e9c6,``Red'' is one for the first things which come to mind when I hear ``blackboard''.,``Bitter'' is one for the first things which come to mind when I hear ``coffee''.,``Salty'' is one for the first things which come to mind when I hear ``beer''.,3,1,https://app.prolific.co/submissions/complete?cc=1C969808,64985,aa28c614-2ac4-45ea-915c-bf6368b86126,2020-04-06 18:06:36,1424.083,2020-04-06 15:45:14.573000,2020-04-06 16:08:58.656000,7.0,false,typical_of_concept,red,blackboard,../data/prolific_output/run3-group_experiment1/qu70-s_qu70-batch46.csv
qu70-s_qu70-batch46.csv,,NOT AVAILABLE,NOT AVAILABLE,995ae989-0025-45e0-aa77-56eb008cb1d6,PROLIFIC,06-Apr-2020 17:49:28,217,9159,616710b0-74ff-489a-a45c-e28c5286e9c6,``Red'' is one for the first things which come to mind when I hear ``blackboard''.,``Bitter'' is one for the first things which come to mind when I hear ``coffee''.,``Salty'' is one for the first things which come to mind when I hear ``beer''.,3,1,https://app.prolific.co/submissions/complete?cc=1C969808,63551,10563d55-c090-4ff0-bd64-7ce679097f0a,2020-04-06 17:49:28,185.294,2020-04-06 15:48:33.722000,2020-04-06 15:51:39.016000,2.0,true,typical_of_concept,red,blackboard,../data/prolific_output/run3-group_experiment1/qu70-s_qu70-batch46.csv
qu70-s_qu70-batch46.csv,,NOT AVAILABLE,NOT AVAILABLE,fa8d1f1f-9017-4726-9b37-34e97e3f4b5f,PROLIFIC,06-Apr-2020 17:54:33,217,9159,616710b0-74ff-489a-a45c-e28c5286e9c6,``Red'' is one for the first things which come to mind when I hear ``blackboard''.,``Bitter'' is one for the first things which come to mind when I hear ``coffee''.,``Salty'' is one for the first things which come to mind when I hear ``beer''.,3,1,https://app.prolific.co/submissions/complete?cc=1C969808,63970,a35e8759-5672-4625-a17f-09e18c48fd94,2020-04-06 17:54:33,417.94,2020-04-06 15:48:14.268000,2020-04-06 15:55:12.208000,44.208,false,typical_of_concept,red,blackboard,../data/prolific_output/run3-group_experiment1/qu70-s_qu70-batch46.csv
qu70-s_qu70-batch46.csv,,NOT AVAILABLE,NOT AVAILABLE,ff5b40d9-36ab-4b0c-96cd-b8b200165b5f,PROLIFIC,06-Apr-2020 17:56:06,217,9159,616710b0-74ff-489a-a45c-e28c5286e9c6,``Red'' is one for the first things which come to mind when I hear ``blackboard''.,``Bitter'' is one for the first things which come to mind when I hear ``coffee''.,``Salty'' is one for the first things which come to mind when I hear ``beer''.,3,1,https://app.prolific.co/submissions/complete?cc=1C969808,64081,c91a3822-8c14-4824-a352-1ab68e0ae896,2020-04-06 17:56:06,,,,1.0,true,typical_of_concept,red,blackboard,../data/prolific_output/run3-group_experiment1/qu70-s_qu70-batch46.csv
qu70-s_qu70-batch46.csv,,NOT AVAILABLE,NOT AVAILABLE,def5c589-9118-419e-932b-0f312d0bec25,PROLIFIC,06-Apr-2020 17:51:31,217,9159,616710b0-74ff-489a-a45c-e28c5286e9c6,``Red'' is one for the first things which come to mind when I hear ``blackboard''.,``Bitter'' is one for the first things which come to mind when I hear ``coffee''.,``Salty'' is one for the first things which come to mind when I hear ``beer''.,3,1,https://app.prolific.co/submissions/complete?cc=1C969808,63802,964f5658-2080-4b80-ab08-8f2343004fc8,2020-04-06 17:51:31,,,,9.0,false,typical_of_concept,red,blackboard,../data/prolific_output/run3-group_experiment1/qu70-s_qu70-batch46.csv
qu70-s_qu70-batch46.csv,,NOT AVAILABLE,NOT AVAILABLE,b759a9fb-a047-48ec-b0ee-199261b8060c,PROLIFIC,06-Apr-2020 17:58:00,217,9159,616710b0-74ff-489a-a45c-e28c5286e9c6,``Red'' is one for the first things which come to mind when I hear ``blackboard''.,``Bitter'' is one for the first things which come to mind when I hear ``coffee''.,``Salty'' is one for the first things which come to mind when I hear ``beer''.,3,1,https://app.prolific.co/submissions/complete?cc=1C969808,64258,6ec4cbc7-dcbc-4223-a53e-ed5dcab49fb7,2020-04-06 17:58:00,,,,8.0,false,typical_of_concept,red,blackboard,../data/prolific_output/run3-group_experiment1/qu70-s_qu70-batch46.csv
qu70-s_qu70-batch46.csv,,NOT AVAILABLE,NOT AVAILABLE,ffd3f20d-b154-4bb6-8fa1-7f4ba9967b71,PROLIFIC,06-Apr-2020 17:48:50,217,9160,b3f7f4b7-87c2-4a5a-aee5-05777c76a2c2,I think it is impossible for (a/an) blackboard to be red.,I think it is impossible for (a/an) flame to be frozen.,I think it is impossible for (a/an) book to be light.,3,1,https://app.prolific.co/submissions/complete?cc=1C969808,63512,3b6c6408-e7f7-4db5-bd06-93bf5cd5ea84,2020-04-06 17:48:50,418.472,2020-04-06 15:44:42.650000,2020-04-06 15:51:41.122000,3.0,false,impossible,red,blackboard,../data/prolific_output/run3-group_experiment1/qu70-s_qu70-batch46.csv
qu70-s_qu70-batch46.csv,,NOT AVAILABLE,NOT AVAILABLE,410085b1-018a-439f-a7e3-0bc5ae4f6451,PROLIFIC,06-Apr-2020 17:52:13,217,9160,b3f7f4b7-87c2-4a5a-aee5-05777c76a2c2,I think it is impossible for (a/an) blackboard to be red.,I think it is impossible for (a/an) flame to be frozen.,I think it is impossible for (a/an) book to be light.,3,1,https://app.prolific.co/submissions/complete?cc=1C969808,63865,391f608f-ef3b-4169-8af1-a13e7cba2b87,2020-04-06 17:52:13,1054.76,2020-04-06 15:45:45.354000,2020-04-06 16:03:20.114000,13.0,false,impossible,red,blackboard,../data/prolific_output/run3-group_experiment1/qu70-s_qu70-batch46.csv
qu70-s_qu70-batch46.csv,,NOT AVAILABLE,NOT AVAILABLE,ad3e5bec-9486-4707-b193-4ab747599819,PROLIFIC,06-Apr-2020 18:16:02,217,9160,b3f7f4b7-87c2-4a5a-aee5-05777c76a2c2,I think it is impossible for (a/an) blackboard to be red.,I think it is impossible for (a/an) flame to be frozen.,I think it is impossible for (a/an) book to be light.,3,1,https://app.prolific.co/submissions/complete?cc=1C969808,65162,9e56b84d-651a-4fde-acf8-a0faca34fe20,2020-04-06 18:16:02,2199.534,2020-04-06 15:45:36.925000,2020-04-06 16:22:16.459000,5.0,false,impossible,red,blackboard,../data/prolific_output/run3-group_experiment1/qu70-s_qu70-batch46.csv
qu70-s_qu70-batch46.csv,,NOT AVAILABLE,NOT AVAILABLE,8116ec6c-df4c-4563-bfeb-943aaba3b711,PROLIFIC,06-Apr-2020 17:57:19,217,9160,b3f7f4b7-87c2-4a5a-aee5-05777c76a2c2,I think it is impossible for (a/an) blackboard to be red.,I think it is impossible for (a/an) flame to be frozen.,I think it is impossible for (a/an) book to be light.,3,1,https://app.prolific.co/submissions/complete?cc=1C969808,64201,4fd62235-dbaa-4370-aeb6-604ecfde6fce,2020-04-06 17:57:19,1289.294,2020-04-06 15:43:19.729000,2020-04-06 16:04:49.023000,7.0,true,impossible,red,blackboard,../data/prolific_output/run3-group_experiment1/qu70-s_qu70-batch46.csv
qu70-s_qu70-batch46.csv,,NOT AVAILABLE,NOT AVAILABLE,1ebdafcc-fce7-41e2-9d93-aac9e254782e,PROLIFIC,06-Apr-2020 18:01:59,217,9160,b3f7f4b7-87c2-4a5a-aee5-05777c76a2c2,I think it is impossible for (a/an) blackboard to be red.,I think it is impossible for (a/an) flame to be frozen.,I think it is impossible for (a/an) book to be light.,3,1,https://app.prolific.co/submissions/complete?cc=1C969808,64633,f12ec189-3c01-406f-a9f9-5543c6dbb839,2020-04-06 18:01:59,1424.083,2020-04-06 15:45:14.573000,2020-04-06 16:08:58.656000,5.0,false,impossible,red,blackboard,../data/prolific_output/run3-group_experiment1/qu70-s_qu70-batch46.csv
qu70-s_qu70-batch46.csv,,NOT AVAILABLE,NOT AVAILABLE,995ae989-0025-45e0-aa77-56eb008cb1d6,PROLIFIC,06-Apr-2020 17:51:23,217,9160,b3f7f4b7-87c2-4a5a-aee5-05777c76a2c2,I think it is impossible for (a/an) blackboard to be red.,I think it is impossible for (a/an) flame to be frozen.,I think it is impossible for (a/an) book to be light.,3,1,https://app.prolific.co/submissions/complete?cc=1C969808,63787,84cdff79-0d67-405b-a23c-f2f1b1264c39,2020-04-06 17:51:23,185.294,2020-04-06 15:48:33.722000,2020-04-06 15:51:39.016000,1.0,false,impossible,red,blackboard,../data/prolific_output/run3-group_experiment1/qu70-s_qu70-batch46.csv
qu70-s_qu70-batch46.csv,,NOT AVAILABLE,NOT AVAILABLE,fa8d1f1f-9017-4726-9b37-34e97e3f4b5f,PROLIFIC,06-Apr-2020 17:54:19,217,9160,b3f7f4b7-87c2-4a5a-aee5-05777c76a2c2,I think it is impossible for (a/an) blackboard to be red.,I think it is impossible for (a/an) flame to be frozen.,I think it is impossible for (a/an) book to be light.,3,1,https://app.prolific.co/submissions/complete?cc=1C969808,63954,8efb4ebf-88f6-4855-a91d-7abab0d9f308,2020-04-06 17:54:19,417.94,2020-04-06 15:48:14.268000,2020-04-06 15:55:12.208000,2.0,false,impossible,red,blackboard,../data/prolific_output/run3-group_experiment1/qu70-s_qu70-batch46.csv
qu70-s_qu70-batch46.csv,,NOT AVAILABLE,NOT AVAILABLE,ff5b40d9-36ab-4b0c-96cd-b8b200165b5f,PROLIFIC,06-Apr-2020 17:56:22,217,9160,b3f7f4b7-87c2-4a5a-aee5-05777c76a2c2,I think it is impossible for (a/an) blackboard to be red.,I think it is impossible for (a/an) flame to be frozen.,I think it is impossible for (a/an) book to be light.,3,1,https://app.prolific.co/submissions/complete?cc=1C969808,64111,29fd55cd-d715-41aa-8a8c-c6653d2f7dbe,2020-04-06 17:56:22,,,,2.0,true,impossible,red,blackboard,../data/prolific_output/run3-group_experiment1/qu70-s_qu70-batch46.csv
qu70-s_qu70-batch46.csv,,NOT AVAILABLE,NOT AVAILABLE,def5c589-9118-419e-932b-0f312d0bec25,PROLIFIC,06-Apr-2020 17:48:00,217,9160,b3f7f4b7-87c2-4a5a-aee5-05777c76a2c2,I think it is impossible for (a/an) blackboard to be red.,I think it is impossible for (a/an) flame to be frozen.,I think it is impossible for (a/an) book to be light.,3,1,https://app.prolific.co/submissions/complete?cc=1C969808,63449,5fabfc06-56dd-4874-9346-c66731ade449,2020-04-06 17:48:00,,,,8.0,true,impossible,red,blackboard,../data/prolific_output/run3-group_experiment1/qu70-s_qu70-batch46.csv
qu70-s_qu70-batch46.csv,,NOT AVAILABLE,NOT AVAILABLE,b759a9fb-a047-48ec-b0ee-199261b8060c,PROLIFIC,06-Apr-2020 17:58:52,217,9160,b3f7f4b7-87c2-4a5a-aee5-05777c76a2c2,I think it is impossible for (a/an) blackboard to be red.,I think it is impossible for (a/an) flame to be frozen.,I think it is impossible for (a/an) book to be light.,3,1,https://app.prolific.co/submissions/complete?cc=1C969808,64337,529cb82d-955d-4404-b9f8-409f0f177bc4,2020-04-06 17:58:52,,,,3.0,false,impossible,red,blackboard,../data/prolific_output/run3-group_experiment1/qu70-s_qu70-batch46.csv
qu70-s_qu70-batch46.csv,,NOT AVAILABLE,NOT AVAILABLE,ffd3f20d-b154-4bb6-8fa1-7f4ba9967b71,PROLIFIC,06-Apr-2020 17:47:22,217,9161,5df5ac78-ec5a-48c8-9cdf-78817c1db693,I know that being red is necessary for many things (a/an) blackboard does or is used for. ,I know that being bright is necessary for many things (a/an) flashlight does or is used for. ,I know that being grey is necessary for many things (a/an) car does or is used for. ,3,1,https://app.prolific.co/submissions/complete?cc=1C969808,63409,717071d0-b5d1-40f7-846f-3ac3c576ae39,2020-04-06 17:47:22,418.472,2020-04-06 15:44:42.650000,2020-04-06 15:51:41.122000,6.0,false,affording_activity,red,blackboard,../data/prolific_output/run3-group_experiment1/qu70-s_qu70-batch46.csv
qu70-s_qu70-batch46.csv,,NOT AVAILABLE,NOT AVAILABLE,410085b1-018a-439f-a7e3-0bc5ae4f6451,PROLIFIC,06-Apr-2020 17:58:36,217,9161,5df5ac78-ec5a-48c8-9cdf-78817c1db693,I know that being red is necessary for many things (a/an) blackboard does or is used for. ,I know that being bright is necessary for many things (a/an) flashlight does or is used for. ,I know that being grey is necessary for many things (a/an) car does or is used for. ,3,1,https://app.prolific.co/submissions/complete?cc=1C969808,64314,ac962ee2-c192-48de-a6ef-32e17a65e4b4,2020-04-06 17:58:36,1054.76,2020-04-06 15:45:45.354000,2020-04-06 16:03:20.114000,15.0,false,affording_activity,red,blackboard,../data/prolific_output/run3-group_experiment1/qu70-s_qu70-batch46.csv
qu70-s_qu70-batch46.csv,,NOT AVAILABLE,NOT AVAILABLE,ad3e5bec-9486-4707-b193-4ab747599819,PROLIFIC,06-Apr-2020 18:04:12,217,9161,5df5ac78-ec5a-48c8-9cdf-78817c1db693,I know that being red is necessary for many things (a/an) blackboard does or is used for. ,I know that being bright is necessary for many things (a/an) flashlight does or is used for. ,I know that being grey is necessary for many things (a/an) car does or is used for. ,3,1,https://app.prolific.co/submissions/complete?cc=1C969808,64834,e71dfc1c-2481-4de4-b63a-769de8c332a9,2020-04-06 18:04:12,2199.534,2020-04-06 15:45:36.925000,2020-04-06 16:22:16.459000,5.0,false,affording_activity,red,blackboard,../data/prolific_output/run3-group_experiment1/qu70-s_qu70-batch46.csv
qu70-s_qu70-batch46.csv,,NOT AVAILABLE,NOT AVAILABLE,ad3e5bec-9486-4707-b193-4ab747599819,PROLIFIC,06-Apr-2020 18:18:43,217,9161,5df5ac78-ec5a-48c8-9cdf-78817c1db693,I know that being red is necessary for many things (a/an) blackboard does or is used for. ,I know that being bright is necessary for many things (a/an) flashlight does or is used for. ,I know that being grey is necessary for many things (a/an) car does or is used for. ,3,1,https://app.prolific.co/submissions/complete?cc=1C969808,65196,793bacd3-f18b-41e4-ab1b-100a5ea6aa2e,2020-04-06 18:18:43,2199.534,2020-04-06 15:45:36.925000,2020-04-06 16:22:16.459000,4.0,false,affording_activity,red,blackboard,../data/prolific_output/run3-group_experiment1/qu70-s_qu70-batch46.csv
qu70-s_qu70-batch46.csv,,NOT AVAILABLE,NOT AVAILABLE,8116ec6c-df4c-4563-bfeb-943aaba3b711,PROLIFIC,06-Apr-2020 17:56:53,217,9161,5df5ac78-ec5a-48c8-9cdf-78817c1db693,I know that being red is necessary for many things (a/an) blackboard does or is used for. ,I know that being bright is necessary for many things (a/an) flashlight does or is used for. ,I know that being grey is necessary for many things (a/an) car does or is used for. ,3,1,https://app.prolific.co/submissions/complete?cc=1C969808,64166,647ac3dc-b1a4-4763-a48e-2004907adbea,2020-04-06 17:56:53,1289.294,2020-04-06 15:43:19.729000,2020-04-06 16:04:49.023000,19.0,false,affording_activity,red,blackboard,../data/prolific_output/run3-group_experiment1/qu70-s_qu70-batch46.csv
qu70-s_qu70-batch46.csv,,NOT AVAILABLE,NOT AVAILABLE,1ebdafcc-fce7-41e2-9d93-aac9e254782e,PROLIFIC,06-Apr-2020 18:07:36,217,9161,5df5ac78-ec5a-48c8-9cdf-78817c1db693,I know that being red is necessary for many things (a/an) blackboard does or is used for. ,I know that being bright is necessary for many things (a/an) flashlight does or is used for. ,I know that being grey is necessary for many things (a/an) car does or is used for. ,3,1,https://app.prolific.co/submissions/complete?cc=1C969808,65035,43663c3a-c0dc-4e66-978d-a4c340628575,2020-04-06 18:07:36,1424.083,2020-04-06 15:45:14.573000,2020-04-06 16:08:58.656000,8.0,true,affording_activity,red,blackboard,../data/prolific_output/run3-group_experiment1/qu70-s_qu70-batch46.csv
qu70-s_qu70-batch46.csv,,NOT AVAILABLE,NOT AVAILABLE,995ae989-0025-45e0-aa77-56eb008cb1d6,PROLIFIC,06-Apr-2020 17:50:56,217,9161,5df5ac78-ec5a-48c8-9cdf-78817c1db693,I know that being red is necessary for many things (a/an) blackboard does or is used for. ,I know that being bright is necessary for many things (a/an) flashlight does or is used for. ,I know that being grey is necessary for many things (a/an) car does or is used for. ,3,1,https://app.prolific.co/submissions/complete?cc=1C969808,63725,cbedc460-875c-42af-9670-d0f33a56719d,2020-04-06 17:50:56,185.294,2020-04-06 15:48:33.722000,2020-04-06 15:51:39.016000,1.0,false,affording_activity,red,blackboard,../data/prolific_output/run3-group_experiment1/qu70-s_qu70-batch46.csv
qu70-s_qu70-batch46.csv,,NOT AVAILABLE,NOT AVAILABLE,fa8d1f1f-9017-4726-9b37-34e97e3f4b5f,PROLIFIC,06-Apr-2020 17:52:22,217,9161,5df5ac78-ec5a-48c8-9cdf-78817c1db693,I know that being red is necessary for many things (a/an) blackboard does or is used for. ,I know that being bright is necessary for many things (a/an) flashlight does or is used for. ,I know that being grey is necessary for many things (a/an) car does or is used for. ,3,1,https://app.prolific.co/submissions/complete?cc=1C969808,63876,5118cbf7-b4a9-424d-ada7-b105973c6694,2020-04-06 17:52:22,417.94,2020-04-06 15:48:14.268000,2020-04-06 15:55:12.208000,2.0,false,affording_activity,red,blackboard,../data/prolific_output/run3-group_experiment1/qu70-s_qu70-batch46.csv
qu70-s_qu70-batch46.csv,,NOT AVAILABLE,NOT AVAILABLE,ff5b40d9-36ab-4b0c-96cd-b8b200165b5f,PROLIFIC,06-Apr-2020 17:56:17,217,9161,5df5ac78-ec5a-48c8-9cdf-78817c1db693,I know that being red is necessary for many things (a/an) blackboard does or is used for. ,I know that being bright is necessary for many things (a/an) flashlight does or is used for. ,I know that being grey is necessary for many things (a/an) car does or is used for. ,3,1,https://app.prolific.co/submissions/complete?cc=1C969808,64103,fcae2a1a-bcf5-4893-9c14-4e8c2cf82ecd,2020-04-06 17:56:17,,,,1.0,true,affording_activity,red,blackboard,../data/prolific_output/run3-group_experiment1/qu70-s_qu70-batch46.csv
qu70-s_qu70-batch46.csv,,NOT AVAILABLE,NOT AVAILABLE,def5c589-9118-419e-932b-0f312d0bec25,PROLIFIC,06-Apr-2020 17:58:15,217,9161,5df5ac78-ec5a-48c8-9cdf-78817c1db693,I know that being red is necessary for many things (a/an) blackboard does or is used for. ,I know that being bright is necessary for many things (a/an) flashlight does or is used for. ,I know that being grey is necessary for many things (a/an) car does or is used for. ,3,1,https://app.prolific.co/submissions/complete?cc=1C969808,64282,1202c031-0f06-4bc0-9d48-190464aebff1,2020-04-06 17:58:15,,,,11.0,false,affording_activity,red,blackboard,../data/prolific_output/run3-group_experiment1/qu70-s_qu70-batch46.csv
qu70-s_qu70-batch46.csv,,NOT AVAILABLE,NOT AVAILABLE,b759a9fb-a047-48ec-b0ee-199261b8060c,PROLIFIC,06-Apr-2020 18:02:11,217,9161,5df5ac78-ec5a-48c8-9cdf-78817c1db693,I know that being red is necessary for many things (a/an) blackboard does or is used for. ,I know that being bright is necessary for many things (a/an) flashlight does or is used for. ,I know that being grey is necessary for many things (a/an) car does or is used for. ,3,1,https://app.prolific.co/submissions/complete?cc=1C969808,64647,4ad2244f-08bd-40b6-954b-a78568e43308,2020-04-06 18:02:11,,,,14.0,false,affording_activity,red,blackboard,../data/prolific_output/run3-group_experiment1/qu70-s_qu70-batch46.csv
qu70-s_qu70-batch46.csv,,NOT AVAILABLE,NOT AVAILABLE,ffd3f20d-b154-4bb6-8fa1-7f4ba9967b71,PROLIFIC,06-Apr-2020 17:50:03,217,9162,a4a6f47c-b7f3-4488-bda4-9703b82bd415,"I could say ``(a/an) blackboard is red"", but I would most certainly not mean it literally.","I could say ``(a/an) anger is hot"", but I would most certainly not mean it literally.
I could say ``(a/an) person is cold"", but I would most certainly not mean it literally.
I could say ``(a/an) story is dark"", but I would most certainly not mean it literally.","I could say ``(a/an) fire is hot"", but I would most certainly not mean it literally.
I could say ``(a/an) stone is heavy"", but I would most certainly not mean it literally.
I could say ``(a/an) argument is liquid"", but I would most certainly not mean it literally.",3,1,https://app.prolific.co/submissions/complete?cc=1C969808,63610,27f9e1e8-3574-4cb4-914c-287dbe71f0e1,2020-04-06 17:50:03,418.472,2020-04-06 15:44:42.650000,2020-04-06 15:51:41.122000,4.0,false,creative,red,blackboard,../data/prolific_output/run3-group_experiment1/qu70-s_qu70-batch46.csv
qu70-s_qu70-batch46.csv,,NOT AVAILABLE,NOT AVAILABLE,410085b1-018a-439f-a7e3-0bc5ae4f6451,PROLIFIC,06-Apr-2020 17:52:00,217,9162,a4a6f47c-b7f3-4488-bda4-9703b82bd415,"I could say ``(a/an) blackboard is red"", but I would most certainly not mean it literally.","I could say ``(a/an) anger is hot"", but I would most certainly not mean it literally.
I could say ``(a/an) person is cold"", but I would most certainly not mean it literally.
I could say ``(a/an) story is dark"", but I would most certainly not mean it literally.","I could say ``(a/an) fire is hot"", but I would most certainly not mean it literally.
I could say ``(a/an) stone is heavy"", but I would most certainly not mean it literally.
I could say ``(a/an) argument is liquid"", but I would most certainly not mean it literally.",3,1,https://app.prolific.co/submissions/complete?cc=1C969808,63843,9ae23d7c-f5d3-482c-9c30-d19710f27251,2020-04-06 17:52:00,1054.76,2020-04-06 15:45:45.354000,2020-04-06 16:03:20.114000,43.0,true,creative,red,blackboard,../data/prolific_output/run3-group_experiment1/qu70-s_qu70-batch46.csv
qu70-s_qu70-batch46.csv,,NOT AVAILABLE,NOT AVAILABLE,ad3e5bec-9486-4707-b193-4ab747599819,PROLIFIC,06-Apr-2020 18:18:14,217,9162,a4a6f47c-b7f3-4488-bda4-9703b82bd415,"I could say ``(a/an) blackboard is red"", but I would most certainly not mean it literally.","I could say ``(a/an) anger is hot"", but I would most certainly not mean it literally.
I could say ``(a/an) person is cold"", but I would most certainly not mean it literally.
I could say ``(a/an) story is dark"", but I would most certainly not mean it literally.","I could say ``(a/an) fire is hot"", but I would most certainly not mean it literally.
I could say ``(a/an) stone is heavy"", but I would most certainly not mean it literally.
I could say ``(a/an) argument is liquid"", but I would most certainly not mean it literally.",3,1,https://app.prolific.co/submissions/complete?cc=1C969808,65190,2551752f-5ddd-4a24-bb02-9e9a0d4a288e,2020-04-06 18:18:14,2199.534,2020-04-06 15:45:36.925000,2020-04-06 16:22:16.459000,8.0,false,creative,red,blackboard,../data/prolific_output/run3-group_experiment1/qu70-s_qu70-batch46.csv
qu70-s_qu70-batch46.csv,,NOT AVAILABLE,NOT AVAILABLE,ad3e5bec-9486-4707-b193-4ab747599819,PROLIFIC,06-Apr-2020 18:03:41,217,9162,a4a6f47c-b7f3-4488-bda4-9703b82bd415,"I could say ``(a/an) blackboard is red"", but I would most certainly not mean it literally.","I could say ``(a/an) anger is hot"", but I would most certainly not mean it literally.
I could say ``(a/an) person is cold"", but I would most certainly not mean it literally.
I could say ``(a/an) story is dark"", but I would most certainly not mean it literally.","I could say ``(a/an) fire is hot"", but I would most certainly not mean it literally.
I could say ``(a/an) stone is heavy"", but I would most certainly not mean it literally.
I could say ``(a/an) argument is liquid"", but I would most certainly not mean it literally.",3,1,https://app.prolific.co/submissions/complete?cc=1C969808,64792,2e01f601-6a2d-4a85-831e-8bb214ab1572,2020-04-06 18:03:41,2199.534,2020-04-06 15:45:36.925000,2020-04-06 16:22:16.459000,46.0,false,creative,red,blackboard,../data/prolific_output/run3-group_experiment1/qu70-s_qu70-batch46.csv
qu70-s_qu70-batch46.csv,,NOT AVAILABLE,NOT AVAILABLE,8116ec6c-df4c-4563-bfeb-943aaba3b711,PROLIFIC,06-Apr-2020 18:04:33,217,9162,a4a6f47c-b7f3-4488-bda4-9703b82bd415,"I could say ``(a/an) blackboard is red"", but I would most certainly not mean it literally.","I could say ``(a/an) anger is hot"", but I would most certainly not mean it literally.
I could say ``(a/an) person is cold"", but I would most certainly not mean it literally.
I could say ``(a/an) story is dark"", but I would most certainly not mean it literally.","I could say ``(a/an) fire is hot"", but I would most certainly not mean it literally.
I could say ``(a/an) stone is heavy"", but I would most certainly not mean it literally.
I could say ``(a/an) argument is liquid"", but I would most certainly not mean it literally.",3,1,https://app.prolific.co/submissions/complete?cc=1C969808,64857,06f114d6-6b32-451f-ab38-007dc068ad63,2020-04-06 18:04:33,1289.294,2020-04-06 15:43:19.729000,2020-04-06 16:04:49.023000,10.0,true,creative,red,blackboard,../data/prolific_output/run3-group_experiment1/qu70-s_qu70-batch46.csv
qu70-s_qu70-batch46.csv,,NOT AVAILABLE,NOT AVAILABLE,1ebdafcc-fce7-41e2-9d93-aac9e254782e,PROLIFIC,06-Apr-2020 18:06:07,217,9162,a4a6f47c-b7f3-4488-bda4-9703b82bd415,"I could say ``(a/an) blackboard is red"", but I would most certainly not mean it literally.","I could say ``(a/an) anger is hot"", but I would most certainly not mean it literally.
I could say ``(a/an) person is cold"", but I would most certainly not mean it literally.
I could say ``(a/an) story is dark"", but I would most certainly not mean it literally.","I could say ``(a/an) fire is hot"", but I would most certainly not mean it literally.
I could say ``(a/an) stone is heavy"", but I would most certainly not mean it literally.
I could say ``(a/an) argument is liquid"", but I would most certainly not mean it literally.",3,1,https://app.prolific.co/submissions/complete?cc=1C969808,64961,7963a076-2c6d-4446-bf29-f0d8b063e396,2020-04-06 18:06:07,1424.083,2020-04-06 15:45:14.573000,2020-04-06 16:08:58.656000,15.0,true,creative,red,blackboard,../data/prolific_output/run3-group_experiment1/qu70-s_qu70-batch46.csv
qu70-s_qu70-batch46.csv,,NOT AVAILABLE,NOT AVAILABLE,995ae989-0025-45e0-aa77-56eb008cb1d6,PROLIFIC,06-Apr-2020 17:51:20,217,9162,a4a6f47c-b7f3-4488-bda4-9703b82bd415,"I could say ``(a/an) blackboard is red"", but I would most certainly not mean it literally.","I could say ``(a/an) anger is hot"", but I would most certainly not mean it literally.
I could say ``(a/an) person is cold"", but I would most certainly not mean it literally.
I could say ``(a/an) story is dark"", but I would most certainly not mean it literally.","I could say ``(a/an) fire is hot"", but I would most certainly not mean it literally.
I could say ``(a/an) stone is heavy"", but I would most certainly not mean it literally.
I could say ``(a/an) argument is liquid"", but I would most certainly not mean it literally.",3,1,https://app.prolific.co/submissions/complete?cc=1C969808,63777,5167bfdc-8e26-4aaa-8127-cb9933269d8b,2020-04-06 17:51:20,185.294,2020-04-06 15:48:33.722000,2020-04-06 15:51:39.016000,2.0,false,creative,red,blackboard,../data/prolific_output/run3-group_experiment1/qu70-s_qu70-batch46.csv
qu70-s_qu70-batch46.csv,,NOT AVAILABLE,NOT AVAILABLE,fa8d1f1f-9017-4726-9b37-34e97e3f4b5f,PROLIFIC,06-Apr-2020 17:54:21,217,9162,a4a6f47c-b7f3-4488-bda4-9703b82bd415,"I could say ``(a/an) blackboard is red"", but I would most certainly not mean it literally.","I could say ``(a/an) anger is hot"", but I would most certainly not mean it literally.
I could say ``(a/an) person is cold"", but I would most certainly not mean it literally.
I could say ``(a/an) story is dark"", but I would most certainly not mean it literally.","I could say ``(a/an) fire is hot"", but I would most certainly not mean it literally.
I could say ``(a/an) stone is heavy"", but I would most certainly not mean it literally.
I could say ``(a/an) argument is liquid"", but I would most certainly not mean it literally.",3,1,https://app.prolific.co/submissions/complete?cc=1C969808,63955,fbea994f-a1b6-49fe-8ca2-3c99c7e144b9,2020-04-06 17:54:21,417.94,2020-04-06 15:48:14.268000,2020-04-06 15:55:12.208000,2.0,true,creative,red,blackboard,../data/prolific_output/run3-group_experiment1/qu70-s_qu70-batch46.csv
qu70-s_qu70-batch46.csv,,NOT AVAILABLE,NOT AVAILABLE,ff5b40d9-36ab-4b0c-96cd-b8b200165b5f,PROLIFIC,06-Apr-2020 17:56:05,217,9162,a4a6f47c-b7f3-4488-bda4-9703b82bd415,"I could say ``(a/an) blackboard is red"", but I would most certainly not mean it literally.","I could say ``(a/an) anger is hot"", but I would most certainly not mean it literally.
I could say ``(a/an) person is cold"", but I would most certainly not mean it literally.
I could say ``(a/an) story is dark"", but I would most certainly not mean it literally.","I could say ``(a/an) fire is hot"", but I would most certainly not mean it literally.
I could say ``(a/an) stone is heavy"", but I would most certainly not mean it literally.
I could say ``(a/an) argument is liquid"", but I would most certainly not mean it literally.",3,1,https://app.prolific.co/submissions/complete?cc=1C969808,64079,482df64d-94ac-483b-8616-be0860ef36c6,2020-04-06 17:56:05,,,,1.0,true,creative,red,blackboard,../data/prolific_output/run3-group_experiment1/qu70-s_qu70-batch46.csv
qu70-s_qu70-batch46.csv,,NOT AVAILABLE,NOT AVAILABLE,def5c589-9118-419e-932b-0f312d0bec25,PROLIFIC,06-Apr-2020 17:57:22,217,9162,a4a6f47c-b7f3-4488-bda4-9703b82bd415,"I could say ``(a/an) blackboard is red"", but I would most certainly not mean it literally.","I could say ``(a/an) anger is hot"", but I would most certainly not mean it literally.
I could say ``(a/an) person is cold"", but I would most certainly not mean it literally.
I could say ``(a/an) story is dark"", but I would most certainly not mean it literally.","I could say ``(a/an) fire is hot"", but I would most certainly not mean it literally.
I could say ``(a/an) stone is heavy"", but I would most certainly not mean it literally.
I could say ``(a/an) argument is liquid"", but I would most certainly not mean it literally.",3,1,https://app.prolific.co/submissions/complete?cc=1C969808,64206,41b76f01-5e30-4e98-b1ed-0679c759123a,2020-04-06 17:57:22,,,,5.0,true,creative,red,blackboard,../data/prolific_output/run3-group_experiment1/qu70-s_qu70-batch46.csv
qu70-s_qu70-batch46.csv,,NOT AVAILABLE,NOT AVAILABLE,b759a9fb-a047-48ec-b0ee-199261b8060c,PROLIFIC,06-Apr-2020 17:59:00,217,9162,a4a6f47c-b7f3-4488-bda4-9703b82bd415,"I could say ``(a/an) blackboard is red"", but I would most certainly not mean it literally.","I could say ``(a/an) anger is hot"", but I would most certainly not mean it literally.
I could say ``(a/an) person is cold"", but I would most certainly not mean it literally.
I could say ``(a/an) story is dark"", but I would most certainly not mean it literally.","I could say ``(a/an) fire is hot"", but I would most certainly not mean it literally.
I could say ``(a/an) stone is heavy"", but I would most certainly not mean it literally.
I could say ``(a/an) argument is liquid"", but I would most certainly not mean it literally.",3,1,https://app.prolific.co/submissions/complete?cc=1C969808,64347,b3dcea3c-e454-4d64-8eab-e2dc3619d260,2020-04-06 17:59:00,,,,8.0,false,creative,red,blackboard,../data/prolific_output/run3-group_experiment1/qu70-s_qu70-batch46.csv
qu70-s_qu70-batch46.csv,,NOT AVAILABLE,NOT AVAILABLE,ffd3f20d-b154-4bb6-8fa1-7f4ba9967b71,PROLIFIC,06-Apr-2020 17:48:53,217,9163,62b573cb-d15d-48f7-be0f-149e61eb99c2,You can find (a/an) blackboard which is red. Red is one of a few possible colors (a/an) blackboard can have. There is only a limited range of possible colors.,You can find (a/an) rose which is white. White is one of a few possible colors (a/an) rose can have. There is only a limited range of possible colors.,You can find (a/an) flower which is white. White is one of a few possible colors (a/an) flower can have. There is only a limited range of possible colors.,3,1,https://app.prolific.co/submissions/complete?cc=1C969808,63519,f1e298fd-2c54-4642-8514-f43ec4a20f70,2020-04-06 17:48:53,418.472,2020-04-06 15:44:42.650000,2020-04-06 15:51:41.122000,3.0,true,variability_limited,red,blackboard,../data/prolific_output/run3-group_experiment1/qu70-s_qu70-batch46.csv
qu70-s_qu70-batch46.csv,,NOT AVAILABLE,NOT AVAILABLE,410085b1-018a-439f-a7e3-0bc5ae4f6451,PROLIFIC,06-Apr-2020 18:00:57,217,9163,62b573cb-d15d-48f7-be0f-149e61eb99c2,You can find (a/an) blackboard which is red. Red is one of a few possible colors (a/an) blackboard can have. There is only a limited range of possible colors.,You can find (a/an) rose which is white. White is one of a few possible colors (a/an) rose can have. There is only a limited range of possible colors.,You can find (a/an) flower which is white. White is one of a few possible colors (a/an) flower can have. There is only a limited range of possible colors.,3,1,https://app.prolific.co/submissions/complete?cc=1C969808,64530,b5fb43b4-630a-4cea-a34a-57d1999596b0,2020-04-06 18:00:57,1054.76,2020-04-06 15:45:45.354000,2020-04-06 16:03:20.114000,7.0,false,variability_limited,red,blackboard,../data/prolific_output/run3-group_experiment1/qu70-s_qu70-batch46.csv
qu70-s_qu70-batch46.csv,,NOT AVAILABLE,NOT AVAILABLE,ad3e5bec-9486-4707-b193-4ab747599819,PROLIFIC,06-Apr-2020 18:07:24,217,9163,62b573cb-d15d-48f7-be0f-149e61eb99c2,You can find (a/an) blackboard which is red. Red is one of a few possible colors (a/an) blackboard can have. There is only a limited range of possible colors.,You can find (a/an) rose which is white. White is one of a few possible colors (a/an) rose can have. There is only a limited range of possible colors.,You can find (a/an) flower which is white. White is one of a few possible colors (a/an) flower can have. There is only a limited range of possible colors.,3,1,https://app.prolific.co/submissions/complete?cc=1C969808,65029,92f7bef3-7f96-4ed5-8b87-5a25de3cc511,2020-04-06 18:07:24,2199.534,2020-04-06 15:45:36.925000,2020-04-06 16:22:16.459000,25.0,true,variability_limited,red,blackboard,../data/prolific_output/run3-group_experiment1/qu70-s_qu70-batch46.csv
qu70-s_qu70-batch46.csv,,NOT AVAILABLE,NOT AVAILABLE,ad3e5bec-9486-4707-b193-4ab747599819,PROLIFIC,06-Apr-2020 18:21:03,217,9163,62b573cb-d15d-48f7-be0f-149e61eb99c2,You can find (a/an) blackboard which is red. Red is one of a few possible colors (a/an) blackboard can have. There is only a limited range of possible colors.,You can find (a/an) rose which is white. White is one of a few possible colors (a/an) rose can have. There is only a limited range of possible colors.,You can find (a/an) flower which is white. White is one of a few possible colors (a/an) flower can have. There is only a limited range of possible colors.,3,1,https://app.prolific.co/submissions/complete?cc=1C969808,65232,b6a20fae-f83f-4d49-99de-cc3968750461,2020-04-06 18:21:03,2199.534,2020-04-06 15:45:36.925000,2020-04-06 16:22:16.459000,8.0,true,variability_limited,red,blackboard,../data/prolific_output/run3-group_experiment1/qu70-s_qu70-batch46.csv
qu70-s_qu70-batch46.csv,,NOT AVAILABLE,NOT AVAILABLE,8116ec6c-df4c-4563-bfeb-943aaba3b711,PROLIFIC,06-Apr-2020 17:57:12,217,9163,62b573cb-d15d-48f7-be0f-149e61eb99c2,You can find (a/an) blackboard which is red. Red is one of a few possible colors (a/an) blackboard can have. There is only a limited range of possible colors.,You can find (a/an) rose which is white. White is one of a few possible colors (a/an) rose can have. There is only a limited range of possible colors.,You can find (a/an) flower which is white. White is one of a few possible colors (a/an) flower can have. There is only a limited range of possible colors.,3,1,https://app.prolific.co/submissions/complete?cc=1C969808,64193,f78ddc8c-cfdc-48bf-a6c7-f57967338c73,2020-04-06 17:57:12,1289.294,2020-04-06 15:43:19.729000,2020-04-06 16:04:49.023000,8.0,false,variability_limited,red,blackboard,../data/prolific_output/run3-group_experiment1/qu70-s_qu70-batch46.csv
qu70-s_qu70-batch46.csv,,NOT AVAILABLE,NOT AVAILABLE,1ebdafcc-fce7-41e2-9d93-aac9e254782e,PROLIFIC,06-Apr-2020 17:59:07,217,9163,62b573cb-d15d-48f7-be0f-149e61eb99c2,You can find (a/an) blackboard which is red. Red is one of a few possible colors (a/an) blackboard can have. There is only a limited range of possible colors.,You can find (a/an) rose which is white. White is one of a few possible colors (a/an) rose can have. There is only a limited range of possible colors.,You can find (a/an) flower which is white. White is one of a few possible colors (a/an) flower can have. There is only a limited range of possible colors.,3,1,https://app.prolific.co/submissions/complete?cc=1C969808,64357,f0c678c0-370e-44a9-9e08-e3d53ff85449,2020-04-06 17:59:07,1424.083,2020-04-06 15:45:14.573000,2020-04-06 16:08:58.656000,9.0,true,variability_limited,red,blackboard,../data/prolific_output/run3-group_experiment1/qu70-s_qu70-batch46.csv
qu70-s_qu70-batch46.csv,,NOT AVAILABLE,NOT AVAILABLE,995ae989-0025-45e0-aa77-56eb008cb1d6,PROLIFIC,06-Apr-2020 17:49:42,217,9163,62b573cb-d15d-48f7-be0f-149e61eb99c2,You can find (a/an) blackboard which is red. Red is one of a few possible colors (a/an) blackboard can have. There is only a limited range of possible colors.,You can find (a/an) rose which is white. White is one of a few possible colors (a/an) rose can have. There is only a limited range of possible colors.,You can find (a/an) flower which is white. White is one of a few possible colors (a/an) flower can have. There is only a limited range of possible colors.,3,1,https://app.prolific.co/submissions/complete?cc=1C969808,63572,afa1bf6a-2023-44ad-894c-1b8c9d9d7d87,2020-04-06 17:49:42,185.294,2020-04-06 15:48:33.722000,2020-04-06 15:51:39.016000,2.0,false,variability_limited,red,blackboard,../data/prolific_output/run3-group_experiment1/qu70-s_qu70-batch46.csv
qu70-s_qu70-batch46.csv,,NOT AVAILABLE,NOT AVAILABLE,fa8d1f1f-9017-4726-9b37-34e97e3f4b5f,PROLIFIC,06-Apr-2020 17:54:24,217,9163,62b573cb-d15d-48f7-be0f-149e61eb99c2,You can find (a/an) blackboard which is red. Red is one of a few possible colors (a/an) blackboard can have. There is only a limited range of possible colors.,You can find (a/an) rose which is white. White is one of a few possible colors (a/an) rose can have. There is only a limited range of possible colors.,You can find (a/an) flower which is white. White is one of a few possible colors (a/an) flower can have. There is only a limited range of possible colors.,3,1,https://app.prolific.co/submissions/complete?cc=1C969808,63961,6131d913-e55a-4d67-be4b-053b334f3927,2020-04-06 17:54:24,417.94,2020-04-06 15:48:14.268000,2020-04-06 15:55:12.208000,2.0,true,variability_limited,red,blackboard,../data/prolific_output/run3-group_experiment1/qu70-s_qu70-batch46.csv
qu70-s_qu70-batch46.csv,,NOT AVAILABLE,NOT AVAILABLE,ff5b40d9-36ab-4b0c-96cd-b8b200165b5f,PROLIFIC,06-Apr-2020 17:56:31,217,9163,62b573cb-d15d-48f7-be0f-149e61eb99c2,You can find (a/an) blackboard which is red. Red is one of a few possible colors (a/an) blackboard can have. There is only a limited range of possible colors.,You can find (a/an) rose which is white. White is one of a few possible colors (a/an) rose can have. There is only a limited range of possible colors.,You can find (a/an) flower which is white. White is one of a few possible colors (a/an) flower can have. There is only a limited range of possible colors.,3,1,https://app.prolific.co/submissions/complete?cc=1C969808,64131,5bb5eafd-df58-4da1-85cf-41972c0ca7e1,2020-04-06 17:56:31,,,,1.0,false,variability_limited,red,blackboard,../data/prolific_output/run3-group_experiment1/qu70-s_qu70-batch46.csv
qu70-s_qu70-batch46.csv,,NOT AVAILABLE,NOT AVAILABLE,def5c589-9118-419e-932b-0f312d0bec25,PROLIFIC,06-Apr-2020 17:48:13,217,9163,62b573cb-d15d-48f7-be0f-149e61eb99c2,You can find (a/an) blackboard which is red. Red is one of a few possible colors (a/an) blackboard can have. There is only a limited range of possible colors.,You can find (a/an) rose which is white. White is one of a few possible colors (a/an) rose can have. There is only a limited range of possible colors.,You can find (a/an) flower which is white. White is one of a few possible colors (a/an) flower can have. There is only a limited range of possible colors.,3,1,https://app.prolific.co/submissions/complete?cc=1C969808,63459,401da504-674d-4be6-b651-9c99e03a54a7,2020-04-06 17:48:13,,,,6.0,false,variability_limited,red,blackboard,../data/prolific_output/run3-group_experiment1/qu70-s_qu70-batch46.csv
qu70-s_qu70-batch46.csv,,NOT AVAILABLE,NOT AVAILABLE,b759a9fb-a047-48ec-b0ee-199261b8060c,PROLIFIC,06-Apr-2020 17:55:23,217,9163,62b573cb-d15d-48f7-be0f-149e61eb99c2,You can find (a/an) blackboard which is red. Red is one of a few possible colors (a/an) blackboard can have. There is only a limited range of possible colors.,You can find (a/an) rose which is white. White is one of a few possible colors (a/an) rose can have. There is only a limited range of possible colors.,You can find (a/an) flower which is white. White is one of a few possible colors (a/an) flower can have. There is only a limited range of possible colors.,3,1,https://app.prolific.co/submissions/complete?cc=1C969808,64031,8be0521a-8802-4431-a491-640072adfc3b,2020-04-06 17:55:23,,,,69.0,false,variability_limited,red,blackboard,../data/prolific_output/run3-group_experiment1/qu70-s_qu70-batch46.csv
qu70-s_qu70-batch46.csv,,NOT AVAILABLE,NOT AVAILABLE,ffd3f20d-b154-4bb6-8fa1-7f4ba9967b71,PROLIFIC,06-Apr-2020 17:46:49,217,9164,3787b8e2-5641-49b2-8ef6-a7647a232f5e,"I could say ``(a/an) rail rolls/is used for rolling"", but I would most certainly not mean it literally.","I could say ``(a/an) idea grows/is used for growing"", but I would most certainly not mean it literally.
I could say ``(a/an) person glows/is used for glowing"", but I would most certainly not mean it literally.
I could say ``(a/an) thought burns/is used for burning"", but I would most certainly not mean it literally.","I could say ``(a/an) plant grows/is used for growing"", but I would most certainly not mean it literally.
I could say ``(a/an) situation smiles/is used for smileing"", but I would most certainly not mean it literally.
I could say ``(a/an) candle burns/is used for burning"", but I would most certainly not mean it literally.",3,1,https://app.prolific.co/submissions/complete?cc=1C969808,63366,8364b39c-9af6-46ef-b569-02137f862024,2020-04-06 17:46:49,418.472,2020-04-06 15:44:42.650000,2020-04-06 15:51:41.122000,12.0,false,creative,roll,rail,../data/prolific_output/run3-group_experiment1/qu70-s_qu70-batch46.csv
qu70-s_qu70-batch46.csv,,NOT AVAILABLE,NOT AVAILABLE,410085b1-018a-439f-a7e3-0bc5ae4f6451,PROLIFIC,06-Apr-2020 18:02:18,217,9164,3787b8e2-5641-49b2-8ef6-a7647a232f5e,"I could say ``(a/an) rail rolls/is used for rolling"", but I would most certainly not mean it literally.","I could say ``(a/an) idea grows/is used for growing"", but I would most certainly not mean it literally.
I could say ``(a/an) person glows/is used for glowing"", but I would most certainly not mean it literally.
I could say ``(a/an) thought burns/is used for burning"", but I would most certainly not mean it literally.","I could say ``(a/an) plant grows/is used for growing"", but I would most certainly not mean it literally.
I could say ``(a/an) situation smiles/is used for smileing"", but I would most certainly not mean it literally.
I could say ``(a/an) candle burns/is used for burning"", but I would most certainly not mean it literally.",3,1,https://app.prolific.co/submissions/complete?cc=1C969808,64658,4722c591-84c1-40dd-8668-9a7b88ec2a56,2020-04-06 18:02:18,1054.76,2020-04-06 15:45:45.354000,2020-04-06 16:03:20.114000,3.0,true,creative,roll,rail,../data/prolific_output/run3-group_experiment1/qu70-s_qu70-batch46.csv
qu70-s_qu70-batch46.csv,,NOT AVAILABLE,NOT AVAILABLE,ad3e5bec-9486-4707-b193-4ab747599819,PROLIFIC,06-Apr-2020 18:05:24,217,9164,3787b8e2-5641-49b2-8ef6-a7647a232f5e,"I could say ``(a/an) rail rolls/is used for rolling"", but I would most certainly not mean it literally.","I could say ``(a/an) idea grows/is used for growing"", but I would most certainly not mean it literally.
I could say ``(a/an) person glows/is used for glowing"", but I would most certainly not mean it literally.
I could say ``(a/an) thought burns/is used for burning"", but I would most certainly not mean it literally.","I could say ``(a/an) plant grows/is used for growing"", but I would most certainly not mean it literally.
I could say ``(a/an) situation smiles/is used for smileing"", but I would most certainly not mean it literally.
I could say ``(a/an) candle burns/is used for burning"", but I would most certainly not mean it literally.",3,1,https://app.prolific.co/submissions/complete?cc=1C969808,64918,e5446199-905f-4c18-a882-deb9b79aee50,2020-04-06 18:05:24,2199.534,2020-04-06 15:45:36.925000,2020-04-06 16:22:16.459000,29.0,true,creative,roll,rail,../data/prolific_output/run3-group_experiment1/qu70-s_qu70-batch46.csv
qu70-s_qu70-batch46.csv,,NOT AVAILABLE,NOT AVAILABLE,ad3e5bec-9486-4707-b193-4ab747599819,PROLIFIC,06-Apr-2020 18:18:06,217,9164,3787b8e2-5641-49b2-8ef6-a7647a232f5e,"I could say ``(a/an) rail rolls/is used for rolling"", but I would most certainly not mean it literally.","I could say ``(a/an) idea grows/is used for growing"", but I would most certainly not mean it literally.
I could say ``(a/an) person glows/is used for glowing"", but I would most certainly not mean it literally.
I could say ``(a/an) thought burns/is used for burning"", but I would most certainly not mean it literally.","I could say ``(a/an) plant grows/is used for growing"", but I would most certainly not mean it literally.
I could say ``(a/an) situation smiles/is used for smileing"", but I would most certainly not mean it literally.
I could say ``(a/an) candle burns/is used for burning"", but I would most certainly not mean it literally.",3,1,https://app.prolific.co/submissions/complete?cc=1C969808,65189,719f1c79-98da-4584-9877-fdaf9749a01d,2020-04-06 18:18:06,2199.534,2020-04-06 15:45:36.925000,2020-04-06 16:22:16.459000,8.0,false,creative,roll,rail,../data/prolific_output/run3-group_experiment1/qu70-s_qu70-batch46.csv
qu70-s_qu70-batch46.csv,,NOT AVAILABLE,NOT AVAILABLE,8116ec6c-df4c-4563-bfeb-943aaba3b711,PROLIFIC,06-Apr-2020 17:57:42,217,9164,3787b8e2-5641-49b2-8ef6-a7647a232f5e,"I could say ``(a/an) rail rolls/is used for rolling"", but I would most certainly not mean it literally.","I could say ``(a/an) idea grows/is used for growing"", but I would most certainly not mean it literally.
I could say ``(a/an) person glows/is used for glowing"", but I would most certainly not mean it literally.
I could say ``(a/an) thought burns/is used for burning"", but I would most certainly not mean it literally.","I could say ``(a/an) plant grows/is used for growing"", but I would most certainly not mean it literally.
I could say ``(a/an) situation smiles/is used for smileing"", but I would most certainly not mean it literally.
I could say ``(a/an) candle burns/is used for burning"", but I would most certainly not mean it literally.",3,1,https://app.prolific.co/submissions/complete?cc=1C969808,64229,6949c267-398f-41e2-b092-a00881ebc8b5,2020-04-06 17:57:42,1289.294,2020-04-06 15:43:19.729000,2020-04-06 16:04:49.023000,11.0,false,creative,roll,rail,../data/prolific_output/run3-group_experiment1/qu70-s_qu70-batch46.csv
qu70-s_qu70-batch46.csv,,NOT AVAILABLE,NOT AVAILABLE,1ebdafcc-fce7-41e2-9d93-aac9e254782e,PROLIFIC,06-Apr-2020 17:50:07,217,9164,3787b8e2-5641-49b2-8ef6-a7647a232f5e,"I could say ``(a/an) rail rolls/is used for rolling"", but I would most certainly not mean it literally.","I could say ``(a/an) idea grows/is used for growing"", but I would most certainly not mean it literally.
I could say ``(a/an) person glows/is used for glowing"", but I would most certainly not mean it literally.
I could say ``(a/an) thought burns/is used for burning"", but I would most certainly not mean it literally.","I could say ``(a/an) plant grows/is used for growing"", but I would most certainly not mean it literally.
I could say ``(a/an) situation smiles/is used for smileing"", but I would most certainly not mean it literally.
I could say ``(a/an) candle burns/is used for burning"", but I would most certainly not mean it literally.",3,1,https://app.prolific.co/submissions/complete?cc=1C969808,63618,932560ac-3509-4ca3-887a-6a3172e43197,2020-04-06 17:50:07,1424.083,2020-04-06 15:45:14.573000,2020-04-06 16:08:58.656000,292.427,true,creative,roll,rail,../data/prolific_output/run3-group_experiment1/qu70-s_qu70-batch46.csv
qu70-s_qu70-batch46.csv,,NOT AVAILABLE,NOT AVAILABLE,995ae989-0025-45e0-aa77-56eb008cb1d6,PROLIFIC,06-Apr-2020 17:50:48,217,9164,3787b8e2-5641-49b2-8ef6-a7647a232f5e,"I could say ``(a/an) rail rolls/is used for rolling"", but I would most certainly not mean it literally.","I could say ``(a/an) idea grows/is used for growing"", but I would most certainly not mean it literally.
I could say ``(a/an) person glows/is used for glowing"", but I would most certainly not mean it literally.
I could say ``(a/an) thought burns/is used for burning"", but I would most certainly not mean it literally.","I could say ``(a/an) plant grows/is used for growing"", but I would most certainly not mean it literally.
I could say ``(a/an) situation smiles/is used for smileing"", but I would most certainly not mean it literally.
I could say ``(a/an) candle burns/is used for burning"", but I would most certainly not mean it literally.",3,1,https://app.prolific.co/submissions/complete?cc=1C969808,63705,e43a7e77-3a7d-4871-a977-f02cd8ddc29b,2020-04-06 17:50:48,185.294,2020-04-06 15:48:33.722000,2020-04-06 15:51:39.016000,3.0,false,creative,roll,rail,../data/prolific_output/run3-group_experiment1/qu70-s_qu70-batch46.csv
qu70-s_qu70-batch46.csv,,NOT AVAILABLE,NOT AVAILABLE,ff5b40d9-36ab-4b0c-96cd-b8b200165b5f,PROLIFIC,06-Apr-2020 17:55:23,217,9164,3787b8e2-5641-49b2-8ef6-a7647a232f5e,"I could say ``(a/an) rail rolls/is used for rolling"", but I would most certainly not mean it literally.","I could say ``(a/an) idea grows/is used for growing"", but I would most certainly not mean it literally.
I could say ``(a/an) person glows/is used for glowing"", but I would most certainly not mean it literally.
I could say ``(a/an) thought burns/is used for burning"", but I would most certainly not mean it literally.","I could say ``(a/an) plant grows/is used for growing"", but I would most certainly not mean it literally.
I could say ``(a/an) situation smiles/is used for smileing"", but I would most certainly not mean it literally.
I could say ``(a/an) candle burns/is used for burning"", but I would most certainly not mean it literally.",3,1,https://app.prolific.co/submissions/complete?cc=1C969808,64030,d841c765-cadb-4c96-9762-79cc391440d3,2020-04-06 17:55:23,,,,4.0,true,creative,roll,rail,../data/prolific_output/run3-group_experiment1/qu70-s_qu70-batch46.csv
qu70-s_qu70-batch46.csv,,NOT AVAILABLE,NOT AVAILABLE,def5c589-9118-419e-932b-0f312d0bec25,PROLIFIC,06-Apr-2020 17:50:10,217,9164,3787b8e2-5641-49b2-8ef6-a7647a232f5e,"I could say ``(a/an) rail rolls/is used for rolling"", but I would most certainly not mean it literally.","I could say ``(a/an) idea grows/is used for growing"", but I would most certainly not mean it literally.
I could say ``(a/an) person glows/is used for glowing"", but I would most certainly not mean it literally.
I could say ``(a/an) thought burns/is used for burning"", but I would most certainly not mean it literally.","I could say ``(a/an) plant grows/is used for growing"", but I would most certainly not mean it literally.
I could say ``(a/an) situation smiles/is used for smileing"", but I would most certainly not mean it literally.
I could say ``(a/an) candle burns/is used for burning"", but I would most certainly not mean it literally.",3,1,https://app.prolific.co/submissions/complete?cc=1C969808,63625,49f2060a-e869-43ec-af0a-1852d9312032,2020-04-06 17:50:10,,,,19.0,false,creative,roll,rail,../data/prolific_output/run3-group_experiment1/qu70-s_qu70-batch46.csv
qu70-s_qu70-batch46.csv,,NOT AVAILABLE,NOT AVAILABLE,b759a9fb-a047-48ec-b0ee-199261b8060c,PROLIFIC,06-Apr-2020 17:53:57,217,9164,3787b8e2-5641-49b2-8ef6-a7647a232f5e,"I could say ``(a/an) rail rolls/is used for rolling"", but I would most certainly not mean it literally.","I could say ``(a/an) idea grows/is used for growing"", but I would most certainly not mean it literally.
I could say ``(a/an) person glows/is used for glowing"", but I would most certainly not mean it literally.
I could say ``(a/an) thought burns/is used for burning"", but I would most certainly not mean it literally.","I could say ``(a/an) plant grows/is used for growing"", but I would most certainly not mean it literally.
I could say ``(a/an) situation smiles/is used for smileing"", but I would most certainly not mean it literally.
I could say ``(a/an) candle burns/is used for burning"", but I would most certainly not mean it literally.",3,1,https://app.prolific.co/submissions/complete?cc=1C969808,63941,e77105d5-24ae-42a4-92a1-602aeca0f6c1,2020-04-06 17:53:57,,,,14.0,true,creative,roll,rail,../data/prolific_output/run3-group_experiment1/qu70-s_qu70-batch46.csv
qu70-s_qu70-batch46.csv,,NOT AVAILABLE,NOT AVAILABLE,ffd3f20d-b154-4bb6-8fa1-7f4ba9967b71,PROLIFIC,06-Apr-2020 17:49:59,217,9165,89fb8df0-cbd6-421f-9dad-37255ca93d24,I know that all or most rail(s) roll regularly or are used for rolling regularly. ,I know that all or most student(s) study regularly or are used for studying regularly. ,I know that all or most writer(s) act regularly or are used for acting regularly. ,3,1,https://app.prolific.co/submissions/complete?cc=1C969808,63601,57509fa5-e4e7-4b04-b8b0-6b9e7a83e112,2020-04-06 17:49:59,418.472,2020-04-06 15:44:42.650000,2020-04-06 15:51:41.122000,3.0,false,afforded_usual,roll,rail,../data/prolific_output/run3-group_experiment1/qu70-s_qu70-batch46.csv
qu70-s_qu70-batch46.csv,,NOT AVAILABLE,NOT AVAILABLE,410085b1-018a-439f-a7e3-0bc5ae4f6451,PROLIFIC,06-Apr-2020 17:50:39,217,9165,89fb8df0-cbd6-421f-9dad-37255ca93d24,I know that all or most rail(s) roll regularly or are used for rolling regularly. ,I know that all or most student(s) study regularly or are used for studying regularly. ,I know that all or most writer(s) act regularly or are used for acting regularly. ,3,1,https://app.prolific.co/submissions/complete?cc=1C969808,63685,6f10d9dc-7fd0-43bf-9d9a-9e8735ed5b71,2020-04-06 17:50:39,1054.76,2020-04-06 15:45:45.354000,2020-04-06 16:03:20.114000,11.0,true,afforded_usual,roll,rail,../data/prolific_output/run3-group_experiment1/qu70-s_qu70-batch46.csv
qu70-s_qu70-batch46.csv,,NOT AVAILABLE,NOT AVAILABLE,ad3e5bec-9486-4707-b193-4ab747599819,PROLIFIC,06-Apr-2020 18:06:06,217,9165,89fb8df0-cbd6-421f-9dad-37255ca93d24,I know that all or most rail(s) roll regularly or are used for rolling regularly. ,I know that all or most student(s) study regularly or are used for studying regularly. ,I know that all or most writer(s) act regularly or are used for acting regularly. ,3,1,https://app.prolific.co/submissions/complete?cc=1C969808,64960,1beabb0f-81be-4c7b-acf5-51a5c0c8a9ae,2020-04-06 18:06:06,2199.534,2020-04-06 15:45:36.925000,2020-04-06 16:22:16.459000,33.0,true,afforded_usual,roll,rail,../data/prolific_output/run3-group_experiment1/qu70-s_qu70-batch46.csv
qu70-s_qu70-batch46.csv,,NOT AVAILABLE,NOT AVAILABLE,ad3e5bec-9486-4707-b193-4ab747599819,PROLIFIC,06-Apr-2020 18:17:21,217,9165,89fb8df0-cbd6-421f-9dad-37255ca93d24,I know that all or most rail(s) roll regularly or are used for rolling regularly. ,I know that all or most student(s) study regularly or are used for studying regularly. ,I know that all or most writer(s) act regularly or are used for acting regularly. ,3,1,https://app.prolific.co/submissions/complete?cc=1C969808,65180,6c0cdfa7-b678-4896-b639-92e63f33a62c,2020-04-06 18:17:21,2199.534,2020-04-06 15:45:36.925000,2020-04-06 16:22:16.459000,11.0,true,afforded_usual,roll,rail,../data/prolific_output/run3-group_experiment1/qu70-s_qu70-batch46.csv
qu70-s_qu70-batch46.csv,,NOT AVAILABLE,NOT AVAILABLE,8116ec6c-df4c-4563-bfeb-943aaba3b711,PROLIFIC,06-Apr-2020 17:57:57,217,9165,89fb8df0-cbd6-421f-9dad-37255ca93d24,I know that all or most rail(s) roll regularly or are used for rolling regularly. ,I know that all or most student(s) study regularly or are used for studying regularly. ,I know that all or most writer(s) act regularly or are used for acting regularly. ,3,1,https://app.prolific.co/submissions/complete?cc=1C969808,64254,46b695ec-600e-4446-8017-3c85f68f2d10,2020-04-06 17:57:57,1289.294,2020-04-06 15:43:19.729000,2020-04-06 16:04:49.023000,15.0,true,afforded_usual,roll,rail,../data/prolific_output/run3-group_experiment1/qu70-s_qu70-batch46.csv
qu70-s_qu70-batch46.csv,,NOT AVAILABLE,NOT AVAILABLE,1ebdafcc-fce7-41e2-9d93-aac9e254782e,PROLIFIC,06-Apr-2020 18:02:45,217,9165,89fb8df0-cbd6-421f-9dad-37255ca93d24,I know that all or most rail(s) roll regularly or are used for rolling regularly. ,I know that all or most student(s) study regularly or are used for studying regularly. ,I know that all or most writer(s) act regularly or are used for acting regularly. ,3,1,https://app.prolific.co/submissions/complete?cc=1C969808,64704,293341e9-d1a9-45dc-971f-3dc5894720f5,2020-04-06 18:02:45,1424.083,2020-04-06 15:45:14.573000,2020-04-06 16:08:58.656000,9.0,true,afforded_usual,roll,rail,../data/prolific_output/run3-group_experiment1/qu70-s_qu70-batch46.csv
qu70-s_qu70-batch46.csv,,NOT AVAILABLE,NOT AVAILABLE,995ae989-0025-45e0-aa77-56eb008cb1d6,PROLIFIC,06-Apr-2020 17:50:02,217,9165,89fb8df0-cbd6-421f-9dad-37255ca93d24,I know that all or most rail(s) roll regularly or are used for rolling regularly. ,I know that all or most student(s) study regularly or are used for studying regularly. ,I know that all or most writer(s) act regularly or are used for acting regularly. ,3,1,https://app.prolific.co/submissions/complete?cc=1C969808,63608,53141aca-f48c-462e-a750-62b15e5c85fd,2020-04-06 17:50:02,185.294,2020-04-06 15:48:33.722000,2020-04-06 15:51:39.016000,2.0,true,afforded_usual,roll,rail,../data/prolific_output/run3-group_experiment1/qu70-s_qu70-batch46.csv
qu70-s_qu70-batch46.csv,,NOT AVAILABLE,NOT AVAILABLE,fa8d1f1f-9017-4726-9b37-34e97e3f4b5f,PROLIFIC,06-Apr-2020 17:49:55,217,9165,89fb8df0-cbd6-421f-9dad-37255ca93d24,I know that all or most rail(s) roll regularly or are used for rolling regularly. ,I know that all or most student(s) study regularly or are used for studying regularly. ,I know that all or most writer(s) act regularly or are used for acting regularly. ,3,1,https://app.prolific.co/submissions/complete?cc=1C969808,63593,f7b28d4a-3e8d-4a73-a6b9-7277f595f0e6,2020-04-06 17:49:55,417.94,2020-04-06 15:48:14.268000,2020-04-06 15:55:12.208000,100.732,true,afforded_usual,roll,rail,../data/prolific_output/run3-group_experiment1/qu70-s_qu70-batch46.csv
qu70-s_qu70-batch46.csv,,NOT AVAILABLE,NOT AVAILABLE,ff5b40d9-36ab-4b0c-96cd-b8b200165b5f,PROLIFIC,06-Apr-2020 17:55:13,217,9165,89fb8df0-cbd6-421f-9dad-37255ca93d24,I know that all or most rail(s) roll regularly or are used for rolling regularly. ,I know that all or most student(s) study regularly or are used for studying regularly. ,I know that all or most writer(s) act regularly or are used for acting regularly. ,3,1,https://app.prolific.co/submissions/complete?cc=1C969808,64015,e20ebc08-a0bb-4a88-be83-0948d3d4cac3,2020-04-06 17:55:13,,,,1.0,true,afforded_usual,roll,rail,../data/prolific_output/run3-group_experiment1/qu70-s_qu70-batch46.csv
qu70-s_qu70-batch46.csv,,NOT AVAILABLE,NOT AVAILABLE,def5c589-9118-419e-932b-0f312d0bec25,PROLIFIC,06-Apr-2020 17:47:52,217,9165,89fb8df0-cbd6-421f-9dad-37255ca93d24,I know that all or most rail(s) roll regularly or are used for rolling regularly. ,I know that all or most student(s) study regularly or are used for studying regularly. ,I know that all or most writer(s) act regularly or are used for acting regularly. ,3,1,https://app.prolific.co/submissions/complete?cc=1C969808,63442,ededc0a9-2d51-4848-a4dc-b563a226c576,2020-04-06 17:47:52,,,,11.0,true,afforded_usual,roll,rail,../data/prolific_output/run3-group_experiment1/qu70-s_qu70-batch46.csv
qu70-s_qu70-batch46.csv,,NOT AVAILABLE,NOT AVAILABLE,b759a9fb-a047-48ec-b0ee-199261b8060c,PROLIFIC,06-Apr-2020 18:02:51,217,9165,89fb8df0-cbd6-421f-9dad-37255ca93d24,I know that all or most rail(s) roll regularly or are used for rolling regularly. ,I know that all or most student(s) study regularly or are used for studying regularly. ,I know that all or most writer(s) act regularly or are used for acting regularly. ,3,1,https://app.prolific.co/submissions/complete?cc=1C969808,64717,97142315-ea3c-4c60-9323-f83e2a043604,2020-04-06 18:02:51,,,,6.0,true,afforded_usual,roll,rail,../data/prolific_output/run3-group_experiment1/qu70-s_qu70-batch46.csv
qu70-s_qu70-batch46.csv,,NOT AVAILABLE,NOT AVAILABLE,ffd3f20d-b154-4bb6-8fa1-7f4ba9967b71,PROLIFIC,06-Apr-2020 17:47:52,217,9166,39af7236-c991-463e-8043-a688307da2b0,I think it is impossible for (a/an) rail to roll/be used for rolling.,I think it is impossible for (a/an) hammer to float/be used for floating.,I think it is impossible for (a/an) apple to rot/be used for roting.,3,1,https://app.prolific.co/submissions/complete?cc=1C969808,63441,992d849a-e7b5-4e88-bb9f-f360c3a10864,2020-04-06 17:47:52,418.472,2020-04-06 15:44:42.650000,2020-04-06 15:51:41.122000,5.0,false,impossible,roll,rail,../data/prolific_output/run3-group_experiment1/qu70-s_qu70-batch46.csv
qu70-s_qu70-batch46.csv,,NOT AVAILABLE,NOT AVAILABLE,410085b1-018a-439f-a7e3-0bc5ae4f6451,PROLIFIC,06-Apr-2020 17:56:29,217,9166,39af7236-c991-463e-8043-a688307da2b0,I think it is impossible for (a/an) rail to roll/be used for rolling.,I think it is impossible for (a/an) hammer to float/be used for floating.,I think it is impossible for (a/an) apple to rot/be used for roting.,3,1,https://app.prolific.co/submissions/complete?cc=1C969808,64124,072d4ac8-7559-419d-ac97-34424a1b0745,2020-04-06 17:56:29,1054.76,2020-04-06 15:45:45.354000,2020-04-06 16:03:20.114000,16.0,false,impossible,roll,rail,../data/prolific_output/run3-group_experiment1/qu70-s_qu70-batch46.csv
qu70-s_qu70-batch46.csv,,NOT AVAILABLE,NOT AVAILABLE,ad3e5bec-9486-4707-b193-4ab747599819,PROLIFIC,06-Apr-2020 18:17:36,217,9166,39af7236-c991-463e-8043-a688307da2b0,I think it is impossible for (a/an) rail to roll/be used for rolling.,I think it is impossible for (a/an) hammer to float/be used for floating.,I think it is impossible for (a/an) apple to rot/be used for roting.,3,1,https://app.prolific.co/submissions/complete?cc=1C969808,65183,025cda75-a7a6-419a-8455-9e78b78f3ef2,2020-04-06 18:17:36,2199.534,2020-04-06 15:45:36.925000,2020-04-06 16:22:16.459000,7.0,true,impossible,roll,rail,../data/prolific_output/run3-group_experiment1/qu70-s_qu70-batch46.csv
qu70-s_qu70-batch46.csv,,NOT AVAILABLE,NOT AVAILABLE,8116ec6c-df4c-4563-bfeb-943aaba3b711,PROLIFIC,06-Apr-2020 17:54:25,217,9166,39af7236-c991-463e-8043-a688307da2b0,I think it is impossible for (a/an) rail to roll/be used for rolling.,I think it is impossible for (a/an) hammer to float/be used for floating.,I think it is impossible for (a/an) apple to rot/be used for roting.,3,1,https://app.prolific.co/submissions/complete?cc=1C969808,63964,b2b68744-92dd-4fc7-ad90-2e9090248e50,2020-04-06 17:54:25,1289.294,2020-04-06 15:43:19.729000,2020-04-06 16:04:49.023000,52.0,true,impossible,roll,rail,../data/prolific_output/run3-group_experiment1/qu70-s_qu70-batch46.csv
qu70-s_qu70-batch46.csv,,NOT AVAILABLE,NOT AVAILABLE,1ebdafcc-fce7-41e2-9d93-aac9e254782e,PROLIFIC,06-Apr-2020 18:06:29,217,9166,39af7236-c991-463e-8043-a688307da2b0,I think it is impossible for (a/an) rail to roll/be used for rolling.,I think it is impossible for (a/an) hammer to float/be used for floating.,I think it is impossible for (a/an) apple to rot/be used for roting.,3,1,https://app.prolific.co/submissions/complete?cc=1C969808,64980,5085e99d-15e7-4fa0-9357-6034cecc33af,2020-04-06 18:06:29,1424.083,2020-04-06 15:45:14.573000,2020-04-06 16:08:58.656000,13.0,false,impossible,roll,rail,../data/prolific_output/run3-group_experiment1/qu70-s_qu70-batch46.csv
qu70-s_qu70-batch46.csv,,NOT AVAILABLE,NOT AVAILABLE,995ae989-0025-45e0-aa77-56eb008cb1d6,PROLIFIC,06-Apr-2020 17:50:13,217,9166,39af7236-c991-463e-8043-a688307da2b0,I think it is impossible for (a/an) rail to roll/be used for rolling.,I think it is impossible for (a/an) hammer to float/be used for floating.,I think it is impossible for (a/an) apple to rot/be used for roting.,3,1,https://app.prolific.co/submissions/complete?cc=1C969808,63632,89e54c00-f54a-456e-8b8d-273b82f8782b,2020-04-06 17:50:13,185.294,2020-04-06 15:48:33.722000,2020-04-06 15:51:39.016000,1.0,false,impossible,roll,rail,../data/prolific_output/run3-group_experiment1/qu70-s_qu70-batch46.csv
qu70-s_qu70-batch46.csv,,NOT AVAILABLE,NOT AVAILABLE,fa8d1f1f-9017-4726-9b37-34e97e3f4b5f,PROLIFIC,06-Apr-2020 17:50:37,217,9166,39af7236-c991-463e-8043-a688307da2b0,I think it is impossible for (a/an) rail to roll/be used for rolling.,I think it is impossible for (a/an) hammer to float/be used for floating.,I think it is impossible for (a/an) apple to rot/be used for roting.,3,1,https://app.prolific.co/submissions/complete?cc=1C969808,63678,089d7412-6007-4ec4-a29f-4f7e5735257e,2020-04-06 17:50:37,417.94,2020-04-06 15:48:14.268000,2020-04-06 15:55:12.208000,2.0,true,impossible,roll,rail,../data/prolific_output/run3-group_experiment1/qu70-s_qu70-batch46.csv
qu70-s_qu70-batch46.csv,,NOT AVAILABLE,NOT AVAILABLE,ff5b40d9-36ab-4b0c-96cd-b8b200165b5f,PROLIFIC,06-Apr-2020 17:56:36,217,9166,39af7236-c991-463e-8043-a688307da2b0,I think it is impossible for (a/an) rail to roll/be used for rolling.,I think it is impossible for (a/an) hammer to float/be used for floating.,I think it is impossible for (a/an) apple to rot/be used for roting.,3,1,https://app.prolific.co/submissions/complete?cc=1C969808,64141,c4163768-06cd-4998-9471-d036e029cb37,2020-04-06 17:56:36,,,,2.0,false,impossible,roll,rail,../data/prolific_output/run3-group_experiment1/qu70-s_qu70-batch46.csv
qu70-s_qu70-batch46.csv,,NOT AVAILABLE,NOT AVAILABLE,def5c589-9118-419e-932b-0f312d0bec25,PROLIFIC,06-Apr-2020 17:56:36,217,9166,39af7236-c991-463e-8043-a688307da2b0,I think it is impossible for (a/an) rail to roll/be used for rolling.,I think it is impossible for (a/an) hammer to float/be used for floating.,I think it is impossible for (a/an) apple to rot/be used for roting.,3,1,https://app.prolific.co/submissions/complete?cc=1C969808,64140,977e4d68-2942-4590-99ea-91eb9f5d72dd,2020-04-06 17:56:36,,,,5.0,false,impossible,roll,rail,../data/prolific_output/run3-group_experiment1/qu70-s_qu70-batch46.csv
qu70-s_qu70-batch46.csv,,NOT AVAILABLE,NOT AVAILABLE,b759a9fb-a047-48ec-b0ee-199261b8060c,PROLIFIC,06-Apr-2020 17:56:40,217,9166,39af7236-c991-463e-8043-a688307da2b0,I think it is impossible for (a/an) rail to roll/be used for rolling.,I think it is impossible for (a/an) hammer to float/be used for floating.,I think it is impossible for (a/an) apple to rot/be used for roting.,3,1,https://app.prolific.co/submissions/complete?cc=1C969808,64146,fd1b8203-519f-4084-ab57-de262787dcba,2020-04-06 17:56:40,,,,11.0,true,impossible,roll,rail,../data/prolific_output/run3-group_experiment1/qu70-s_qu70-batch46.csv
qu70-s_qu70-batch46.csv,,NOT AVAILABLE,NOT AVAILABLE,ffd3f20d-b154-4bb6-8fa1-7f4ba9967b71,PROLIFIC,06-Apr-2020 17:47:28,217,9167,8edb73bf-8297-48c2-ae5b-8438c70a6428,``Roll'' is one for the first things which come to mind when I hear ``rail''.,``Poke'' is one for the first things which come to mind when I hear ``needle''.,``Cut'' is one for the first things which come to mind when I hear ``brush''.,3,1,https://app.prolific.co/submissions/complete?cc=1C969808,63417,bc35bf88-0d79-44dc-8c42-6c015cd96012,2020-04-06 17:47:28,418.472,2020-04-06 15:44:42.650000,2020-04-06 15:51:41.122000,6.0,false,typical_of_concept,roll,rail,../data/prolific_output/run3-group_experiment1/qu70-s_qu70-batch46.csv
qu70-s_qu70-batch46.csv,,NOT AVAILABLE,NOT AVAILABLE,410085b1-018a-439f-a7e3-0bc5ae4f6451,PROLIFIC,06-Apr-2020 18:00:38,217,9167,8edb73bf-8297-48c2-ae5b-8438c70a6428,``Roll'' is one for the first things which come to mind when I hear ``rail''.,``Poke'' is one for the first things which come to mind when I hear ``needle''.,``Cut'' is one for the first things which come to mind when I hear ``brush''.,3,1,https://app.prolific.co/submissions/complete?cc=1C969808,64496,999c6114-ff65-4ec4-ade8-2cf87c137a3a,2020-04-06 18:00:38,1054.76,2020-04-06 15:45:45.354000,2020-04-06 16:03:20.114000,11.0,false,typical_of_concept,roll,rail,../data/prolific_output/run3-group_experiment1/qu70-s_qu70-batch46.csv
qu70-s_qu70-batch46.csv,,NOT AVAILABLE,NOT AVAILABLE,ad3e5bec-9486-4707-b193-4ab747599819,PROLIFIC,06-Apr-2020 18:19:02,217,9167,8edb73bf-8297-48c2-ae5b-8438c70a6428,``Roll'' is one for the first things which come to mind when I hear ``rail''.,``Poke'' is one for the first things which come to mind when I hear ``needle''.,``Cut'' is one for the first things which come to mind when I hear ``brush''.,3,1,https://app.prolific.co/submissions/complete?cc=1C969808,65201,182121cb-9a96-446b-8edb-cdff2d17e97d,2020-04-06 18:19:02,2199.534,2020-04-06 15:45:36.925000,2020-04-06 16:22:16.459000,5.0,false,typical_of_concept,roll,rail,../data/prolific_output/run3-group_experiment1/qu70-s_qu70-batch46.csv
qu70-s_qu70-batch46.csv,,NOT AVAILABLE,NOT AVAILABLE,ad3e5bec-9486-4707-b193-4ab747599819,PROLIFIC,06-Apr-2020 17:59:21,217,9167,8edb73bf-8297-48c2-ae5b-8438c70a6428,``Roll'' is one for the first things which come to mind when I hear ``rail''.,``Poke'' is one for the first things which come to mind when I hear ``needle''.,``Cut'' is one for the first things which come to mind when I hear ``brush''.,3,1,https://app.prolific.co/submissions/complete?cc=1C969808,64380,fbd4faff-bc7f-4a25-97e4-463cae3a6064,2020-04-06 17:59:21,2199.534,2020-04-06 15:45:36.925000,2020-04-06 16:22:16.459000,56.0,false,typical_of_concept,roll,rail,../data/prolific_output/run3-group_experiment1/qu70-s_qu70-batch46.csv
qu70-s_qu70-batch46.csv,,NOT AVAILABLE,NOT AVAILABLE,8116ec6c-df4c-4563-bfeb-943aaba3b711,PROLIFIC,06-Apr-2020 17:55:02,217,9167,8edb73bf-8297-48c2-ae5b-8438c70a6428,``Roll'' is one for the first things which come to mind when I hear ``rail''.,``Poke'' is one for the first things which come to mind when I hear ``needle''.,``Cut'' is one for the first things which come to mind when I hear ``brush''.,3,1,https://app.prolific.co/submissions/complete?cc=1C969808,63996,698b1ef6-9362-4399-966c-7986a5c8d504,2020-04-06 17:55:02,1289.294,2020-04-06 15:43:19.729000,2020-04-06 16:04:49.023000,9.0,true,typical_of_concept,roll,rail,../data/prolific_output/run3-group_experiment1/qu70-s_qu70-batch46.csv
qu70-s_qu70-batch46.csv,,NOT AVAILABLE,NOT AVAILABLE,1ebdafcc-fce7-41e2-9d93-aac9e254782e,PROLIFIC,06-Apr-2020 18:04:58,217,9167,8edb73bf-8297-48c2-ae5b-8438c70a6428,``Roll'' is one for the first things which come to mind when I hear ``rail''.,``Poke'' is one for the first things which come to mind when I hear ``needle''.,``Cut'' is one for the first things which come to mind when I hear ``brush''.,3,1,https://app.prolific.co/submissions/complete?cc=1C969808,64888,53f1b746-a099-4033-94e9-7c537e2b3a1a,2020-04-06 18:04:58,1424.083,2020-04-06 15:45:14.573000,2020-04-06 16:08:58.656000,7.0,true,typical_of_concept,roll,rail,../data/prolific_output/run3-group_experiment1/qu70-s_qu70-batch46.csv
qu70-s_qu70-batch46.csv,,NOT AVAILABLE,NOT AVAILABLE,995ae989-0025-45e0-aa77-56eb008cb1d6,PROLIFIC,06-Apr-2020 17:50:17,217,9167,8edb73bf-8297-48c2-ae5b-8438c70a6428,``Roll'' is one for the first things which come to mind when I hear ``rail''.,``Poke'' is one for the first things which come to mind when I hear ``needle''.,``Cut'' is one for the first things which come to mind when I hear ``brush''.,3,1,https://app.prolific.co/submissions/complete?cc=1C969808,63641,9814780e-d6ea-4061-971b-a5ebdf148afd,2020-04-06 17:50:17,185.294,2020-04-06 15:48:33.722000,2020-04-06 15:51:39.016000,2.0,false,typical_of_concept,roll,rail,../data/prolific_output/run3-group_experiment1/qu70-s_qu70-batch46.csv
qu70-s_qu70-batch46.csv,,NOT AVAILABLE,NOT AVAILABLE,fa8d1f1f-9017-4726-9b37-34e97e3f4b5f,PROLIFIC,06-Apr-2020 17:52:18,217,9167,8edb73bf-8297-48c2-ae5b-8438c70a6428,``Roll'' is one for the first things which come to mind when I hear ``rail''.,``Poke'' is one for the first things which come to mind when I hear ``needle''.,``Cut'' is one for the first things which come to mind when I hear ``brush''.,3,1,https://app.prolific.co/submissions/complete?cc=1C969808,63872,67bdfbe2-bd74-4797-8fb0-1cd098814375,2020-04-06 17:52:18,417.94,2020-04-06 15:48:14.268000,2020-04-06 15:55:12.208000,2.0,false,typical_of_concept,roll,rail,../data/prolific_output/run3-group_experiment1/qu70-s_qu70-batch46.csv
qu70-s_qu70-batch46.csv,,NOT AVAILABLE,NOT AVAILABLE,ff5b40d9-36ab-4b0c-96cd-b8b200165b5f,PROLIFIC,06-Apr-2020 17:56:27,217,9167,8edb73bf-8297-48c2-ae5b-8438c70a6428,``Roll'' is one for the first things which come to mind when I hear ``rail''.,``Poke'' is one for the first things which come to mind when I hear ``needle''.,``Cut'' is one for the first things which come to mind when I hear ``brush''.,3,1,https://app.prolific.co/submissions/complete?cc=1C969808,64122,a186f299-f5a7-4fff-9ed8-d2791d256060,2020-04-06 17:56:27,,,,1.0,false,typical_of_concept,roll,rail,../data/prolific_output/run3-group_experiment1/qu70-s_qu70-batch46.csv
qu70-s_qu70-batch46.csv,,NOT AVAILABLE,NOT AVAILABLE,def5c589-9118-419e-932b-0f312d0bec25,PROLIFIC,06-Apr-2020 17:48:37,217,9167,8edb73bf-8297-48c2-ae5b-8438c70a6428,``Roll'' is one for the first things which come to mind when I hear ``rail''.,``Poke'' is one for the first things which come to mind when I hear ``needle''.,``Cut'' is one for the first things which come to mind when I hear ``brush''.,3,1,https://app.prolific.co/submissions/complete?cc=1C969808,63493,09978e40-9b46-46b8-94a7-8d0c4aae9fa1,2020-04-06 17:48:37,,,,6.0,false,typical_of_concept,roll,rail,../data/prolific_output/run3-group_experiment1/qu70-s_qu70-batch46.csv
qu70-s_qu70-batch46.csv,,NOT AVAILABLE,NOT AVAILABLE,b759a9fb-a047-48ec-b0ee-199261b8060c,PROLIFIC,06-Apr-2020 17:54:06,217,9167,8edb73bf-8297-48c2-ae5b-8438c70a6428,``Roll'' is one for the first things which come to mind when I hear ``rail''.,``Poke'' is one for the first things which come to mind when I hear ``needle''.,``Cut'' is one for the first things which come to mind when I hear ``brush''.,3,1,https://app.prolific.co/submissions/complete?cc=1C969808,63946,96f541e5-ff41-4abb-918c-d5c62670a8a8,2020-04-06 17:54:06,,,,9.0,false,typical_of_concept,roll,rail,../data/prolific_output/run3-group_experiment1/qu70-s_qu70-batch46.csv
qu70-s_qu70-batch46.csv,,NOT AVAILABLE,NOT AVAILABLE,ffd3f20d-b154-4bb6-8fa1-7f4ba9967b71,PROLIFIC,06-Apr-2020 17:49:15,217,9168,f682ef40-03c7-4c44-a1b8-020d8a70b980,"I think there is a rail  which can roll/be used for rolling, but this is rare or uncommon.","I think there is a student  which can teach/be used for teaching, but this is rare or uncommon.","I think there is a teacher  which can teach/be used for teaching, but this is rare or uncommon.",3,1,https://app.prolific.co/submissions/complete?cc=1C969808,63538,e3f3fcd4-9436-4e03-8c05-b25c0c39361d,2020-04-06 17:49:15,418.472,2020-04-06 15:44:42.650000,2020-04-06 15:51:41.122000,5.0,true,rare,roll,rail,../data/prolific_output/run3-group_experiment1/qu70-s_qu70-batch46.csv
qu70-s_qu70-batch46.csv,,NOT AVAILABLE,NOT AVAILABLE,410085b1-018a-439f-a7e3-0bc5ae4f6451,PROLIFIC,06-Apr-2020 17:59:37,217,9168,f682ef40-03c7-4c44-a1b8-020d8a70b980,"I think there is a rail  which can roll/be used for rolling, but this is rare or uncommon.","I think there is a student  which can teach/be used for teaching, but this is rare or uncommon.","I think there is a teacher  which can teach/be used for teaching, but this is rare or uncommon.",3,1,https://app.prolific.co/submissions/complete?cc=1C969808,64403,e8346f53-3c66-4946-9249-f5f13a642467,2020-04-06 17:59:37,1054.76,2020-04-06 15:45:45.354000,2020-04-06 16:03:20.114000,8.0,false,rare,roll,rail,../data/prolific_output/run3-group_experiment1/qu70-s_qu70-batch46.csv
qu70-s_qu70-batch46.csv,,NOT AVAILABLE,NOT AVAILABLE,ad3e5bec-9486-4707-b193-4ab747599819,PROLIFIC,06-Apr-2020 18:09:30,217,9168,f682ef40-03c7-4c44-a1b8-020d8a70b980,"I think there is a rail  which can roll/be used for rolling, but this is rare or uncommon.","I think there is a student  which can teach/be used for teaching, but this is rare or uncommon.","I think there is a teacher  which can teach/be used for teaching, but this is rare or uncommon.",3,1,https://app.prolific.co/submissions/complete?cc=1C969808,65076,70dfc211-78eb-4e40-90d4-b215c383609f,2020-04-06 18:09:30,2199.534,2020-04-06 15:45:36.925000,2020-04-06 16:22:16.459000,4.0,false,rare,roll,rail,../data/prolific_output/run3-group_experiment1/qu70-s_qu70-batch46.csv
qu70-s_qu70-batch46.csv,,NOT AVAILABLE,NOT AVAILABLE,ad3e5bec-9486-4707-b193-4ab747599819,PROLIFIC,06-Apr-2020 18:20:27,217,9168,f682ef40-03c7-4c44-a1b8-020d8a70b980,"I think there is a rail  which can roll/be used for rolling, but this is rare or uncommon.","I think there is a student  which can teach/be used for teaching, but this is rare or uncommon.","I think there is a teacher  which can teach/be used for teaching, but this is rare or uncommon.",3,1,https://app.prolific.co/submissions/complete?cc=1C969808,65215,2f7d7cf7-145a-44a9-ac6d-0a3bb18b2cf6,2020-04-06 18:20:27,2199.534,2020-04-06 15:45:36.925000,2020-04-06 16:22:16.459000,4.0,false,rare,roll,rail,../data/prolific_output/run3-group_experiment1/qu70-s_qu70-batch46.csv
qu70-s_qu70-batch46.csv,,NOT AVAILABLE,NOT AVAILABLE,8116ec6c-df4c-4563-bfeb-943aaba3b711,PROLIFIC,06-Apr-2020 18:03:37,217,9168,f682ef40-03c7-4c44-a1b8-020d8a70b980,"I think there is a rail  which can roll/be used for rolling, but this is rare or uncommon.","I think there is a student  which can teach/be used for teaching, but this is rare or uncommon.","I think there is a teacher  which can teach/be used for teaching, but this is rare or uncommon.",3,1,https://app.prolific.co/submissions/complete?cc=1C969808,64784,ebdafda3-ae0e-45a7-9d60-04e32a5f22b0,2020-04-06 18:03:37,1289.294,2020-04-06 15:43:19.729000,2020-04-06 16:04:49.023000,7.0,false,rare,roll,rail,../data/prolific_output/run3-group_experiment1/qu70-s_qu70-batch46.csv
qu70-s_qu70-batch46.csv,,NOT AVAILABLE,NOT AVAILABLE,1ebdafcc-fce7-41e2-9d93-aac9e254782e,PROLIFIC,06-Apr-2020 17:57:34,217,9168,f682ef40-03c7-4c44-a1b8-020d8a70b980,"I think there is a rail  which can roll/be used for rolling, but this is rare or uncommon.","I think there is a student  which can teach/be used for teaching, but this is rare or uncommon.","I think there is a teacher  which can teach/be used for teaching, but this is rare or uncommon.",3,1,https://app.prolific.co/submissions/complete?cc=1C969808,64222,d4ca9819-ba0f-443a-9c8c-fffb466ccac1,2020-04-06 17:57:34,1424.083,2020-04-06 15:45:14.573000,2020-04-06 16:08:58.656000,17.0,false,rare,roll,rail,../data/prolific_output/run3-group_experiment1/qu70-s_qu70-batch46.csv
qu70-s_qu70-batch46.csv,,NOT AVAILABLE,NOT AVAILABLE,995ae989-0025-45e0-aa77-56eb008cb1d6,PROLIFIC,06-Apr-2020 17:50:43,217,9168,f682ef40-03c7-4c44-a1b8-020d8a70b980,"I think there is a rail  which can roll/be used for rolling, but this is rare or uncommon.","I think there is a student  which can teach/be used for teaching, but this is rare or uncommon.","I think there is a teacher  which can teach/be used for teaching, but this is rare or uncommon.",3,1,https://app.prolific.co/submissions/complete?cc=1C969808,63694,c9eac861-287c-4dac-a5af-f48537b29e44,2020-04-06 17:50:43,185.294,2020-04-06 15:48:33.722000,2020-04-06 15:51:39.016000,1.0,false,rare,roll,rail,../data/prolific_output/run3-group_experiment1/qu70-s_qu70-batch46.csv
qu70-s_qu70-batch46.csv,,NOT AVAILABLE,NOT AVAILABLE,fa8d1f1f-9017-4726-9b37-34e97e3f4b5f,PROLIFIC,06-Apr-2020 17:50:47,217,9168,f682ef40-03c7-4c44-a1b8-020d8a70b980,"I think there is a rail  which can roll/be used for rolling, but this is rare or uncommon.","I think there is a student  which can teach/be used for teaching, but this is rare or uncommon.","I think there is a teacher  which can teach/be used for teaching, but this is rare or uncommon.",3,1,https://app.prolific.co/submissions/complete?cc=1C969808,63702,e3829d5d-d62b-4fb0-ad9b-77ecacd5158a,2020-04-06 17:50:47,417.94,2020-04-06 15:48:14.268000,2020-04-06 15:55:12.208000,5.0,false,rare,roll,rail,../data/prolific_output/run3-group_experiment1/qu70-s_qu70-batch46.csv
qu70-s_qu70-batch46.csv,,NOT AVAILABLE,NOT AVAILABLE,ff5b40d9-36ab-4b0c-96cd-b8b200165b5f,PROLIFIC,06-Apr-2020 17:54:54,217,9168,f682ef40-03c7-4c44-a1b8-020d8a70b980,"I think there is a rail  which can roll/be used for rolling, but this is rare or uncommon.","I think there is a student  which can teach/be used for teaching, but this is rare or uncommon.","I think there is a teacher  which can teach/be used for teaching, but this is rare or uncommon.",3,1,https://app.prolific.co/submissions/complete?cc=1C969808,63992,5c2b8791-7b8a-4626-a134-8738c222922a,2020-04-06 17:54:54,,,,1.0,true,rare,roll,rail,../data/prolific_output/run3-group_experiment1/qu70-s_qu70-batch46.csv
qu70-s_qu70-batch46.csv,,NOT AVAILABLE,NOT AVAILABLE,def5c589-9118-419e-932b-0f312d0bec25,PROLIFIC,06-Apr-2020 17:56:54,217,9168,f682ef40-03c7-4c44-a1b8-020d8a70b980,"I think there is a rail  which can roll/be used for rolling, but this is rare or uncommon.","I think there is a student  which can teach/be used for teaching, but this is rare or uncommon.","I think there is a teacher  which can teach/be used for teaching, but this is rare or uncommon.",3,1,https://app.prolific.co/submissions/complete?cc=1C969808,64167,ede44533-f804-49c4-aa0c-fd2c6d954f2c,2020-04-06 17:56:54,,,,8.0,false,rare,roll,rail,../data/prolific_output/run3-group_experiment1/qu70-s_qu70-batch46.csv
qu70-s_qu70-batch46.csv,,NOT AVAILABLE,NOT AVAILABLE,b759a9fb-a047-48ec-b0ee-199261b8060c,PROLIFIC,06-Apr-2020 17:59:52,217,9168,f682ef40-03c7-4c44-a1b8-020d8a70b980,"I think there is a rail  which can roll/be used for rolling, but this is rare or uncommon.","I think there is a student  which can teach/be used for teaching, but this is rare or uncommon.","I think there is a teacher  which can teach/be used for teaching, but this is rare or uncommon.",3,1,https://app.prolific.co/submissions/complete?cc=1C969808,64420,ae24f65d-d824-4973-8997-0c6d885a4b25,2020-04-06 17:59:52,,,,5.0,false,rare,roll,rail,../data/prolific_output/run3-group_experiment1/qu70-s_qu70-batch46.csv
qu70-s_qu70-batch46.csv,,NOT AVAILABLE,NOT AVAILABLE,ffd3f20d-b154-4bb6-8fa1-7f4ba9967b71,PROLIFIC,06-Apr-2020 17:48:04,217,9169,48f8d8e6-2cc5-4e4e-8bff-46ae22784734,"Usually, (a/an) rail cannot roll/be used for rolling, but there could be a highly unusual situation in which (a/an) rail can roll.","Usually, (a/an) rat cannot cook/be used for cooking, but there could be a highly unusual situation in which (a/an) rat can cook.","Usually, (a/an) teacher cannot teach/be used for teaching, but there could be a highly unusual situation in which (a/an) teacher can teach.",3,1,https://app.prolific.co/submissions/complete?cc=1C969808,63451,52da1234-f106-46f6-be70-3f4fce36e9c1,2020-04-06 17:48:04,418.472,2020-04-06 15:44:42.650000,2020-04-06 15:51:41.122000,4.0,true,unusual,roll,rail,../data/prolific_output/run3-group_experiment1/qu70-s_qu70-batch46.csv
qu70-s_qu70-batch46.csv,,NOT AVAILABLE,NOT AVAILABLE,410085b1-018a-439f-a7e3-0bc5ae4f6451,PROLIFIC,06-Apr-2020 17:54:50,217,9169,48f8d8e6-2cc5-4e4e-8bff-46ae22784734,"Usually, (a/an) rail cannot roll/be used for rolling, but there could be a highly unusual situation in which (a/an) rail can roll.","Usually, (a/an) rat cannot cook/be used for cooking, but there could be a highly unusual situation in which (a/an) rat can cook.","Usually, (a/an) teacher cannot teach/be used for teaching, but there could be a highly unusual situation in which (a/an) teacher can teach.",3,1,https://app.prolific.co/submissions/complete?cc=1C969808,63986,4fdcec62-a709-416c-8ea1-cfb853ff66ee,2020-04-06 17:54:50,1054.76,2020-04-06 15:45:45.354000,2020-04-06 16:03:20.114000,13.0,false,unusual,roll,rail,../data/prolific_output/run3-group_experiment1/qu70-s_qu70-batch46.csv
qu70-s_qu70-batch46.csv,,NOT AVAILABLE,NOT AVAILABLE,ad3e5bec-9486-4707-b193-4ab747599819,PROLIFIC,06-Apr-2020 18:08:58,217,9169,48f8d8e6-2cc5-4e4e-8bff-46ae22784734,"Usually, (a/an) rail cannot roll/be used for rolling, but there could be a highly unusual situation in which (a/an) rail can roll.","Usually, (a/an) rat cannot cook/be used for cooking, but there could be a highly unusual situation in which (a/an) rat can cook.","Usually, (a/an) teacher cannot teach/be used for teaching, but there could be a highly unusual situation in which (a/an) teacher can teach.",3,1,https://app.prolific.co/submissions/complete?cc=1C969808,65068,7bdd56df-5756-4ce7-9cb4-e6c05c9e3353,2020-04-06 18:08:58,2199.534,2020-04-06 15:45:36.925000,2020-04-06 16:22:16.459000,17.0,false,unusual,roll,rail,../data/prolific_output/run3-group_experiment1/qu70-s_qu70-batch46.csv
qu70-s_qu70-batch46.csv,,NOT AVAILABLE,NOT AVAILABLE,ad3e5bec-9486-4707-b193-4ab747599819,PROLIFIC,06-Apr-2020 18:14:07,217,9169,48f8d8e6-2cc5-4e4e-8bff-46ae22784734,"Usually, (a/an) rail cannot roll/be used for rolling, but there could be a highly unusual situation in which (a/an) rail can roll.","Usually, (a/an) rat cannot cook/be used for cooking, but there could be a highly unusual situation in which (a/an) rat can cook.","Usually, (a/an) teacher cannot teach/be used for teaching, but there could be a highly unusual situation in which (a/an) teacher can teach.",3,1,https://app.prolific.co/submissions/complete?cc=1C969808,65136,bc14fbe6-6203-4586-a471-35cbc981884b,2020-04-06 18:14:07,2199.534,2020-04-06 15:45:36.925000,2020-04-06 16:22:16.459000,14.0,false,unusual,roll,rail,../data/prolific_output/run3-group_experiment1/qu70-s_qu70-batch46.csv
qu70-s_qu70-batch46.csv,,NOT AVAILABLE,NOT AVAILABLE,8116ec6c-df4c-4563-bfeb-943aaba3b711,PROLIFIC,06-Apr-2020 17:58:49,217,9169,48f8d8e6-2cc5-4e4e-8bff-46ae22784734,"Usually, (a/an) rail cannot roll/be used for rolling, but there could be a highly unusual situation in which (a/an) rail can roll.","Usually, (a/an) rat cannot cook/be used for cooking, but there could be a highly unusual situation in which (a/an) rat can cook.","Usually, (a/an) teacher cannot teach/be used for teaching, but there could be a highly unusual situation in which (a/an) teacher can teach.",3,1,https://app.prolific.co/submissions/complete?cc=1C969808,64331,f083f3ab-4448-425c-930d-a2290a7f89be,2020-04-06 17:58:49,1289.294,2020-04-06 15:43:19.729000,2020-04-06 16:04:49.023000,9.0,false,unusual,roll,rail,../data/prolific_output/run3-group_experiment1/qu70-s_qu70-batch46.csv
qu70-s_qu70-batch46.csv,,NOT AVAILABLE,NOT AVAILABLE,1ebdafcc-fce7-41e2-9d93-aac9e254782e,PROLIFIC,06-Apr-2020 18:08:17,217,9169,48f8d8e6-2cc5-4e4e-8bff-46ae22784734,"Usually, (a/an) rail cannot roll/be used for rolling, but there could be a highly unusual situation in which (a/an) rail can roll.","Usually, (a/an) rat cannot cook/be used for cooking, but there could be a highly unusual situation in which (a/an) rat can cook.","Usually, (a/an) teacher cannot teach/be used for teaching, but there could be a highly unusual situation in which (a/an) teacher can teach.",3,1,https://app.prolific.co/submissions/complete?cc=1C969808,65049,e5913c96-545a-4415-b120-ff2d8dae3854,2020-04-06 18:08:17,1424.083,2020-04-06 15:45:14.573000,2020-04-06 16:08:58.656000,9.0,false,unusual,roll,rail,../data/prolific_output/run3-group_experiment1/qu70-s_qu70-batch46.csv
qu70-s_qu70-batch46.csv,,NOT AVAILABLE,NOT AVAILABLE,995ae989-0025-45e0-aa77-56eb008cb1d6,PROLIFIC,06-Apr-2020 17:50:04,217,9169,48f8d8e6-2cc5-4e4e-8bff-46ae22784734,"Usually, (a/an) rail cannot roll/be used for rolling, but there could be a highly unusual situation in which (a/an) rail can roll.","Usually, (a/an) rat cannot cook/be used for cooking, but there could be a highly unusual situation in which (a/an) rat can cook.","Usually, (a/an) teacher cannot teach/be used for teaching, but there could be a highly unusual situation in which (a/an) teacher can teach.",3,1,https://app.prolific.co/submissions/complete?cc=1C969808,63611,98088f54-0e7e-404b-8d61-212a3364982e,2020-04-06 17:50:04,185.294,2020-04-06 15:48:33.722000,2020-04-06 15:51:39.016000,2.0,true,unusual,roll,rail,../data/prolific_output/run3-group_experiment1/qu70-s_qu70-batch46.csv
qu70-s_qu70-batch46.csv,,NOT AVAILABLE,NOT AVAILABLE,fa8d1f1f-9017-4726-9b37-34e97e3f4b5f,PROLIFIC,06-Apr-2020 17:51:47,217,9169,48f8d8e6-2cc5-4e4e-8bff-46ae22784734,"Usually, (a/an) rail cannot roll/be used for rolling, but there could be a highly unusual situation in which (a/an) rail can roll.","Usually, (a/an) rat cannot cook/be used for cooking, but there could be a highly unusual situation in which (a/an) rat can cook.","Usually, (a/an) teacher cannot teach/be used for teaching, but there could be a highly unusual situation in which (a/an) teacher can teach.",3,1,https://app.prolific.co/submissions/complete?cc=1C969808,63831,ff49cd73-8c42-4258-b577-f39501576843,2020-04-06 17:51:47,417.94,2020-04-06 15:48:14.268000,2020-04-06 15:55:12.208000,3.0,false,unusual,roll,rail,../data/prolific_output/run3-group_experiment1/qu70-s_qu70-batch46.csv
qu70-s_qu70-batch46.csv,,NOT AVAILABLE,NOT AVAILABLE,ff5b40d9-36ab-4b0c-96cd-b8b200165b5f,PROLIFIC,06-Apr-2020 17:55:27,217,9169,48f8d8e6-2cc5-4e4e-8bff-46ae22784734,"Usually, (a/an) rail cannot roll/be used for rolling, but there could be a highly unusual situation in which (a/an) rail can roll.","Usually, (a/an) rat cannot cook/be used for cooking, but there could be a highly unusual situation in which (a/an) rat can cook.","Usually, (a/an) teacher cannot teach/be used for teaching, but there could be a highly unusual situation in which (a/an) teacher can teach.",3,1,https://app.prolific.co/submissions/complete?cc=1C969808,64037,1991d98c-3f66-4d9b-8445-401599f042a2,2020-04-06 17:55:27,,,,1.0,true,unusual,roll,rail,../data/prolific_output/run3-group_experiment1/qu70-s_qu70-batch46.csv
qu70-s_qu70-batch46.csv,,NOT AVAILABLE,NOT AVAILABLE,def5c589-9118-419e-932b-0f312d0bec25,PROLIFIC,06-Apr-2020 17:54:43,217,9169,48f8d8e6-2cc5-4e4e-8bff-46ae22784734,"Usually, (a/an) rail cannot roll/be used for rolling, but there could be a highly unusual situation in which (a/an) rail can roll.","Usually, (a/an) rat cannot cook/be used for cooking, but there could be a highly unusual situation in which (a/an) rat can cook.","Usually, (a/an) teacher cannot teach/be used for teaching, but there could be a highly unusual situation in which (a/an) teacher can teach.",3,1,https://app.prolific.co/submissions/complete?cc=1C969808,63979,26204869-3621-4894-8f3a-4dbf56b7b457,2020-04-06 17:54:43,,,,19.0,false,unusual,roll,rail,../data/prolific_output/run3-group_experiment1/qu70-s_qu70-batch46.csv
qu70-s_qu70-batch46.csv,,NOT AVAILABLE,NOT AVAILABLE,b759a9fb-a047-48ec-b0ee-199261b8060c,PROLIFIC,06-Apr-2020 17:58:36,217,9169,48f8d8e6-2cc5-4e4e-8bff-46ae22784734,"Usually, (a/an) rail cannot roll/be used for rolling, but there could be a highly unusual situation in which (a/an) rail can roll.","Usually, (a/an) rat cannot cook/be used for cooking, but there could be a highly unusual situation in which (a/an) rat can cook.","Usually, (a/an) teacher cannot teach/be used for teaching, but there could be a highly unusual situation in which (a/an) teacher can teach.",3,1,https://app.prolific.co/submissions/complete?cc=1C969808,64315,da83698d-f6e8-477f-be06-41df076480d8,2020-04-06 17:58:36,,,,7.0,true,unusual,roll,rail,../data/prolific_output/run3-group_experiment1/qu70-s_qu70-batch46.csv
qu70-s_qu70-batch46.csv,,NOT AVAILABLE,NOT AVAILABLE,ffd3f20d-b154-4bb6-8fa1-7f4ba9967b71,PROLIFIC,06-Apr-2020 17:51:20,217,9170,db5e709c-5a4b-45bc-8772-aea08d66014d,``Rail'' is one of the first things which come to mind when I hear ``roll''. ,``Knife'' is one of the first things which come to mind when I hear ``cut''. ,``Cat'' is one of the first things which come to mind when I hear ``kill''. ,3,1,https://app.prolific.co/submissions/complete?cc=1C969808,63780,7c277f51-09df-4195-9bc8-3434e05a1e97,2020-04-06 17:51:20,418.472,2020-04-06 15:44:42.650000,2020-04-06 15:51:41.122000,2.0,false,typical_of_property,roll,rail,../data/prolific_output/run3-group_experiment1/qu70-s_qu70-batch46.csv
qu70-s_qu70-batch46.csv,,NOT AVAILABLE,NOT AVAILABLE,410085b1-018a-439f-a7e3-0bc5ae4f6451,PROLIFIC,06-Apr-2020 17:53:17,217,9170,db5e709c-5a4b-45bc-8772-aea08d66014d,``Rail'' is one of the first things which come to mind when I hear ``roll''. ,``Knife'' is one of the first things which come to mind when I hear ``cut''. ,``Cat'' is one of the first things which come to mind when I hear ``kill''. ,3,1,https://app.prolific.co/submissions/complete?cc=1C969808,63914,490516e8-58b6-43c6-af67-5fafbc3fef91,2020-04-06 17:53:17,1054.76,2020-04-06 15:45:45.354000,2020-04-06 16:03:20.114000,21.0,false,typical_of_property,roll,rail,../data/prolific_output/run3-group_experiment1/qu70-s_qu70-batch46.csv
qu70-s_qu70-batch46.csv,,NOT AVAILABLE,NOT AVAILABLE,ad3e5bec-9486-4707-b193-4ab747599819,PROLIFIC,06-Apr-2020 18:00:40,217,9170,db5e709c-5a4b-45bc-8772-aea08d66014d,``Rail'' is one of the first things which come to mind when I hear ``roll''. ,``Knife'' is one of the first things which come to mind when I hear ``cut''. ,``Cat'' is one of the first things which come to mind when I hear ``kill''. ,3,1,https://app.prolific.co/submissions/complete?cc=1C969808,64500,1674658f-b934-4aec-b1a3-6b4f7081a9fc,2020-04-06 18:00:40,2199.534,2020-04-06 15:45:36.925000,2020-04-06 16:22:16.459000,27.0,false,typical_of_property,roll,rail,../data/prolific_output/run3-group_experiment1/qu70-s_qu70-batch46.csv
qu70-s_qu70-batch46.csv,,NOT AVAILABLE,NOT AVAILABLE,ad3e5bec-9486-4707-b193-4ab747599819,PROLIFIC,06-Apr-2020 18:15:43,217,9170,db5e709c-5a4b-45bc-8772-aea08d66014d,``Rail'' is one of the first things which come to mind when I hear ``roll''. ,``Knife'' is one of the first things which come to mind when I hear ``cut''. ,``Cat'' is one of the first things which come to mind when I hear ``kill''. ,3,1,https://app.prolific.co/submissions/complete?cc=1C969808,65158,5e567d76-46f6-44d8-abfb-d9c5cb051ed1,2020-04-06 18:15:43,2199.534,2020-04-06 15:45:36.925000,2020-04-06 16:22:16.459000,7.0,false,typical_of_property,roll,rail,../data/prolific_output/run3-group_experiment1/qu70-s_qu70-batch46.csv
qu70-s_qu70-batch46.csv,,NOT AVAILABLE,NOT AVAILABLE,8116ec6c-df4c-4563-bfeb-943aaba3b711,PROLIFIC,06-Apr-2020 17:59:25,217,9170,db5e709c-5a4b-45bc-8772-aea08d66014d,``Rail'' is one of the first things which come to mind when I hear ``roll''. ,``Knife'' is one of the first things which come to mind when I hear ``cut''. ,``Cat'' is one of the first things which come to mind when I hear ``kill''. ,3,1,https://app.prolific.co/submissions/complete?cc=1C969808,64385,30089db9-14ad-4ab6-a4de-921315d8a8d4,2020-04-06 17:59:25,1289.294,2020-04-06 15:43:19.729000,2020-04-06 16:04:49.023000,11.0,true,typical_of_property,roll,rail,../data/prolific_output/run3-group_experiment1/qu70-s_qu70-batch46.csv
qu70-s_qu70-batch46.csv,,NOT AVAILABLE,NOT AVAILABLE,1ebdafcc-fce7-41e2-9d93-aac9e254782e,PROLIFIC,06-Apr-2020 18:03:40,217,9170,db5e709c-5a4b-45bc-8772-aea08d66014d,``Rail'' is one of the first things which come to mind when I hear ``roll''. ,``Knife'' is one of the first things which come to mind when I hear ``cut''. ,``Cat'' is one of the first things which come to mind when I hear ``kill''. ,3,1,https://app.prolific.co/submissions/complete?cc=1C969808,64789,9d4faba9-3034-43d3-b9ff-7eaa155e07d5,2020-04-06 18:03:40,1424.083,2020-04-06 15:45:14.573000,2020-04-06 16:08:58.656000,9.0,false,typical_of_property,roll,rail,../data/prolific_output/run3-group_experiment1/qu70-s_qu70-batch46.csv
qu70-s_qu70-batch46.csv,,NOT AVAILABLE,NOT AVAILABLE,995ae989-0025-45e0-aa77-56eb008cb1d6,PROLIFIC,06-Apr-2020 17:51:05,217,9170,db5e709c-5a4b-45bc-8772-aea08d66014d,``Rail'' is one of the first things which come to mind when I hear ``roll''. ,``Knife'' is one of the first things which come to mind when I hear ``cut''. ,``Cat'' is one of the first things which come to mind when I hear ``kill''. ,3,1,https://app.prolific.co/submissions/complete?cc=1C969808,63748,141aa77e-fa3b-430d-8f94-e9bef01ecb08,2020-04-06 17:51:05,185.294,2020-04-06 15:48:33.722000,2020-04-06 15:51:39.016000,2.0,false,typical_of_property,roll,rail,../data/prolific_output/run3-group_experiment1/qu70-s_qu70-batch46.csv
qu70-s_qu70-batch46.csv,,NOT AVAILABLE,NOT AVAILABLE,fa8d1f1f-9017-4726-9b37-34e97e3f4b5f,PROLIFIC,06-Apr-2020 17:52:28,217,9170,db5e709c-5a4b-45bc-8772-aea08d66014d,``Rail'' is one of the first things which come to mind when I hear ``roll''. ,``Knife'' is one of the first things which come to mind when I hear ``cut''. ,``Cat'' is one of the first things which come to mind when I hear ``kill''. ,3,1,https://app.prolific.co/submissions/complete?cc=1C969808,63884,1a581a43-47a4-4165-a872-4e7c20f9ae96,2020-04-06 17:52:28,417.94,2020-04-06 15:48:14.268000,2020-04-06 15:55:12.208000,1.0,false,typical_of_property,roll,rail,../data/prolific_output/run3-group_experiment1/qu70-s_qu70-batch46.csv
qu70-s_qu70-batch46.csv,,NOT AVAILABLE,NOT AVAILABLE,ff5b40d9-36ab-4b0c-96cd-b8b200165b5f,PROLIFIC,06-Apr-2020 17:53:51,217,9170,db5e709c-5a4b-45bc-8772-aea08d66014d,``Rail'' is one of the first things which come to mind when I hear ``roll''. ,``Knife'' is one of the first things which come to mind when I hear ``cut''. ,``Cat'' is one of the first things which come to mind when I hear ``kill''. ,3,1,https://app.prolific.co/submissions/complete?cc=1C969808,63936,1f365f27-feed-4b00-ba12-5c4a175612a4,2020-04-06 17:53:51,,,,2.0,false,typical_of_property,roll,rail,../data/prolific_output/run3-group_experiment1/qu70-s_qu70-batch46.csv
qu70-s_qu70-batch46.csv,,NOT AVAILABLE,NOT AVAILABLE,def5c589-9118-419e-932b-0f312d0bec25,PROLIFIC,06-Apr-2020 17:47:17,217,9170,db5e709c-5a4b-45bc-8772-aea08d66014d,``Rail'' is one of the first things which come to mind when I hear ``roll''. ,``Knife'' is one of the first things which come to mind when I hear ``cut''. ,``Cat'' is one of the first things which come to mind when I hear ``kill''. ,3,1,https://app.prolific.co/submissions/complete?cc=1C969808,63405,d91e9f4e-8920-45de-b928-e00c0c75273d,2020-04-06 17:47:17,,,,12.0,false,typical_of_property,roll,rail,../data/prolific_output/run3-group_experiment1/qu70-s_qu70-batch46.csv
qu70-s_qu70-batch46.csv,,NOT AVAILABLE,NOT AVAILABLE,b759a9fb-a047-48ec-b0ee-199261b8060c,PROLIFIC,06-Apr-2020 18:00:05,217,9170,db5e709c-5a4b-45bc-8772-aea08d66014d,``Rail'' is one of the first things which come to mind when I hear ``roll''. ,``Knife'' is one of the first things which come to mind when I hear ``cut''. ,``Cat'' is one of the first things which come to mind when I hear ``kill''. ,3,1,https://app.prolific.co/submissions/complete?cc=1C969808,64441,3a815be0-99fa-4c44-9289-7277eb118ace,2020-04-06 18:00:05,,,,4.0,false,typical_of_property,roll,rail,../data/prolific_output/run3-group_experiment1/qu70-s_qu70-batch46.csv
qu70-s_qu70-batch46.csv,,NOT AVAILABLE,NOT AVAILABLE,ffd3f20d-b154-4bb6-8fa1-7f4ba9967b71,PROLIFIC,06-Apr-2020 17:48:27,217,9171,4e9b1930-7e9c-48ff-b537-9141b4b60a5e,You can find (a/an) rail which can roll/be used for rolling. This is not what it usually does or is used for. ,You can find (a/an) computer which can heat/be used for heating. This is not what it usually does or is used for. ,You can find (a/an) brush which can paint/be used for painting. This is not what it usually does or is used for. ,3,1,https://app.prolific.co/submissions/complete?cc=1C969808,63477,6d06a79c-781c-42ce-936c-c6c5771e0d8f,2020-04-06 17:48:27,418.472,2020-04-06 15:44:42.650000,2020-04-06 15:51:41.122000,6.0,true,afforded_unusual,roll,rail,../data/prolific_output/run3-group_experiment1/qu70-s_qu70-batch46.csv
qu70-s_qu70-batch46.csv,,NOT AVAILABLE,NOT AVAILABLE,410085b1-018a-439f-a7e3-0bc5ae4f6451,PROLIFIC,06-Apr-2020 18:01:01,217,9171,4e9b1930-7e9c-48ff-b537-9141b4b60a5e,You can find (a/an) rail which can roll/be used for rolling. This is not what it usually does or is used for. ,You can find (a/an) computer which can heat/be used for heating. This is not what it usually does or is used for. ,You can find (a/an) brush which can paint/be used for painting. This is not what it usually does or is used for. ,3,1,https://app.prolific.co/submissions/complete?cc=1C969808,64538,61d34d8c-90e2-4a74-97b6-d90a7708f0ff,2020-04-06 18:01:01,1054.76,2020-04-06 15:45:45.354000,2020-04-06 16:03:20.114000,4.0,true,afforded_unusual,roll,rail,../data/prolific_output/run3-group_experiment1/qu70-s_qu70-batch46.csv
qu70-s_qu70-batch46.csv,,NOT AVAILABLE,NOT AVAILABLE,ad3e5bec-9486-4707-b193-4ab747599819,PROLIFIC,06-Apr-2020 18:18:34,217,9171,4e9b1930-7e9c-48ff-b537-9141b4b60a5e,You can find (a/an) rail which can roll/be used for rolling. This is not what it usually does or is used for. ,You can find (a/an) computer which can heat/be used for heating. This is not what it usually does or is used for. ,You can find (a/an) brush which can paint/be used for painting. This is not what it usually does or is used for. ,3,1,https://app.prolific.co/submissions/complete?cc=1C969808,65193,0ad72515-7495-468a-8304-4cafa984037b,2020-04-06 18:18:34,2199.534,2020-04-06 15:45:36.925000,2020-04-06 16:22:16.459000,4.0,false,afforded_unusual,roll,rail,../data/prolific_output/run3-group_experiment1/qu70-s_qu70-batch46.csv
qu70-s_qu70-batch46.csv,,NOT AVAILABLE,NOT AVAILABLE,ad3e5bec-9486-4707-b193-4ab747599819,PROLIFIC,06-Apr-2020 18:08:41,217,9171,4e9b1930-7e9c-48ff-b537-9141b4b60a5e,You can find (a/an) rail which can roll/be used for rolling. This is not what it usually does or is used for. ,You can find (a/an) computer which can heat/be used for heating. This is not what it usually does or is used for. ,You can find (a/an) brush which can paint/be used for painting. This is not what it usually does or is used for. ,3,1,https://app.prolific.co/submissions/complete?cc=1C969808,65060,ba19002a-9f35-4391-b503-6c01d717645a,2020-04-06 18:08:41,2199.534,2020-04-06 15:45:36.925000,2020-04-06 16:22:16.459000,9.0,false,afforded_unusual,roll,rail,../data/prolific_output/run3-group_experiment1/qu70-s_qu70-batch46.csv
qu70-s_qu70-batch46.csv,,NOT AVAILABLE,NOT AVAILABLE,8116ec6c-df4c-4563-bfeb-943aaba3b711,PROLIFIC,06-Apr-2020 18:01:43,217,9171,4e9b1930-7e9c-48ff-b537-9141b4b60a5e,You can find (a/an) rail which can roll/be used for rolling. This is not what it usually does or is used for. ,You can find (a/an) computer which can heat/be used for heating. This is not what it usually does or is used for. ,You can find (a/an) brush which can paint/be used for painting. This is not what it usually does or is used for. ,3,1,https://app.prolific.co/submissions/complete?cc=1C969808,64603,2ddc3063-fb02-4028-86a7-82a15b88c97c,2020-04-06 18:01:43,1289.294,2020-04-06 15:43:19.729000,2020-04-06 16:04:49.023000,17.0,false,afforded_unusual,roll,rail,../data/prolific_output/run3-group_experiment1/qu70-s_qu70-batch46.csv
qu70-s_qu70-batch46.csv,,NOT AVAILABLE,NOT AVAILABLE,1ebdafcc-fce7-41e2-9d93-aac9e254782e,PROLIFIC,06-Apr-2020 18:05:52,217,9171,4e9b1930-7e9c-48ff-b537-9141b4b60a5e,You can find (a/an) rail which can roll/be used for rolling. This is not what it usually does or is used for. ,You can find (a/an) computer which can heat/be used for heating. This is not what it usually does or is used for. ,You can find (a/an) brush which can paint/be used for painting. This is not what it usually does or is used for. ,3,1,https://app.prolific.co/submissions/complete?cc=1C969808,64947,ac59bc4b-0b4d-4a6d-bfd9-397ab8ae6208,2020-04-06 18:05:52,1424.083,2020-04-06 15:45:14.573000,2020-04-06 16:08:58.656000,24.0,false,afforded_unusual,roll,rail,../data/prolific_output/run3-group_experiment1/qu70-s_qu70-batch46.csv
qu70-s_qu70-batch46.csv,,NOT AVAILABLE,NOT AVAILABLE,995ae989-0025-45e0-aa77-56eb008cb1d6,PROLIFIC,06-Apr-2020 17:50:11,217,9171,4e9b1930-7e9c-48ff-b537-9141b4b60a5e,You can find (a/an) rail which can roll/be used for rolling. This is not what it usually does or is used for. ,You can find (a/an) computer which can heat/be used for heating. This is not what it usually does or is used for. ,You can find (a/an) brush which can paint/be used for painting. This is not what it usually does or is used for. ,3,1,https://app.prolific.co/submissions/complete?cc=1C969808,63627,c83c8fa7-83ba-491e-95a8-0e8f40a4c275,2020-04-06 17:50:11,185.294,2020-04-06 15:48:33.722000,2020-04-06 15:51:39.016000,2.0,false,afforded_unusual,roll,rail,../data/prolific_output/run3-group_experiment1/qu70-s_qu70-batch46.csv
qu70-s_qu70-batch46.csv,,NOT AVAILABLE,NOT AVAILABLE,fa8d1f1f-9017-4726-9b37-34e97e3f4b5f,PROLIFIC,06-Apr-2020 17:52:12,217,9171,4e9b1930-7e9c-48ff-b537-9141b4b60a5e,You can find (a/an) rail which can roll/be used for rolling. This is not what it usually does or is used for. ,You can find (a/an) computer which can heat/be used for heating. This is not what it usually does or is used for. ,You can find (a/an) brush which can paint/be used for painting. This is not what it usually does or is used for. ,3,1,https://app.prolific.co/submissions/complete?cc=1C969808,63864,123618d6-b86a-446d-b4ec-1d704dee5232,2020-04-06 17:52:12,417.94,2020-04-06 15:48:14.268000,2020-04-06 15:55:12.208000,1.0,false,afforded_unusual,roll,rail,../data/prolific_output/run3-group_experiment1/qu70-s_qu70-batch46.csv
qu70-s_qu70-batch46.csv,,NOT AVAILABLE,NOT AVAILABLE,ff5b40d9-36ab-4b0c-96cd-b8b200165b5f,PROLIFIC,06-Apr-2020 17:53:29,217,9171,4e9b1930-7e9c-48ff-b537-9141b4b60a5e,You can find (a/an) rail which can roll/be used for rolling. This is not what it usually does or is used for. ,You can find (a/an) computer which can heat/be used for heating. This is not what it usually does or is used for. ,You can find (a/an) brush which can paint/be used for painting. This is not what it usually does or is used for. ,3,1,https://app.prolific.co/submissions/complete?cc=1C969808,63922,140aab20-3446-4812-97ce-40ddb1a83ec7,2020-04-06 17:53:29,,,,2.0,true,afforded_unusual,roll,rail,../data/prolific_output/run3-group_experiment1/qu70-s_qu70-batch46.csv
qu70-s_qu70-batch46.csv,,NOT AVAILABLE,NOT AVAILABLE,def5c589-9118-419e-932b-0f312d0bec25,PROLIFIC,06-Apr-2020 17:58:21,217,9171,4e9b1930-7e9c-48ff-b537-9141b4b60a5e,You can find (a/an) rail which can roll/be used for rolling. This is not what it usually does or is used for. ,You can find (a/an) computer which can heat/be used for heating. This is not what it usually does or is used for. ,You can find (a/an) brush which can paint/be used for painting. This is not what it usually does or is used for. ,3,1,https://app.prolific.co/submissions/complete?cc=1C969808,64292,16554711-5b93-4d8c-86f6-dd16e9b34948,2020-04-06 17:58:21,,,,6.0,false,afforded_unusual,roll,rail,../data/prolific_output/run3-group_experiment1/qu70-s_qu70-batch46.csv
qu70-s_qu70-batch46.csv,,NOT AVAILABLE,NOT AVAILABLE,b759a9fb-a047-48ec-b0ee-199261b8060c,PROLIFIC,06-Apr-2020 17:55:34,217,9171,4e9b1930-7e9c-48ff-b537-9141b4b60a5e,You can find (a/an) rail which can roll/be used for rolling. This is not what it usually does or is used for. ,You can find (a/an) computer which can heat/be used for heating. This is not what it usually does or is used for. ,You can find (a/an) brush which can paint/be used for painting. This is not what it usually does or is used for. ,3,1,https://app.prolific.co/submissions/complete?cc=1C969808,64048,07560fe0-b559-495d-ab2c-90e4f31c3505,2020-04-06 17:55:34,,,,11.0,true,afforded_unusual,roll,rail,../data/prolific_output/run3-group_experiment1/qu70-s_qu70-batch46.csv
qu70-s_qu70-batch46.csv,,NOT AVAILABLE,NOT AVAILABLE,ffd3f20d-b154-4bb6-8fa1-7f4ba9967b71,PROLIFIC,06-Apr-2020 17:50:18,217,9172,174f93f5-8587-479e-a966-9d04402e5d2f,I know that (a/an) rail can roll/be used for rolling as most or all other things similar to (a/an) rail roll. ,I know that (a/an) poodle can bark/be used for barking as most or all other things similar to (a/an) poodle bark. ,I know that (a/an) worm can run/be used for runing as most or all other things similar to (a/an) worm run. ,3,1,https://app.prolific.co/submissions/complete?cc=1C969808,63643,837a3f64-fa52-4c99-acda-6b35e38f65a9,2020-04-06 17:50:18,418.472,2020-04-06 15:44:42.650000,2020-04-06 15:51:41.122000,3.0,true,implied_category,roll,rail,../data/prolific_output/run3-group_experiment1/qu70-s_qu70-batch46.csv
qu70-s_qu70-batch46.csv,,NOT AVAILABLE,NOT AVAILABLE,410085b1-018a-439f-a7e3-0bc5ae4f6451,PROLIFIC,06-Apr-2020 17:52:25,217,9172,174f93f5-8587-479e-a966-9d04402e5d2f,I know that (a/an) rail can roll/be used for rolling as most or all other things similar to (a/an) rail roll. ,I know that (a/an) poodle can bark/be used for barking as most or all other things similar to (a/an) poodle bark. ,I know that (a/an) worm can run/be used for runing as most or all other things similar to (a/an) worm run. ,3,1,https://app.prolific.co/submissions/complete?cc=1C969808,63878,af291c37-a672-4824-9645-14144abfe686,2020-04-06 17:52:25,1054.76,2020-04-06 15:45:45.354000,2020-04-06 16:03:20.114000,12.0,true,implied_category,roll,rail,../data/prolific_output/run3-group_experiment1/qu70-s_qu70-batch46.csv
qu70-s_qu70-batch46.csv,,NOT AVAILABLE,NOT AVAILABLE,ad3e5bec-9486-4707-b193-4ab747599819,PROLIFIC,06-Apr-2020 18:17:29,217,9172,174f93f5-8587-479e-a966-9d04402e5d2f,I know that (a/an) rail can roll/be used for rolling as most or all other things similar to (a/an) rail roll. ,I know that (a/an) poodle can bark/be used for barking as most or all other things similar to (a/an) poodle bark. ,I know that (a/an) worm can run/be used for runing as most or all other things similar to (a/an) worm run. ,3,1,https://app.prolific.co/submissions/complete?cc=1C969808,65182,50c72bcf-3e8c-414e-8a1a-806e69ae28ad,2020-04-06 18:17:29,2199.534,2020-04-06 15:45:36.925000,2020-04-06 16:22:16.459000,4.0,true,implied_category,roll,rail,../data/prolific_output/run3-group_experiment1/qu70-s_qu70-batch46.csv
qu70-s_qu70-batch46.csv,,NOT AVAILABLE,NOT AVAILABLE,ad3e5bec-9486-4707-b193-4ab747599819,PROLIFIC,06-Apr-2020 18:10:13,217,9172,174f93f5-8587-479e-a966-9d04402e5d2f,I know that (a/an) rail can roll/be used for rolling as most or all other things similar to (a/an) rail roll. ,I know that (a/an) poodle can bark/be used for barking as most or all other things similar to (a/an) poodle bark. ,I know that (a/an) worm can run/be used for runing as most or all other things similar to (a/an) worm run. ,3,1,https://app.prolific.co/submissions/complete?cc=1C969808,65085,6541821a-96da-4dfb-8207-8e494700ed5f,2020-04-06 18:10:13,2199.534,2020-04-06 15:45:36.925000,2020-04-06 16:22:16.459000,13.0,true,implied_category,roll,rail,../data/prolific_output/run3-group_experiment1/qu70-s_qu70-batch46.csv
qu70-s_qu70-batch46.csv,,NOT AVAILABLE,NOT AVAILABLE,8116ec6c-df4c-4563-bfeb-943aaba3b711,PROLIFIC,06-Apr-2020 18:00:46,217,9172,174f93f5-8587-479e-a966-9d04402e5d2f,I know that (a/an) rail can roll/be used for rolling as most or all other things similar to (a/an) rail roll. ,I know that (a/an) poodle can bark/be used for barking as most or all other things similar to (a/an) poodle bark. ,I know that (a/an) worm can run/be used for runing as most or all other things similar to (a/an) worm run. ,3,1,https://app.prolific.co/submissions/complete?cc=1C969808,64513,89f130b3-cc5e-423e-bb18-1dd729fc91c6,2020-04-06 18:00:46,1289.294,2020-04-06 15:43:19.729000,2020-04-06 16:04:49.023000,17.0,true,implied_category,roll,rail,../data/prolific_output/run3-group_experiment1/qu70-s_qu70-batch46.csv
qu70-s_qu70-batch46.csv,,NOT AVAILABLE,NOT AVAILABLE,1ebdafcc-fce7-41e2-9d93-aac9e254782e,PROLIFIC,06-Apr-2020 18:05:19,217,9172,174f93f5-8587-479e-a966-9d04402e5d2f,I know that (a/an) rail can roll/be used for rolling as most or all other things similar to (a/an) rail roll. ,I know that (a/an) poodle can bark/be used for barking as most or all other things similar to (a/an) poodle bark. ,I know that (a/an) worm can run/be used for runing as most or all other things similar to (a/an) worm run. ,3,1,https://app.prolific.co/submissions/complete?cc=1C969808,64911,9f64a803-fa03-4600-ba0d-6757fd84b4cc,2020-04-06 18:05:19,1424.083,2020-04-06 15:45:14.573000,2020-04-06 16:08:58.656000,21.0,true,implied_category,roll,rail,../data/prolific_output/run3-group_experiment1/qu70-s_qu70-batch46.csv
qu70-s_qu70-batch46.csv,,NOT AVAILABLE,NOT AVAILABLE,995ae989-0025-45e0-aa77-56eb008cb1d6,PROLIFIC,06-Apr-2020 17:50:54,217,9172,174f93f5-8587-479e-a966-9d04402e5d2f,I know that (a/an) rail can roll/be used for rolling as most or all other things similar to (a/an) rail roll. ,I know that (a/an) poodle can bark/be used for barking as most or all other things similar to (a/an) poodle bark. ,I know that (a/an) worm can run/be used for runing as most or all other things similar to (a/an) worm run. ,3,1,https://app.prolific.co/submissions/complete?cc=1C969808,63719,98b19956-16cc-49a1-a93f-a9d78cf3ab59,2020-04-06 17:50:54,185.294,2020-04-06 15:48:33.722000,2020-04-06 15:51:39.016000,3.0,false,implied_category,roll,rail,../data/prolific_output/run3-group_experiment1/qu70-s_qu70-batch46.csv
qu70-s_qu70-batch46.csv,,NOT AVAILABLE,NOT AVAILABLE,fa8d1f1f-9017-4726-9b37-34e97e3f4b5f,PROLIFIC,06-Apr-2020 17:51:20,217,9172,174f93f5-8587-479e-a966-9d04402e5d2f,I know that (a/an) rail can roll/be used for rolling as most or all other things similar to (a/an) rail roll. ,I know that (a/an) poodle can bark/be used for barking as most or all other things similar to (a/an) poodle bark. ,I know that (a/an) worm can run/be used for runing as most or all other things similar to (a/an) worm run. ,3,1,https://app.prolific.co/submissions/complete?cc=1C969808,63778,0c415a45-f360-45ed-bb55-ef5e1a09fc39,2020-04-06 17:51:20,417.94,2020-04-06 15:48:14.268000,2020-04-06 15:55:12.208000,5.0,false,implied_category,roll,rail,../data/prolific_output/run3-group_experiment1/qu70-s_qu70-batch46.csv
qu70-s_qu70-batch46.csv,,NOT AVAILABLE,NOT AVAILABLE,ff5b40d9-36ab-4b0c-96cd-b8b200165b5f,PROLIFIC,06-Apr-2020 17:55:08,217,9172,174f93f5-8587-479e-a966-9d04402e5d2f,I know that (a/an) rail can roll/be used for rolling as most or all other things similar to (a/an) rail roll. ,I know that (a/an) poodle can bark/be used for barking as most or all other things similar to (a/an) poodle bark. ,I know that (a/an) worm can run/be used for runing as most or all other things similar to (a/an) worm run. ,3,1,https://app.prolific.co/submissions/complete?cc=1C969808,64007,4690cab9-174d-43a7-8bbd-b3238fe88a20,2020-04-06 17:55:08,,,,1.0,false,implied_category,roll,rail,../data/prolific_output/run3-group_experiment1/qu70-s_qu70-batch46.csv
qu70-s_qu70-batch46.csv,,NOT AVAILABLE,NOT AVAILABLE,def5c589-9118-419e-932b-0f312d0bec25,PROLIFIC,06-Apr-2020 17:55:05,217,9172,174f93f5-8587-479e-a966-9d04402e5d2f,I know that (a/an) rail can roll/be used for rolling as most or all other things similar to (a/an) rail roll. ,I know that (a/an) poodle can bark/be used for barking as most or all other things similar to (a/an) poodle bark. ,I know that (a/an) worm can run/be used for runing as most or all other things similar to (a/an) worm run. ,3,1,https://app.prolific.co/submissions/complete?cc=1C969808,64000,fd42163f-caf5-4f17-8a85-b4d6b504d345,2020-04-06 17:55:05,,,,22.0,true,implied_category,roll,rail,../data/prolific_output/run3-group_experiment1/qu70-s_qu70-batch46.csv
qu70-s_qu70-batch46.csv,,NOT AVAILABLE,NOT AVAILABLE,b759a9fb-a047-48ec-b0ee-199261b8060c,PROLIFIC,06-Apr-2020 18:00:01,217,9172,174f93f5-8587-479e-a966-9d04402e5d2f,I know that (a/an) rail can roll/be used for rolling as most or all other things similar to (a/an) rail roll. ,I know that (a/an) poodle can bark/be used for barking as most or all other things similar to (a/an) poodle bark. ,I know that (a/an) worm can run/be used for runing as most or all other things similar to (a/an) worm run. ,3,1,https://app.prolific.co/submissions/complete?cc=1C969808,64433,a4067993-ed9b-4ae2-877c-d99f1e38982f,2020-04-06 18:00:01,,,,9.0,false,implied_category,roll,rail,../data/prolific_output/run3-group_experiment1/qu70-s_qu70-batch46.csv
qu70-s_qu70-batch46.csv,,NOT AVAILABLE,NOT AVAILABLE,ffd3f20d-b154-4bb6-8fa1-7f4ba9967b71,PROLIFIC,06-Apr-2020 17:49:54,217,9173,777ac7dc-4962-4870-bd69-1302b7138935,You can find (a/an) rail which can roll/be used for rolling. This distinguishes a certain type of rail from others. ,You can find (a/an) lamp which can read/be used for reading. This distinguishes a certain type of lamp from others. ,You can find (a/an) coat which can cook/be used for cooking. This distinguishes a certain type of coat from others. ,3,1,https://app.prolific.co/submissions/complete?cc=1C969808,63591,7d9c164a-cfeb-4e91-9c70-9f946b710cc7,2020-04-06 17:49:54,418.472,2020-04-06 15:44:42.650000,2020-04-06 15:51:41.122000,6.0,false,variability_limited,roll,rail,../data/prolific_output/run3-group_experiment1/qu70-s_qu70-batch46.csv
qu70-s_qu70-batch46.csv,,NOT AVAILABLE,NOT AVAILABLE,410085b1-018a-439f-a7e3-0bc5ae4f6451,PROLIFIC,06-Apr-2020 17:50:56,217,9173,777ac7dc-4962-4870-bd69-1302b7138935,You can find (a/an) rail which can roll/be used for rolling. This distinguishes a certain type of rail from others. ,You can find (a/an) lamp which can read/be used for reading. This distinguishes a certain type of lamp from others. ,You can find (a/an) coat which can cook/be used for cooking. This distinguishes a certain type of coat from others. ,3,1,https://app.prolific.co/submissions/complete?cc=1C969808,63726,a8c02313-489c-49b0-9e16-e94d7a6a5edd,2020-04-06 17:50:56,1054.76,2020-04-06 15:45:45.354000,2020-04-06 16:03:20.114000,17.0,true,variability_limited,roll,rail,../data/prolific_output/run3-group_experiment1/qu70-s_qu70-batch46.csv
qu70-s_qu70-batch46.csv,,NOT AVAILABLE,NOT AVAILABLE,ad3e5bec-9486-4707-b193-4ab747599819,PROLIFIC,06-Apr-2020 18:17:51,217,9173,777ac7dc-4962-4870-bd69-1302b7138935,You can find (a/an) rail which can roll/be used for rolling. This distinguishes a certain type of rail from others. ,You can find (a/an) lamp which can read/be used for reading. This distinguishes a certain type of lamp from others. ,You can find (a/an) coat which can cook/be used for cooking. This distinguishes a certain type of coat from others. ,3,1,https://app.prolific.co/submissions/complete?cc=1C969808,65185,238d8146-f5e4-48c9-a38b-34d7048f225b,2020-04-06 18:17:51,2199.534,2020-04-06 15:45:36.925000,2020-04-06 16:22:16.459000,8.0,false,variability_limited,roll,rail,../data/prolific_output/run3-group_experiment1/qu70-s_qu70-batch46.csv
qu70-s_qu70-batch46.csv,,NOT AVAILABLE,NOT AVAILABLE,ad3e5bec-9486-4707-b193-4ab747599819,PROLIFIC,06-Apr-2020 18:07:57,217,9173,777ac7dc-4962-4870-bd69-1302b7138935,You can find (a/an) rail which can roll/be used for rolling. This distinguishes a certain type of rail from others. ,You can find (a/an) lamp which can read/be used for reading. This distinguishes a certain type of lamp from others. ,You can find (a/an) coat which can cook/be used for cooking. This distinguishes a certain type of coat from others. ,3,1,https://app.prolific.co/submissions/complete?cc=1C969808,65046,34760f68-b2d5-4d7b-9a12-7ff6bdf36573,2020-04-06 18:07:57,2199.534,2020-04-06 15:45:36.925000,2020-04-06 16:22:16.459000,33.0,false,variability_limited,roll,rail,../data/prolific_output/run3-group_experiment1/qu70-s_qu70-batch46.csv
qu70-s_qu70-batch46.csv,,NOT AVAILABLE,NOT AVAILABLE,8116ec6c-df4c-4563-bfeb-943aaba3b711,PROLIFIC,06-Apr-2020 18:02:11,217,9173,777ac7dc-4962-4870-bd69-1302b7138935,You can find (a/an) rail which can roll/be used for rolling. This distinguishes a certain type of rail from others. ,You can find (a/an) lamp which can read/be used for reading. This distinguishes a certain type of lamp from others. ,You can find (a/an) coat which can cook/be used for cooking. This distinguishes a certain type of coat from others. ,3,1,https://app.prolific.co/submissions/complete?cc=1C969808,64650,b7ed8189-a317-40d0-aee0-5c8bc0c44046,2020-04-06 18:02:11,1289.294,2020-04-06 15:43:19.729000,2020-04-06 16:04:49.023000,12.0,false,variability_limited,roll,rail,../data/prolific_output/run3-group_experiment1/qu70-s_qu70-batch46.csv
qu70-s_qu70-batch46.csv,,NOT AVAILABLE,NOT AVAILABLE,1ebdafcc-fce7-41e2-9d93-aac9e254782e,PROLIFIC,06-Apr-2020 18:00:38,217,9173,777ac7dc-4962-4870-bd69-1302b7138935,You can find (a/an) rail which can roll/be used for rolling. This distinguishes a certain type of rail from others. ,You can find (a/an) lamp which can read/be used for reading. This distinguishes a certain type of lamp from others. ,You can find (a/an) coat which can cook/be used for cooking. This distinguishes a certain type of coat from others. ,3,1,https://app.prolific.co/submissions/complete?cc=1C969808,64497,a11162c1-7f58-427a-b285-4607a003da11,2020-04-06 18:00:38,1424.083,2020-04-06 15:45:14.573000,2020-04-06 16:08:58.656000,29.0,false,variability_limited,roll,rail,../data/prolific_output/run3-group_experiment1/qu70-s_qu70-batch46.csv
qu70-s_qu70-batch46.csv,,NOT AVAILABLE,NOT AVAILABLE,995ae989-0025-45e0-aa77-56eb008cb1d6,PROLIFIC,06-Apr-2020 17:51:15,217,9173,777ac7dc-4962-4870-bd69-1302b7138935,You can find (a/an) rail which can roll/be used for rolling. This distinguishes a certain type of rail from others. ,You can find (a/an) lamp which can read/be used for reading. This distinguishes a certain type of lamp from others. ,You can find (a/an) coat which can cook/be used for cooking. This distinguishes a certain type of coat from others. ,3,1,https://app.prolific.co/submissions/complete?cc=1C969808,63768,04d62874-daa9-4f40-8fea-529c80d242ec,2020-04-06 17:51:15,185.294,2020-04-06 15:48:33.722000,2020-04-06 15:51:39.016000,6.0,false,variability_limited,roll,rail,../data/prolific_output/run3-group_experiment1/qu70-s_qu70-batch46.csv
qu70-s_qu70-batch46.csv,,NOT AVAILABLE,NOT AVAILABLE,fa8d1f1f-9017-4726-9b37-34e97e3f4b5f,PROLIFIC,06-Apr-2020 17:50:08,217,9173,777ac7dc-4962-4870-bd69-1302b7138935,You can find (a/an) rail which can roll/be used for rolling. This distinguishes a certain type of rail from others. ,You can find (a/an) lamp which can read/be used for reading. This distinguishes a certain type of lamp from others. ,You can find (a/an) coat which can cook/be used for cooking. This distinguishes a certain type of coat from others. ,3,1,https://app.prolific.co/submissions/complete?cc=1C969808,63622,68a42110-66e5-4c1d-ba57-cc49116ab63a,2020-04-06 17:50:08,417.94,2020-04-06 15:48:14.268000,2020-04-06 15:55:12.208000,4.0,true,variability_limited,roll,rail,../data/prolific_output/run3-group_experiment1/qu70-s_qu70-batch46.csv
qu70-s_qu70-batch46.csv,,NOT AVAILABLE,NOT AVAILABLE,ff5b40d9-36ab-4b0c-96cd-b8b200165b5f,PROLIFIC,06-Apr-2020 17:56:33,217,9173,777ac7dc-4962-4870-bd69-1302b7138935,You can find (a/an) rail which can roll/be used for rolling. This distinguishes a certain type of rail from others. ,You can find (a/an) lamp which can read/be used for reading. This distinguishes a certain type of lamp from others. ,You can find (a/an) coat which can cook/be used for cooking. This distinguishes a certain type of coat from others. ,3,1,https://app.prolific.co/submissions/complete?cc=1C969808,64134,9cccb5cc-a493-407e-8ddc-5a8a5c73be81,2020-04-06 17:56:33,,,,1.0,true,variability_limited,roll,rail,../data/prolific_output/run3-group_experiment1/qu70-s_qu70-batch46.csv
qu70-s_qu70-batch46.csv,,NOT AVAILABLE,NOT AVAILABLE,def5c589-9118-419e-932b-0f312d0bec25,PROLIFIC,06-Apr-2020 17:51:02,217,9173,777ac7dc-4962-4870-bd69-1302b7138935,You can find (a/an) rail which can roll/be used for rolling. This distinguishes a certain type of rail from others. ,You can find (a/an) lamp which can read/be used for reading. This distinguishes a certain type of lamp from others. ,You can find (a/an) coat which can cook/be used for cooking. This distinguishes a certain type of coat from others. ,3,1,https://app.prolific.co/submissions/complete?cc=1C969808,63742,35f671df-3ef2-4bcd-acff-c481cfb9e864,2020-04-06 17:51:02,,,,6.0,true,variability_limited,roll,rail,../data/prolific_output/run3-group_experiment1/qu70-s_qu70-batch46.csv
qu70-s_qu70-batch46.csv,,NOT AVAILABLE,NOT AVAILABLE,b759a9fb-a047-48ec-b0ee-199261b8060c,PROLIFIC,06-Apr-2020 17:58:22,217,9173,777ac7dc-4962-4870-bd69-1302b7138935,You can find (a/an) rail which can roll/be used for rolling. This distinguishes a certain type of rail from others. ,You can find (a/an) lamp which can read/be used for reading. This distinguishes a certain type of lamp from others. ,You can find (a/an) coat which can cook/be used for cooking. This distinguishes a certain type of coat from others. ,3,1,https://app.prolific.co/submissions/complete?cc=1C969808,64293,3f0daf26-32e6-4777-8b3d-4867f4a1e684,2020-04-06 17:58:22,,,,14.0,true,variability_limited,roll,rail,../data/prolific_output/run3-group_experiment1/qu70-s_qu70-batch46.csv
qu70-s_qu70-batch46.csv,,NOT AVAILABLE,NOT AVAILABLE,ffd3f20d-b154-4bb6-8fa1-7f4ba9967b71,PROLIFIC,06-Apr-2020 17:46:52,217,9174,check3,I am still focused on this task.,France is a country.,Aamsterdam is a country.,3,1,https://app.prolific.co/submissions/complete?cc=1C969808,63369,fb7796c7-b5b5-4a3b-9074-c283127eef0b,2020-04-06 17:46:52,418.472,2020-04-06 15:44:42.650000,2020-04-06 15:51:41.122000,3.0,true,_check,_check3,_check3,../data/prolific_output/run3-group_experiment1/qu70-s_qu70-batch46.csv
qu70-s_qu70-batch46.csv,,NOT AVAILABLE,NOT AVAILABLE,410085b1-018a-439f-a7e3-0bc5ae4f6451,PROLIFIC,06-Apr-2020 17:52:44,217,9174,check3,I am still focused on this task.,France is a country.,Aamsterdam is a country.,3,1,https://app.prolific.co/submissions/complete?cc=1C969808,63890,69f3b94e-0fb8-4152-9d08-cac2a58f5e6b,2020-04-06 17:52:44,1054.76,2020-04-06 15:45:45.354000,2020-04-06 16:03:20.114000,5.0,true,_check,_check3,_check3,../data/prolific_output/run3-group_experiment1/qu70-s_qu70-batch46.csv
qu70-s_qu70-batch46.csv,,NOT AVAILABLE,NOT AVAILABLE,ad3e5bec-9486-4707-b193-4ab747599819,PROLIFIC,06-Apr-2020 18:17:10,217,9174,check3,I am still focused on this task.,France is a country.,Aamsterdam is a country.,3,1,https://app.prolific.co/submissions/complete?cc=1C969808,65177,db5dd0ff-fb16-4136-a236-91623559dd55,2020-04-06 18:17:10,2199.534,2020-04-06 15:45:36.925000,2020-04-06 16:22:16.459000,7.0,true,_check,_check3,_check3,../data/prolific_output/run3-group_experiment1/qu70-s_qu70-batch46.csv
qu70-s_qu70-batch46.csv,,NOT AVAILABLE,NOT AVAILABLE,ad3e5bec-9486-4707-b193-4ab747599819,PROLIFIC,06-Apr-2020 18:10:00,217,9174,check3,I am still focused on this task.,France is a country.,Aamsterdam is a country.,3,1,https://app.prolific.co/submissions/complete?cc=1C969808,65082,f691f54e-5f4c-46fb-b281-de379ae34b8c,2020-04-06 18:10:00,2199.534,2020-04-06 15:45:36.925000,2020-04-06 16:22:16.459000,16.0,true,_check,_check3,_check3,../data/prolific_output/run3-group_experiment1/qu70-s_qu70-batch46.csv
qu70-s_qu70-batch46.csv,,NOT AVAILABLE,NOT AVAILABLE,8116ec6c-df4c-4563-bfeb-943aaba3b711,PROLIFIC,06-Apr-2020 17:50:21,217,9174,check3,I am still focused on this task.,France is a country.,Aamsterdam is a country.,3,1,https://app.prolific.co/submissions/complete?cc=1C969808,63651,e5bdeb64-7ee5-49aa-b8b2-080dfd9464ce,2020-04-06 17:50:21,1289.294,2020-04-06 15:43:19.729000,2020-04-06 16:04:49.023000,6.0,true,_check,_check3,_check3,../data/prolific_output/run3-group_experiment1/qu70-s_qu70-batch46.csv
qu70-s_qu70-batch46.csv,,NOT AVAILABLE,NOT AVAILABLE,1ebdafcc-fce7-41e2-9d93-aac9e254782e,PROLIFIC,06-Apr-2020 18:00:09,217,9174,check3,I am still focused on this task.,France is a country.,Aamsterdam is a country.,3,1,https://app.prolific.co/submissions/complete?cc=1C969808,64448,3dd65cf5-4f8d-4ba0-8c8b-22d9604fa4cb,2020-04-06 18:00:09,1424.083,2020-04-06 15:45:14.573000,2020-04-06 16:08:58.656000,2.0,true,_check,_check3,_check3,../data/prolific_output/run3-group_experiment1/qu70-s_qu70-batch46.csv
qu70-s_qu70-batch46.csv,,NOT AVAILABLE,NOT AVAILABLE,995ae989-0025-45e0-aa77-56eb008cb1d6,PROLIFIC,06-Apr-2020 17:51:25,217,9174,check3,I am still focused on this task.,France is a country.,Aamsterdam is a country.,3,1,https://app.prolific.co/submissions/complete?cc=1C969808,63792,879fa843-7dfd-43ac-ab2c-1e0ae1307e92,2020-04-06 17:51:25,185.294,2020-04-06 15:48:33.722000,2020-04-06 15:51:39.016000,1.0,false,_check,_check3,_check3,../data/prolific_output/run3-group_experiment1/qu70-s_qu70-batch46.csv
qu70-s_qu70-batch46.csv,,NOT AVAILABLE,NOT AVAILABLE,fa8d1f1f-9017-4726-9b37-34e97e3f4b5f,PROLIFIC,06-Apr-2020 17:51:22,217,9174,check3,I am still focused on this task.,France is a country.,Aamsterdam is a country.,3,1,https://app.prolific.co/submissions/complete?cc=1C969808,63783,a0db2c22-5814-4161-879c-45ed868ece0e,2020-04-06 17:51:22,417.94,2020-04-06 15:48:14.268000,2020-04-06 15:55:12.208000,2.0,false,_check,_check3,_check3,../data/prolific_output/run3-group_experiment1/qu70-s_qu70-batch46.csv
qu70-s_qu70-batch46.csv,,NOT AVAILABLE,NOT AVAILABLE,ff5b40d9-36ab-4b0c-96cd-b8b200165b5f,PROLIFIC,06-Apr-2020 17:53:39,217,9174,check3,I am still focused on this task.,France is a country.,Aamsterdam is a country.,3,1,https://app.prolific.co/submissions/complete?cc=1C969808,63929,92287739-98dd-4b8b-b4da-c89771ea47cc,2020-04-06 17:53:39,,,,9.0,false,_check,_check3,_check3,../data/prolific_output/run3-group_experiment1/qu70-s_qu70-batch46.csv
qu70-s_qu70-batch46.csv,,NOT AVAILABLE,NOT AVAILABLE,def5c589-9118-419e-932b-0f312d0bec25,PROLIFIC,06-Apr-2020 17:56:06,217,9174,check3,I am still focused on this task.,France is a country.,Aamsterdam is a country.,3,1,https://app.prolific.co/submissions/complete?cc=1C969808,64082,94aeac92-19d4-46bf-ac6e-cbc50df94571,2020-04-06 17:56:06,,,,7.0,true,_check,_check3,_check3,../data/prolific_output/run3-group_experiment1/qu70-s_qu70-batch46.csv
qu70-s_qu70-batch46.csv,,NOT AVAILABLE,NOT AVAILABLE,b759a9fb-a047-48ec-b0ee-199261b8060c,PROLIFIC,06-Apr-2020 17:57:52,217,9174,check3,I am still focused on this task.,France is a country.,Aamsterdam is a country.,3,1,https://app.prolific.co/submissions/complete?cc=1C969808,64247,0c2494f3-c8e6-4c18-80fe-1fd045746b8e,2020-04-06 17:57:52,,,,6.0,true,_check,_check3,_check3,../data/prolific_output/run3-group_experiment1/qu70-s_qu70-batch46.csv
qu70-s_qu70-batch46.csv,,NOT AVAILABLE,NOT AVAILABLE,ffd3f20d-b154-4bb6-8fa1-7f4ba9967b71,PROLIFIC,06-Apr-2020 17:49:24,217,9175,test2,"""Blue"" is one of the first things which come to mind when I hear ""beer"". ","""Red"" is one of the first things which come to mind when I hear ""blood"".","""Grey"" is one of the first things which come to mind when I hear ""fire"".",3,1,https://app.prolific.co/submissions/complete?cc=1C969808,63546,ef41b9e4-4171-400d-9b34-c172db08e3ef,2020-04-06 17:49:24,418.472,2020-04-06 15:44:42.650000,2020-04-06 15:51:41.122000,3.0,false,test_false,_test2,_test2,../data/prolific_output/run3-group_experiment1/qu70-s_qu70-batch46.csv
qu70-s_qu70-batch46.csv,,NOT AVAILABLE,NOT AVAILABLE,410085b1-018a-439f-a7e3-0bc5ae4f6451,PROLIFIC,06-Apr-2020 17:47:39,217,9175,test2,"""Blue"" is one of the first things which come to mind when I hear ""beer"". ","""Red"" is one of the first things which come to mind when I hear ""blood"".","""Grey"" is one of the first things which come to mind when I hear ""fire"".",3,1,https://app.prolific.co/submissions/complete?cc=1C969808,63433,fb2e1dc8-4dac-4113-beaf-038857feb02f,2020-04-06 17:47:39,1054.76,2020-04-06 15:45:45.354000,2020-04-06 16:03:20.114000,6.0,false,test_false,_test2,_test2,../data/prolific_output/run3-group_experiment1/qu70-s_qu70-batch46.csv
qu70-s_qu70-batch46.csv,,NOT AVAILABLE,NOT AVAILABLE,ad3e5bec-9486-4707-b193-4ab747599819,PROLIFIC,06-Apr-2020 18:20:13,217,9175,test2,"""Blue"" is one of the first things which come to mind when I hear ""beer"". ","""Red"" is one of the first things which come to mind when I hear ""blood"".","""Grey"" is one of the first things which come to mind when I hear ""fire"".",3,1,https://app.prolific.co/submissions/complete?cc=1C969808,65212,6e844f95-e7ea-4873-ba56-171d4a21322c,2020-04-06 18:20:13,2199.534,2020-04-06 15:45:36.925000,2020-04-06 16:22:16.459000,7.0,false,test_false,_test2,_test2,../data/prolific_output/run3-group_experiment1/qu70-s_qu70-batch46.csv
qu70-s_qu70-batch46.csv,,NOT AVAILABLE,NOT AVAILABLE,8116ec6c-df4c-4563-bfeb-943aaba3b711,PROLIFIC,06-Apr-2020 18:01:19,217,9175,test2,"""Blue"" is one of the first things which come to mind when I hear ""beer"". ","""Red"" is one of the first things which come to mind when I hear ""blood"".","""Grey"" is one of the first things which come to mind when I hear ""fire"".",3,1,https://app.prolific.co/submissions/complete?cc=1C969808,64564,9d1360cc-3770-42e7-8a9e-5c809e6ccb88,2020-04-06 18:01:19,1289.294,2020-04-06 15:43:19.729000,2020-04-06 16:04:49.023000,5.0,false,test_false,_test2,_test2,../data/prolific_output/run3-group_experiment1/qu70-s_qu70-batch46.csv
qu70-s_qu70-batch46.csv,,NOT AVAILABLE,NOT AVAILABLE,1ebdafcc-fce7-41e2-9d93-aac9e254782e,PROLIFIC,06-Apr-2020 18:04:33,217,9175,test2,"""Blue"" is one of the first things which come to mind when I hear ""beer"". ","""Red"" is one of the first things which come to mind when I hear ""blood"".","""Grey"" is one of the first things which come to mind when I hear ""fire"".",3,1,https://app.prolific.co/submissions/complete?cc=1C969808,64858,9bfe0e45-850b-42ad-9446-be786236c4f9,2020-04-06 18:04:33,1424.083,2020-04-06 15:45:14.573000,2020-04-06 16:08:58.656000,15.0,false,test_false,_test2,_test2,../data/prolific_output/run3-group_experiment1/qu70-s_qu70-batch46.csv
qu70-s_qu70-batch46.csv,,NOT AVAILABLE,NOT AVAILABLE,995ae989-0025-45e0-aa77-56eb008cb1d6,PROLIFIC,06-Apr-2020 17:49:39,217,9175,test2,"""Blue"" is one of the first things which come to mind when I hear ""beer"". ","""Red"" is one of the first things which come to mind when I hear ""blood"".","""Grey"" is one of the first things which come to mind when I hear ""fire"".",3,1,https://app.prolific.co/submissions/complete?cc=1C969808,63565,4743c0ec-7798-425c-bb42-36cadea07b32,2020-04-06 17:49:39,185.294,2020-04-06 15:48:33.722000,2020-04-06 15:51:39.016000,6.0,false,test_false,_test2,_test2,../data/prolific_output/run3-group_experiment1/qu70-s_qu70-batch46.csv
qu70-s_qu70-batch46.csv,,NOT AVAILABLE,NOT AVAILABLE,fa8d1f1f-9017-4726-9b37-34e97e3f4b5f,PROLIFIC,06-Apr-2020 17:50:38,217,9175,test2,"""Blue"" is one of the first things which come to mind when I hear ""beer"". ","""Red"" is one of the first things which come to mind when I hear ""blood"".","""Grey"" is one of the first things which come to mind when I hear ""fire"".",3,1,https://app.prolific.co/submissions/complete?cc=1C969808,63682,84f587dd-b7b7-486e-9e30-cf012985218b,2020-04-06 17:50:38,417.94,2020-04-06 15:48:14.268000,2020-04-06 15:55:12.208000,1.0,false,test_false,_test2,_test2,../data/prolific_output/run3-group_experiment1/qu70-s_qu70-batch46.csv
qu70-s_qu70-batch46.csv,,NOT AVAILABLE,NOT AVAILABLE,ff5b40d9-36ab-4b0c-96cd-b8b200165b5f,PROLIFIC,06-Apr-2020 17:53:47,217,9175,test2,"""Blue"" is one of the first things which come to mind when I hear ""beer"". ","""Red"" is one of the first things which come to mind when I hear ""blood"".","""Grey"" is one of the first things which come to mind when I hear ""fire"".",3,1,https://app.prolific.co/submissions/complete?cc=1C969808,63934,ff4f4f22-f364-4cd3-8705-9513d804359c,2020-04-06 17:53:47,,,,8.0,true,test_false,_test2,_test2,../data/prolific_output/run3-group_experiment1/qu70-s_qu70-batch46.csv
qu70-s_qu70-batch46.csv,,NOT AVAILABLE,NOT AVAILABLE,def5c589-9118-419e-932b-0f312d0bec25,PROLIFIC,06-Apr-2020 17:50:39,217,9175,test2,"""Blue"" is one of the first things which come to mind when I hear ""beer"". ","""Red"" is one of the first things which come to mind when I hear ""blood"".","""Grey"" is one of the first things which come to mind when I hear ""fire"".",3,1,https://app.prolific.co/submissions/complete?cc=1C969808,63686,1ef9c03c-08bb-4d2b-b378-237ad8233588,2020-04-06 17:50:39,,,,5.0,false,test_false,_test2,_test2,../data/prolific_output/run3-group_experiment1/qu70-s_qu70-batch46.csv
qu70-s_qu70-batch46.csv,,NOT AVAILABLE,NOT AVAILABLE,b759a9fb-a047-48ec-b0ee-199261b8060c,PROLIFIC,06-Apr-2020 17:58:08,217,9175,test2,"""Blue"" is one of the first things which come to mind when I hear ""beer"". ","""Red"" is one of the first things which come to mind when I hear ""blood"".","""Grey"" is one of the first things which come to mind when I hear ""fire"".",3,1,https://app.prolific.co/submissions/complete?cc=1C969808,64271,45d76d3c-7cde-4fe1-9422-5c66102ffe76,2020-04-06 17:58:08,,,,8.0,false,test_false,_test2,_test2,../data/prolific_output/run3-group_experiment1/qu70-s_qu70-batch46.csv
